0.05 0 0 0.0 0.4977 0.5034 0.513
0.05 0 0 0.0 0.4994 0.5131 0.5124
0.05 0 0 0.0 0.4982 0.5116 0.5154
0.05 0 0 0.0 0.4958 0.5171 0.5207
0.05 0 0 0.0 0.4979 0.5178 0.5181
0.05 0 0 0.0 0.4982 0.5272 0.5238
0.05 0 0 0.0 0.4908 0.6164 0.6215
0.05 0 0 0.0 0.4921 0.6171 0.6214
0.05 0 0 0.0 0.4913 0.6178 0.6239
0.05 0 0 0.0 0.4909 0.6169 0.6225
0.05 0 0 0.0 0.4912 0.6164 0.6216
0.05 0 0 0.0 0.4909 0.6192 0.6186
0.05 0 0 0.0 0.4908 0.6148 0.6239
0.1 0 0 0.0 0.4977 0.5034 0.513
0.1 0 0 0.0 0.4994 0.5131 0.5124
0.1 0 0 0.0 0.4982 0.5116 0.5154
0.1 0 0 0.0 0.4958 0.5171 0.5207
0.1 0 0 0.0 0.4979 0.5178 0.5181
0.1 0 0 0.0 0.4982 0.5272 0.5238
0.1 0 0 0.0 0.4908 0.6164 0.6215
0.1 0 0 0.0 0.4921 0.6171 0.6214
0.1 0 0 0.0 0.4913 0.6178 0.6239
0.1 0 0 0.0 0.4909 0.6169 0.6225
0.1 0 0 0.0 0.4912 0.6164 0.6216
0.1 0 0 0.0 0.4909 0.6192 0.6186
0.1 0 0 0.0 0.4908 0.6148 0.6239
0.2 0 0 0.0 0.4977 0.5034 0.513
0.2 0 0 0.0 0.4994 0.5131 0.5124
0.2 0 0 0.0 0.4982 0.5116 0.5154
0.2 0 0 0.0 0.4958 0.5171 0.5207
0.2 0 0 0.0 0.4979 0.5178 0.5181
0.2 0 0 0.0 0.4982 0.5272 0.5238
0.2 0 0 0.0 0.4908 0.6164 0.6215
0.2 0 0 0.0 0.4921 0.6171 0.6214
0.2 0 0 0.0 0.4913 0.6178 0.6239
0.2 0 0 0.0 0.4909 0.6169 0.6225
0.2 0 0 0.0 0.4912 0.6164 0.6216
0.2 0 0 0.0 0.4909 0.6192 0.6186
0.2 0 0 0.0 0.4908 0.6148 0.6239
0.25 0 0 0.0 0.4977 0.5034 0.513
0.25 0 0 0.0 0.4994 0.5131 0.5124
0.25 0 0 0.0 0.4982 0.5116 0.5154
0.25 0 0 0.0 0.4958 0.5171 0.5207
0.25 0 0 0.0 0.4979 0.5178 0.5181
0.25 0 0 0.0 0.4982 0.5272 0.5238
0.25 0 0 0.0 0.4908 0.6164 0.6215
0.25 0 0 0.0 0.4921 0.6171 0.6214
0.25 0 0 0.0 0.4913 0.6178 0.6239
0.25 0 0 0.0 0.4909 0.6169 0.6225
0.25 0 0 0.0 0.4912 0.6164 0.6216
0.25 0 0 0.0 0.4909 0.6192 0.6186
0.25 0 0 0.0 0.4908 0.6148 0.6239
0.3 0 0 0.0 0.4977 0.5034 0.513
0.3 0 0 0.0 0.4994 0.5131 0.5124
0.3 0 0 0.0 0.4982 0.5116 0.5154
0.3 0 0 0.0 0.4958 0.5171 0.5207
0.3 0 0 0.0 0.4979 0.5178 0.5181
0.3 0 0 0.0 0.4982 0.5272 0.5238
0.3 0 0 0.0 0.4908 0.6164 0.6215
0.3 0 0 0.0 0.4921 0.6171 0.6214
0.3 0 0 0.0 0.4913 0.6178 0.6239
0.3 0 0 0.0 0.4909 0.6169 0.6225
0.3 0 0 0.0 0.4912 0.6164 0.6216
0.3 0 0 0.0 0.4909 0.6192 0.6186
0.3 0 0 0.0 0.4908 0.6148 0.6239
0.35 0 0 0.0 0.4977 0.5034 0.513
0.35 0 0 0.0 0.4994 0.5131 0.5124
0.35 0 0 0.0 0.4982 0.5116 0.5154
0.35 0 0 0.0 0.4958 0.5171 0.5207
0.35 0 0 0.0 0.4979 0.5178 0.5181
0.35 0 0 0.0 0.4982 0.5272 0.5238
0.35 0 0 0.0 0.4908 0.6164 0.6215
0.35 0 0 0.0 0.4921 0.6171 0.6214
0.35 0 0 0.0 0.4913 0.6178 0.6239
0.35 0 0 0.0 0.4909 0.6169 0.6225
0.35 0 0 0.0 0.4912 0.6164 0.6216
0.35 0 0 0.0 0.4909 0.6192 0.6186
0.35 0 0 0.0 0.4908 0.6148 0.6239
0.4 0 0 0.0 0.4977 0.5034 0.513
0.4 0 0 0.0 0.4994 0.5131 0.5124
0.4 0 0 0.0 0.4982 0.5116 0.5154
0.4 0 0 0.0 0.4958 0.5171 0.5207
0.4 0 0 0.0 0.4979 0.5178 0.5181
0.4 0 0 0.0 0.4982 0.5272 0.5238
0.4 0 0 0.0 0.4908 0.6164 0.6215
0.4 0 0 0.0 0.4921 0.6171 0.6214
0.4 0 0 0.0 0.4913 0.6178 0.6239
0.4 0 0 0.0 0.4909 0.6169 0.6225
0.4 0 0 0.0 0.4912 0.6164 0.6216
0.4 0 0 0.0 0.4909 0.6192 0.6186
0.4 0 0 0.0 0.4908 0.6148 0.6239
0.45 0 0 0.0 0.4977 0.5034 0.513
0.45 0 0 0.0 0.4994 0.5131 0.5124
0.45 0 0 0.0 0.4982 0.5116 0.5154
0.45 0 0 0.0 0.4958 0.5171 0.5207
0.45 0 0 0.0 0.4979 0.5178 0.5181
0.45 0 0 0.0 0.4982 0.5272 0.5238
0.45 0 0 0.0 0.4908 0.6164 0.6215
0.45 0 0 0.0 0.4921 0.6171 0.6214
0.45 0 0 0.0 0.4913 0.6178 0.6239
0.45 0 0 0.0 0.4909 0.6169 0.6225
0.45 0 0 0.0 0.4912 0.6164 0.6216
0.45 0 0 0.0 0.4909 0.6192 0.6186
0.45 0 0 0.0 0.4908 0.6148 0.6239
0.5 0 0 0.0 0.4977 0.5034 0.513
0.5 0 0 0.0 0.4994 0.5131 0.5124
0.5 0 0 0.0 0.4982 0.5116 0.5154
0.5 0 0 0.0 0.4958 0.5171 0.5207
0.5 0 0 0.0 0.4979 0.5178 0.5181
0.5 0 0 0.0 0.4982 0.5272 0.5238
0.5 0 0 0.0 0.4908 0.6164 0.6215
0.5 0 0 0.0 0.4921 0.6171 0.6214
0.5 0 0 0.0 0.4913 0.6178 0.6239
0.5 0 0 0.0 0.4909 0.6169 0.6225
0.5 0 0 0.0 0.4912 0.6164 0.6216
0.5 0 0 0.0 0.4909 0.6192 0.6186
0.5 0 0 0.0 0.4908 0.6148 0.6239
0.6 0 0 0.0 0.4977 0.5034 0.513
0.6 0 0 0.0 0.4994 0.5131 0.5124
0.6 0 0 0.0 0.4982 0.5116 0.5154
0.6 0 0 0.0 0.4958 0.5171 0.5207
0.6 0 0 0.0 0.4979 0.5178 0.5181
0.6 0 0 0.0 0.4982 0.5272 0.5238
0.6 0 0 0.0 0.4908 0.6164 0.6215
0.6 0 0 0.0 0.4921 0.6171 0.6214
0.6 0 0 0.0 0.4913 0.6178 0.6239
0.6 0 0 0.0 0.4909 0.6169 0.6225
0.6 0 0 0.0 0.4912 0.6164 0.6216
0.6 0 0 0.0 0.4909 0.6192 0.6186
0.6 0 0 0.0 0.4908 0.6148 0.6239
0.7 0 0 0.0 0.4977 0.5034 0.513
0.7 0 0 0.0 0.4994 0.5131 0.5124
0.7 0 0 0.0 0.4982 0.5116 0.5154
0.7 0 0 0.0 0.4958 0.5171 0.5207
0.7 0 0 0.0 0.4979 0.5178 0.5181
0.7 0 0 0.0 0.4982 0.5272 0.5238
0.7 0 0 0.0 0.4908 0.6164 0.6215
0.7 0 0 0.0 0.4921 0.6171 0.6214
0.7 0 0 0.0 0.4913 0.6178 0.6239
0.7 0 0 0.0 0.4909 0.6169 0.6225
0.7 0 0 0.0 0.4912 0.6164 0.6216
0.7 0 0 0.0 0.4909 0.6192 0.6186
0.7 0 0 0.0 0.4908 0.6148 0.6239
0.8 0 0 0.0 0.4977 0.5034 0.513
0.8 0 0 0.0 0.4994 0.5131 0.5124
0.8 0 0 0.0 0.4982 0.5116 0.5154
0.8 0 0 0.0 0.4958 0.5171 0.5207
0.8 0 0 0.0 0.4979 0.5178 0.5181
0.8 0 0 0.0 0.4982 0.5272 0.5238
0.8 0 0 0.0 0.4908 0.6164 0.6215
0.8 0 0 0.0 0.4921 0.6171 0.6214
0.8 0 0 0.0 0.4913 0.6178 0.6239
0.8 0 0 0.0 0.4909 0.6169 0.6225
0.8 0 0 0.0 0.4912 0.6164 0.6216
0.8 0 0 0.0 0.4909 0.6192 0.6186
0.8 0 0 0.0 0.4908 0.6148 0.6239
0.9 0 0 0.0 0.4977 0.5034 0.513
0.9 0 0 0.0 0.4994 0.5131 0.5124
0.9 0 0 0.0 0.4982 0.5116 0.5154
0.9 0 0 0.0 0.4958 0.5171 0.5207
0.9 0 0 0.0 0.4979 0.5178 0.5181
0.9 0 0 0.0 0.4982 0.5272 0.5238
0.9 0 0 0.0 0.4908 0.6164 0.6215
0.9 0 0 0.0 0.4921 0.6171 0.6214
0.9 0 0 0.0 0.4913 0.6178 0.6239
0.9 0 0 0.0 0.4909 0.6169 0.6225
0.9 0 0 0.0 0.4912 0.6164 0.6216
0.9 0 0 0.0 0.4909 0.6192 0.6186
0.9 0 0 0.0 0.4908 0.6148 0.6239
