0.05 0.05 25 0.0
0.05 0.05 50 0.0
0.05 0.05 75 0.0
0.05 0.05 100 0.0
0.05 0.05 250 0.0
0.05 0.15 25 0.0
0.05 0.15 50 0.0
0.05 0.15 75 0.0
0.05 0.15 100 0.0
0.05 0.15 250 0.0
0.05 0.3 25 0.0
0.05 0.3 50 0.0
0.05 0.3 75 0.0
0.05 0.3 100 0.0
0.05 0.3 250 0.0
0.05 0.4 25 0.0
0.05 0.4 50 0.0
0.05 0.4 75 0.0
0.05 0.4 100 0.0
0.05 0.4 250 0.0
0.05 0.5 25 0.0
0.05 0.5 50 0.0
0.05 0.5 75 0.0
0.05 0.5 100 0.0
0.05 0.5 250 0.0
0.05 0.6 25 0.0
0.05 0.6 50 0.0
0.05 0.6 75 0.0
0.05 0.6 100 0.0
0.05 0.6 250 0.0
0.05 0.7 25 0.0
0.05 0.7 50 0.0
0.05 0.7 75 0.0
0.05 0.7 100 0.0
0.05 0.7 250 0.0
0.05 0.8 25 0.0
0.05 0.8 50 0.0
0.05 0.8 75 0.0
0.05 0.8 100 0.0
0.05 0.8 250 0.0
0.05 0.9 25 0.0
0.05 0.9 50 0.0
0.05 0.9 75 0.0
0.05 0.9 100 0.0
0.05 0.9 250 0.0
0.05 1.0 25 0.0
0.05 1.0 50 0.0
0.05 1.0 75 0.0
0.05 1.0 100 0.0
0.05 1.0 250 0.0
0.1 0.05 25 0.0
0.1 0.05 50 0.0
0.1 0.05 75 0.0
0.1 0.05 100 0.0
0.1 0.05 250 0.0
0.1 0.15 25 0.0
0.1 0.15 50 0.0
0.1 0.15 75 0.0
0.1 0.15 100 0.0
0.1 0.15 250 0.0
0.1 0.3 25 0.0
0.1 0.3 50 0.0
0.1 0.3 75 0.0
0.1 0.3 100 0.0
0.1 0.3 250 0.0
0.1 0.4 25 0.0
0.1 0.4 50 0.0
0.1 0.4 75 0.0
0.1 0.4 100 0.0
0.1 0.4 250 0.0
0.1 0.5 25 0.0
0.1 0.5 50 0.0
0.1 0.5 75 0.0
0.1 0.5 100 0.0
0.1 0.5 250 0.0
0.1 0.6 25 0.0
0.1 0.6 50 0.0
0.1 0.6 75 0.0
0.1 0.6 100 0.0
0.1 0.6 250 0.0
0.1 0.7 25 0.0
0.1 0.7 50 0.0
0.1 0.7 75 0.0
0.1 0.7 100 0.0
0.1 0.7 250 0.0
0.1 0.8 25 0.0
0.1 0.8 50 0.0
0.1 0.8 75 0.0
0.1 0.8 100 0.0
0.1 0.8 250 0.0
0.1 0.9 25 0.0
0.1 0.9 50 0.0
0.1 0.9 75 0.0
0.1 0.9 100 0.0
0.1 0.9 250 0.0
0.1 1.0 25 0.0
0.1 1.0 50 0.0
0.1 1.0 75 0.0
0.1 1.0 100 0.0
0.1 1.0 250 0.0
0.2 0.05 25 0.0
0.2 0.05 50 0.0
0.2 0.05 75 0.0
0.2 0.05 100 0.0
0.2 0.05 250 0.0
0.2 0.15 25 0.0
0.2 0.15 50 0.0
0.2 0.15 75 0.0
0.2 0.15 100 0.0
0.2 0.15 250 0.0
0.2 0.3 25 0.0
0.2 0.3 50 0.0
0.2 0.3 75 0.0
0.2 0.3 100 0.0
0.2 0.3 250 0.0
0.2 0.4 25 0.0
0.2 0.4 50 0.0
0.2 0.4 75 0.0
0.2 0.4 100 0.0
0.2 0.4 250 0.0
0.2 0.5 25 0.0
0.2 0.5 50 0.0
0.2 0.5 75 0.0
0.2 0.5 100 0.0
0.2 0.5 250 0.0
0.2 0.6 25 0.0
0.2 0.6 50 0.0
0.2 0.6 75 0.0
0.2 0.6 100 0.0
0.2 0.6 250 0.0
0.2 0.7 25 0.0
0.2 0.7 50 0.0
0.2 0.7 75 0.0
0.2 0.7 100 0.0
0.2 0.7 250 0.0
0.2 0.8 25 0.0
0.2 0.8 50 0.0
0.2 0.8 75 0.0
0.2 0.8 100 0.0
0.2 0.8 250 0.0
0.2 0.9 25 0.0
0.2 0.9 50 0.0
0.2 0.9 75 0.0
0.2 0.9 100 0.0
0.2 0.9 250 0.0
0.2 1.0 25 0.0
0.2 1.0 50 0.0
0.2 1.0 75 0.0
0.2 1.0 100 0.0
0.2 1.0 250 0.0
0.25 0.05 25 0.0
0.25 0.05 50 0.0
0.25 0.05 75 0.0
0.25 0.05 100 0.0
0.25 0.05 250 0.0
0.25 0.15 25 0.0
0.25 0.15 50 0.0
0.25 0.15 75 0.0
0.25 0.15 100 0.0
0.25 0.15 250 0.0
0.25 0.3 25 0.0
0.25 0.3 50 0.0
0.25 0.3 75 0.0
0.25 0.3 100 0.0
0.25 0.3 250 0.0
0.25 0.4 25 0.0
0.25 0.4 50 0.0
0.25 0.4 75 0.0
0.25 0.4 100 0.0
0.25 0.4 250 0.0
0.25 0.5 25 0.0
0.25 0.5 50 0.0
0.25 0.5 75 0.0
0.25 0.5 100 0.0
0.25 0.5 250 0.0
0.25 0.6 25 0.0
0.25 0.6 50 0.0
0.25 0.6 75 0.0
0.25 0.6 100 0.0
0.25 0.6 250 0.0
0.25 0.7 25 0.0
0.25 0.7 50 0.0
0.25 0.7 75 0.0
0.25 0.7 100 0.0
0.25 0.7 250 0.0
0.25 0.8 25 0.0
0.25 0.8 50 0.0
0.25 0.8 75 0.0
0.25 0.8 100 0.0
0.25 0.8 250 0.0
0.25 0.9 25 0.0
0.25 0.9 50 0.0
0.25 0.9 75 0.0
0.25 0.9 100 0.0
0.25 0.9 250 0.0
0.25 1.0 25 0.0
0.25 1.0 50 0.0
0.25 1.0 75 0.0
0.25 1.0 100 0.0
0.25 1.0 250 0.0
0.3 0.05 25 0.0
0.3 0.05 50 0.0
0.3 0.05 75 0.0
0.3 0.05 100 0.0
0.3 0.05 250 0.0
0.3 0.15 25 0.0
0.3 0.15 50 0.0
0.3 0.15 75 0.0
0.3 0.15 100 0.0
0.3 0.15 250 0.0
0.3 0.3 25 0.0
0.3 0.3 50 0.0
0.3 0.3 75 0.0
0.3 0.3 100 0.0
0.3 0.3 250 0.0
0.3 0.4 25 0.0
0.3 0.4 50 0.0
0.3 0.4 75 0.0
0.3 0.4 100 0.0
0.3 0.4 250 0.0
0.3 0.5 25 0.0
0.3 0.5 50 0.0
0.3 0.5 75 0.0
0.3 0.5 100 0.0
0.3 0.5 250 0.0
0.3 0.6 25 0.0
0.3 0.6 50 0.0
0.3 0.6 75 0.0
0.3 0.6 100 0.0
0.3 0.6 250 0.0
0.3 0.7 25 0.0
0.3 0.7 50 0.0
0.3 0.7 75 0.0
0.3 0.7 100 0.0
0.3 0.7 250 0.0
0.3 0.8 25 0.0
0.3 0.8 50 0.0
0.3 0.8 75 0.0
0.3 0.8 100 0.0
0.3 0.8 250 0.0
0.3 0.9 25 0.0
0.3 0.9 50 0.0
0.3 0.9 75 0.0
0.3 0.9 100 0.0
0.3 0.9 250 0.0
0.3 1.0 25 0.0
0.3 1.0 50 0.0
0.3 1.0 75 0.0
0.3 1.0 100 0.0
0.3 1.0 250 0.0
0.35 0.05 25 0.0
0.35 0.05 50 0.0
0.35 0.05 75 0.0
0.35 0.05 100 0.0
0.35 0.05 250 0.0
0.35 0.15 25 0.0
0.35 0.15 50 0.0
0.35 0.15 75 0.0
0.35 0.15 100 0.0
0.35 0.15 250 0.0
0.35 0.3 25 0.0
0.35 0.3 50 0.0
0.35 0.3 75 0.0
0.35 0.3 100 0.0
0.35 0.3 250 0.0
0.35 0.4 25 0.0
0.35 0.4 50 0.0
0.35 0.4 75 0.0
0.35 0.4 100 0.0
0.35 0.4 250 0.0
0.35 0.5 25 0.0
0.35 0.5 50 0.0
0.35 0.5 75 0.0
0.35 0.5 100 0.0
0.35 0.5 250 0.0
0.35 0.6 25 0.0
0.35 0.6 50 0.0
0.35 0.6 75 0.0
0.35 0.6 100 0.0
0.35 0.6 250 0.0
0.35 0.7 25 0.0
0.35 0.7 50 0.0
0.35 0.7 75 0.0
0.35 0.7 100 0.0
0.35 0.7 250 0.0
0.35 0.8 25 0.0
0.35 0.8 50 0.0
0.35 0.8 75 0.0
0.35 0.8 100 0.0
0.35 0.8 250 0.0
0.35 0.9 25 0.0
0.35 0.9 50 0.0
0.35 0.9 75 0.0
0.35 0.9 100 0.0
0.35 0.9 250 0.0
0.35 1.0 25 0.0
0.35 1.0 50 0.0
0.35 1.0 75 0.0
0.35 1.0 100 0.0
0.35 1.0 250 0.0
0.4 0.05 25 0.0
0.4 0.05 50 0.0
0.4 0.05 75 0.0
0.4 0.05 100 0.0
0.4 0.05 250 0.0
0.4 0.15 25 0.0
0.4 0.15 50 0.0
0.4 0.15 75 0.0
0.4 0.15 100 0.0
0.4 0.15 250 0.0
0.4 0.3 25 0.0
0.4 0.3 50 0.0
0.4 0.3 75 0.0
0.4 0.3 100 0.0
0.4 0.3 250 0.0
0.4 0.4 25 0.0
0.4 0.4 50 0.0
0.4 0.4 75 0.0
0.4 0.4 100 0.0
0.4 0.4 250 0.0
0.4 0.5 25 0.0
0.4 0.5 50 0.0
0.4 0.5 75 0.0
0.4 0.5 100 0.0
0.4 0.5 250 0.0
0.4 0.6 25 0.0
0.4 0.6 50 0.0
0.4 0.6 75 0.0
0.4 0.6 100 0.0
0.4 0.6 250 0.0
0.4 0.7 25 0.0
0.4 0.7 50 0.0
0.4 0.7 75 0.0
0.4 0.7 100 0.0
0.4 0.7 250 0.0
0.4 0.8 25 0.0
0.4 0.8 50 0.0
0.4 0.8 75 0.0
0.4 0.8 100 0.0
0.4 0.8 250 0.0
0.4 0.9 25 0.0
0.4 0.9 50 0.0
0.4 0.9 75 0.0
0.4 0.9 100 0.0
0.4 0.9 250 0.0
0.4 1.0 25 0.0
0.4 1.0 50 0.0
0.4 1.0 75 0.0
0.4 1.0 100 0.0
0.4 1.0 250 0.0
0.45 0.05 25 0.0
0.45 0.05 50 0.0
0.45 0.05 75 0.0
0.45 0.05 100 0.0
0.45 0.05 250 0.0
0.45 0.15 25 0.0
0.45 0.15 50 0.0
0.45 0.15 75 0.0
0.45 0.15 100 0.0
0.45 0.15 250 0.0
0.45 0.3 25 0.0
0.45 0.3 50 0.0
0.45 0.3 75 0.0
0.45 0.3 100 0.0
0.45 0.3 250 0.0
0.45 0.4 25 0.0
0.45 0.4 50 0.0
0.45 0.4 75 0.0
0.45 0.4 100 0.0
0.45 0.4 250 0.0
0.45 0.5 25 0.0
0.45 0.5 50 0.0
0.45 0.5 75 0.0
0.45 0.5 100 0.0
0.45 0.5 250 0.0
0.45 0.6 25 0.0
0.45 0.6 50 0.0
0.45 0.6 75 0.0
0.45 0.6 100 0.0
0.45 0.6 250 0.0
0.45 0.7 25 0.0
0.45 0.7 50 0.0
0.45 0.7 75 0.0
0.45 0.7 100 0.0
0.45 0.7 250 0.0
0.45 0.8 25 0.0
0.45 0.8 50 0.0
0.45 0.8 75 0.0
0.45 0.8 100 0.0
0.45 0.8 250 0.0
0.45 0.9 25 0.0
0.45 0.9 50 0.0
0.45 0.9 75 0.0
0.45 0.9 100 0.0
0.45 0.9 250 0.0
0.45 1.0 25 0.0
0.45 1.0 50 0.0
0.45 1.0 75 0.0
0.45 1.0 100 0.0
0.45 1.0 250 0.0
0.5 0.05 25 0.0
0.5 0.05 50 0.0
0.5 0.05 75 0.0
0.5 0.05 100 0.0
0.5 0.05 250 0.0
0.5 0.15 25 0.0
0.5 0.15 50 0.0
0.5 0.15 75 0.0
0.5 0.15 100 0.0
0.5 0.15 250 0.0
0.5 0.3 25 0.0
0.5 0.3 50 0.0
0.5 0.3 75 0.0
0.5 0.3 100 0.0
0.5 0.3 250 0.0
0.5 0.4 25 0.0
0.5 0.4 50 0.0
0.5 0.4 75 0.0
0.5 0.4 100 0.0
0.5 0.4 250 0.0
0.5 0.5 25 0.0
0.5 0.5 50 0.0
0.5 0.5 75 0.0
0.5 0.5 100 0.0
0.5 0.5 250 0.0
0.5 0.6 25 0.0
0.5 0.6 50 0.0
0.5 0.6 75 0.0
0.5 0.6 100 0.0
0.5 0.6 250 0.0
0.5 0.7 25 0.0
0.5 0.7 50 0.0
0.5 0.7 75 0.0
0.5 0.7 100 0.0
0.5 0.7 250 0.0
0.5 0.8 25 0.0
0.5 0.8 50 0.0
0.5 0.8 75 0.0
0.5 0.8 100 0.0
0.5 0.8 250 0.0
0.5 0.9 25 0.0
0.5 0.9 50 0.0
0.5 0.9 75 0.0
0.5 0.9 100 0.0
0.5 0.9 250 0.0
0.5 1.0 25 0.0
0.5 1.0 50 0.0
0.5 1.0 75 0.0
0.5 1.0 100 0.0
0.5 1.0 250 0.0
0.6 0.05 25 0.0
0.6 0.05 50 0.0
0.6 0.05 75 0.0
0.6 0.05 100 0.0
0.6 0.05 250 0.0
0.6 0.15 25 0.0
0.6 0.15 50 0.0
0.6 0.15 75 0.0
0.6 0.15 100 0.0
0.6 0.15 250 0.0
0.6 0.3 25 0.0
0.6 0.3 50 0.0
0.6 0.3 75 0.0
0.6 0.3 100 0.0
0.6 0.3 250 0.0
0.6 0.4 25 0.0
0.6 0.4 50 0.0
0.6 0.4 75 0.0
0.6 0.4 100 0.0
0.6 0.4 250 0.0
0.6 0.5 25 0.0
0.6 0.5 50 0.0
0.6 0.5 75 0.0
0.6 0.5 100 0.0
0.6 0.5 250 0.0
0.6 0.6 25 0.0
0.6 0.6 50 0.0
0.6 0.6 75 0.0
0.6 0.6 100 0.0
0.6 0.6 250 0.0
0.6 0.7 25 0.0
0.6 0.7 50 0.0
0.6 0.7 75 0.0
0.6 0.7 100 0.0
0.6 0.7 250 0.0
0.6 0.8 25 0.0
0.6 0.8 50 0.0
0.6 0.8 75 0.0
0.6 0.8 100 0.0
0.6 0.8 250 0.0
0.6 0.9 25 0.0
0.6 0.9 50 0.0
0.6 0.9 75 0.0
0.6 0.9 100 0.0
0.6 0.9 250 0.0
0.6 1.0 25 0.0
0.6 1.0 50 0.0
0.6 1.0 75 0.0
0.6 1.0 100 0.0
0.6 1.0 250 0.0
0.7 0.05 25 0.0
0.7 0.05 50 0.0
0.7 0.05 75 0.0
0.7 0.05 100 0.0
0.7 0.05 250 0.0
0.7 0.15 25 0.0
0.7 0.15 50 0.0
0.7 0.15 75 0.0
0.7 0.15 100 0.0
0.7 0.15 250 0.0
0.7 0.3 25 0.0
0.7 0.3 50 0.0
0.7 0.3 75 0.0
0.7 0.3 100 0.0
0.7 0.3 250 0.0
0.7 0.4 25 0.0
0.7 0.4 50 0.0
0.7 0.4 75 0.0
0.7 0.4 100 0.0
0.7 0.4 250 0.0
0.7 0.5 25 0.0
0.7 0.5 50 0.0
0.7 0.5 75 0.0
0.7 0.5 100 0.0
0.7 0.5 250 0.0
0.7 0.6 25 0.0
0.7 0.6 50 0.0
0.7 0.6 75 0.0
0.7 0.6 100 0.0
0.7 0.6 250 0.0
0.7 0.7 25 0.0
0.7 0.7 50 0.0
0.7 0.7 75 0.0
0.7 0.7 100 0.0
0.7 0.7 250 0.0
0.7 0.8 25 0.0
0.7 0.8 50 0.0
0.7 0.8 75 0.0
0.7 0.8 100 0.0
0.7 0.8 250 0.0
0.7 0.9 25 0.0
0.7 0.9 50 0.0
0.7 0.9 75 0.0
0.7 0.9 100 0.0
0.7 0.9 250 0.0
0.7 1.0 25 0.0
0.7 1.0 50 0.0
0.7 1.0 75 0.0
0.7 1.0 100 0.0
0.7 1.0 250 0.0
0.8 0.05 25 0.0
0.8 0.05 50 0.0
0.8 0.05 75 0.0
0.8 0.05 100 0.0
0.8 0.05 250 0.0
0.8 0.15 25 0.0
0.8 0.15 50 0.0
0.8 0.15 75 0.0
0.8 0.15 100 0.0
0.8 0.15 250 0.0
0.8 0.3 25 0.0
0.8 0.3 50 0.0
0.8 0.3 75 0.0
0.8 0.3 100 0.0
0.8 0.3 250 0.0
0.8 0.4 25 0.0
0.8 0.4 50 0.0
0.8 0.4 75 0.0
0.8 0.4 100 0.0
0.8 0.4 250 0.0
0.8 0.5 25 0.0
0.8 0.5 50 0.0
0.8 0.5 75 0.0
0.8 0.5 100 0.0
0.8 0.5 250 0.0
0.8 0.6 25 0.0
0.8 0.6 50 0.0
0.8 0.6 75 0.0
0.8 0.6 100 0.0
0.8 0.6 250 0.0
0.8 0.7 25 0.0
0.8 0.7 50 0.0
0.8 0.7 75 0.0
0.8 0.7 100 0.0
0.8 0.7 250 0.0
0.8 0.8 25 0.0
0.8 0.8 50 0.0
0.8 0.8 75 0.0
0.8 0.8 100 0.0
0.8 0.8 250 0.0
0.8 0.9 25 0.0
0.8 0.9 50 0.0
0.8 0.9 75 0.0
0.8 0.9 100 0.0
0.8 0.9 250 0.0
0.8 1.0 25 0.0
0.8 1.0 50 0.0
0.8 1.0 75 0.0
0.8 1.0 100 0.0
0.8 1.0 250 0.0
0.9 0.05 25 0.0
0.9 0.05 50 0.0
0.9 0.05 75 0.0
0.9 0.05 100 0.0
0.9 0.05 250 0.0
0.9 0.15 25 0.0
0.9 0.15 50 0.0
0.9 0.15 75 0.0
0.9 0.15 100 0.0
0.9 0.15 250 0.0
0.9 0.3 25 0.0
0.9 0.3 50 0.0
0.9 0.3 75 0.0
0.9 0.3 100 0.0
0.9 0.3 250 0.0
0.9 0.4 25 0.0
0.9 0.4 50 0.0
0.9 0.4 75 0.0
0.9 0.4 100 0.0
0.9 0.4 250 0.0
0.9 0.5 25 0.0
0.9 0.5 50 0.0
0.9 0.5 75 0.0
0.9 0.5 100 0.0
0.9 0.5 250 0.0
0.9 0.6 25 0.0
0.9 0.6 50 0.0
0.9 0.6 75 0.0
0.9 0.6 100 0.0
0.9 0.6 250 0.0
0.9 0.7 25 0.0
0.9 0.7 50 0.0
0.9 0.7 75 0.0
0.9 0.7 100 0.0
0.9 0.7 250 0.0
0.9 0.8 25 0.0
0.9 0.8 50 0.0
0.9 0.8 75 0.0
0.9 0.8 100 0.0
0.9 0.8 250 0.0
0.9 0.9 25 0.0
0.9 0.9 50 0.0
0.9 0.9 75 0.0
0.9 0.9 100 0.0
0.9 0.9 250 0.0
0.9 1.0 25 0.0
0.9 1.0 50 0.0
0.9 1.0 75 0.0
0.9 1.0 100 0.0
0.9 1.0 250 0.0
