0.05 0.4
0.05 0.5
0.05 0.6
0.05 0.7
0.05 0.8
0.1 0.4
0.1 0.5
0.1 0.6
0.1 0.7
0.1 0.8
0.2 0.4
0.2 0.5
0.2 0.6
0.2 0.7
0.2 0.8
0.25 0.4
0.25 0.5
0.25 0.6
0.25 0.7
0.25 0.8
0.3 0.4
0.3 0.5
0.3 0.6
0.3 0.7
0.3 0.8
0.35 0.4
0.35 0.5
0.35 0.6
0.35 0.7
0.35 0.8
0.4 0.4
0.4 0.5
0.4 0.6
0.4 0.7
0.4 0.8
0.45 0.4
0.45 0.5
0.45 0.6
0.45 0.7
0.45 0.8
0.5 0.4
0.5 0.5
0.5 0.6
0.5 0.7
0.5 0.8
0.6 0.4
0.6 0.5
0.6 0.6
0.6 0.7
0.6 0.8
0.7 0.4
0.7 0.5
0.7 0.6
0.7 0.7
0.7 0.8
0.8 0.4
0.8 0.5
0.8 0.6
0.8 0.7
0.8 0.8
0.9 0.4
0.9 0.5
0.9 0.6
0.9 0.7
0.9 0.8
