0.7 0.4 2 0.0
0.7 0.4 5 0.0
0.7 0.4 10 0.0
0.7 0.5 2 0.0
0.7 0.5 5 0.0
0.7 0.5 10 0.0
0.7 0.6 2 0.0
0.7 0.6 5 0.0
0.7 0.6 10 0.0
0.7 0.7 2 0.0
0.7 0.7 5 0.0
0.7 0.7 10 0.0
0.7 0.9 2 0.0
0.7 0.9 5 0.0
0.7 0.9 10 0.0
0.7 1.0 2 0.0
0.7 1.0 5 0.0
0.7 1.0 10 0.0
0.8 0.05 2 0.0
0.8 0.05 5 0.0
0.8 0.05 10 0.0
0.8 0.15 2 0.0
0.8 0.15 5 0.0
0.8 0.15 10 0.0
0.8 0.3 2 0.0
0.8 0.3 5 0.0
0.8 0.3 10 0.0
0.8 0.4 2 0.0
0.8 0.4 5 0.0
0.8 0.4 10 0.0
0.8 0.5 2 0.0
0.8 0.5 5 0.0
0.8 0.5 10 0.0
0.8 0.6 2 0.0
0.8 0.6 5 0.0
0.8 0.6 10 0.0
0.8 0.7 2 0.0
0.8 0.7 5 0.0
0.8 0.7 10 0.0
0.8 0.9 2 0.0
0.8 0.9 5 0.0
0.8 0.9 10 0.0
0.8 1.0 2 0.0
0.8 1.0 5 0.0
0.8 1.0 10 0.0
0.9 0.05 2 0.0
0.9 0.05 5 0.0
0.9 0.05 10 0.0
0.9 0.15 2 0.0
0.9 0.15 5 0.0
0.9 0.15 10 0.0
0.9 0.3 2 0.0
0.9 0.3 5 0.0
0.9 0.3 10 0.0
0.9 0.4 2 0.0
0.9 0.4 5 0.0
0.9 0.4 10 0.0
0.9 0.5 2 0.0
0.9 0.5 5 0.0
0.9 0.5 10 0.0
0.9 0.6 2 0.0
0.9 0.6 5 0.0
0.9 0.6 10 0.0
0.9 0.7 2 0.0
0.9 0.7 5 0.0
0.9 0.7 10 0.0
0.9 0.9 2 0.0
0.9 0.9 5 0.0
0.9 0.9 10 0.0
0.9 1.0 2 0.0
0.9 1.0 5 0.0
0.9 1.0 10 0.0
