0.5 0.15 250 0.0
0.5 1.0 250 0.0
0.6 0.15 250 0.0
0.6 0.4 250 0.0
0.6 1.0 250 0.0
0.7 0.15 250 0.0
0.7 0.3 250 0.0
0.7 0.8 250 0.0
0.7 0.9 250 0.0
0.7 1.0 250 0.0
0.8 0.05 250 0.0
0.8 0.15 250 0.0
0.8 0.3 250 0.0
0.8 0.4 250 0.0
0.8 0.5 250 0.0
0.8 0.6 250 0.0
0.8 0.7 250 0.0
0.8 0.8 250 0.0
0.8 0.9 250 0.0
0.8 1.0 250 0.0
0.9 0.05 250 0.0
0.9 0.15 100 0.0
0.9 0.15 250 0.0
0.9 0.3 100 0.0
0.9 0.3 250 0.0
0.9 0.4 100 0.0
0.9 0.4 250 0.0
0.9 0.5 75 0.0
0.9 0.5 100 0.0
0.9 0.5 250 0.0
0.9 0.6 75 0.0
0.9 0.6 100 0.0
0.9 0.6 250 0.0
0.9 0.7 75 0.0
0.9 0.7 100 0.0
0.9 0.7 250 0.0
0.9 0.8 50 0.0
0.9 0.8 75 0.0
0.9 0.8 100 0.0
0.9 0.8 250 0.0
0.9 0.9 50 0.0
0.9 0.9 75 0.0
0.9 0.9 100 0.0
0.9 0.9 250 0.0
0.9 1.0 50 0.0
0.9 1.0 75 0.0
0.9 1.0 100 0.0
0.9 1.0 250 0.0