99576413 96576814 97576010 94576919 90576415 90576311 99576117 92576116 94576111 91576312 96576619 False False False
90576617 98576417 96576614 98576819 93576914 96576311 False False False
91576413 92576119 94576119 92576318 90576412 95576412 False False False
91576412 93576510 91716210 92576216 90576110 91576015 91576014 94576319 90576213 99576515 94576618 False False False
91576411 94576416 92576218 92576317 95576010 98576215 95576812 96576615 False False False
91576410 97576217 False True True
91576417 97576217 92576615 94576112 92576513 95576818 91576318 91576314 92576518 99576011 False False True
91576416 91576614 93576516 94576916 91576915 92576219 92576312 94576418 94576015 95576618 98576415 94576314 90576812 96576110 96576412 95576615 98576912 91576217 90576815 False False False
91576415 99576918 92576611 97576210 93576812 92576210 98576115 98576411 98576215 False False False
91576414 96576511 93576511 91576115 92576417 96576610 99576119 92576418 93576310 False False False
91576419 93576412 93576916 False False False
97576613 99576212 97576616 99576614 94576418 94576015 97576916 95576811 95576615 88143447 91576018 True True True
97576612 96576119 96576916 99576617 95576818 91576014 99576810 95576816 99576011 True False True
97576611 90576012 90576917 90576214 98576811 97576819 98576912 93576916 True True False
93576114 95576310 93576813 97576113 True False False
97576616 97576613 93576816 97576617 97576210 93576012 95576919 95576311 95576811 93576214 False False False
93576117 57258606 91576019 False False False
97576619 97576217 90576014 99576313 90576416 93576518 97576219 93576912 95576811 93576917 True True True
97576618 97576217 94576815 94576917 95576113 95576816 96576416 True True False
57263306 99959995 True True True
94576318 90576916 False False False
90576012 90576917 97576611 98576912 90576214 97576913 97576311 93576313 True True False
90576013 98576216 93576016 91576018 False False False
90576010 94576017 96576819 92576914 96576313 93576615 91576810 False False False
90576011 94576111 90576410 93576916 False False False
90576017 93576017 92576316 97576219 97576113 97576812 92576016 True False False
90576014 95576212 97576619 94576419 93576518 94576511 95576116 91576510 93576912 True True False
90576015 96576119 94576016 97576415 97576412 99576017 95576816 98576911 False False False
90576018 97576212 94576019 99576617 93576313 94576215 98576615 95576911 False True False
90576019 97576214 96576810 97576614 94576310 91576219 96576313 92576110 99576010 False False False
97576318 91576614 94576815 90576616 91576817 91576514 90576212 99576811 91576213 93576312 91576812 92576913 False False False
97576319 99576212 92576610 93576214 92576014 92576912 False False False
96576018 90576916 False False False
96576019 96576113 93576512 False False False
97576312 93576515 94576111 92576914 90576313 96576313 98576215 93576017 False False False
96576015 97576115 94576918 95576913 93576910 93576219 98576114 93576213 98576315 98576615 93576311 False True True
97576310 93716216 95576319 94576918 92716015 94576217 False False False
96576017 92576517 False True True
97576316 99576112 97576414 99576117 93576316 True False True
96576013 92576214 96576215 False False False
92576612 94576212 98576915 False False False
92576610 97576319 96576611 92576014 93576516 93576214 False True False
92576611 93576411 97576216 94576419 93576214 99576312 96576316 99576614 94576110 98576416 97576414 92576910 91576415 91576818 93576911 91576018 96576417 False False False
92576617 90576916 91576119 97576817 93576416 95576513 94576111 90576410 90576311 96576612 92576210 94576612 False False False
92576615 99576019 93576115 96576213 96576216 95576818 91576014 91576417 95576110 99576517 99576011 True True False
92576618 93576515 93576312 91576810 False False False
90576915 99576315 94576915 94576415 92576310 92576317 91576214 88121284 94576615 98576415 99576116 90576812 96576215 91576614 91576311 95576317 False False False
57258049 False False False
57147504 False False False
92576915 98576014 93576515 96576316 92576313 90576816 91576114 96576419 99576419 90576315 97576911 93576312 False True False
92576914 93576515 90576010 94576111 98576810 90576313 90576613 96576313 97576312 93576615 True False False
92576917 94576018 99576414 99576812 92576412 57161885 False False False
92576910 97576216 92576611 94576018 92576219 90576112 90576813 98576211 93576214 False True False
92576913 99576310 95576210 88251811 92576310 90576111 97576318 92576519 91576215 99576513 True True True
92576912 97576216 93576516 94576916 90576117 94576418 92576011 97576319 92576014 97576311 95576911 False False False
92576919 93576111 94576319 94576615 95576414 91576013 95576111 99576116 94576618 92576113 False False False
92576918 94576911 92576811 93576617 90576314 98576410 90576319 91576215 True False False
93576110 90576917 90576214 94576911 95716916 90576117 97576215 93576918 99576219 96576810 95576911 False False False
98576011 99576419 93576416 98576210 94576013 93576016 93576010 94576010 90576816 97576915 92576012 91576911 91576915 93576911 96576619 95576314 91576018 False True False
93576315 94576117 93576219 91576814 96576511 True False False
94576117 93576315 98716912 95576612 95576010 97576410 98576215 93576913 96576618 False False False
93576112 99576317 93576811 98716015 96576213 96576217 99576019 True False False
98576017 97576210 97576110 93576818 99576418 99576415 95576814 False True True
94576115 93576814 91576015 94576319 95576913 90576110 False False False
91576819 94576916 93576116 94576615 99576016 98576313 96576618 False False False
91576818 99576213 92576611 92576216 98576813 95576114 90576213 96576113 99576515 91576316 False False False
91576817 97716217 99959995 90576413 91576218 97576318 91576511 90576319 91576215 91576812 True True False
97576617 92576018 97576216 90576416 97576616 95576919 False False False
91576815 97576011 90576811 95576918 95576213 98576118 False False False
98576015 96576815 98716911 False False False
91576813 94576814 96576919 94576010 97576915 91576911 98576817 91576915 96576112 90576816 91576312 93576311 False True False
91576812 95716219 95576415 96576517 94576815 97576013 93576519 95576514 91576817 97576318 98576114 99576519 90576319 95576613 True True False
91576811 96576515 91576016 91576913 92576517 91576919 91576215 False False False
91576810 90576010 90576113 92576618 57258606 92576317 96576819 99576816 93576615 False False False
95576518 96576010 True False False
95576519 94576811 93576015 92576513 90576819 90576614 95576113 91576510 99576017 93576912 True True True
97576615 91576911 96576914 93576611 False False False
95576513 92576617 96576310 False False False
95576510 94576913 99576918 97576114 97576117 98576813 91576514 97576910 91576213 90576218 False False False
97576614 97576214 96576810 94576111 94576110 98576016 97576014 91576219 90576019 96576615 96576312 92576110 False False False
95576517 93576411 93576510 94576016 94576210 91576013 92576516 95576917 False False False
95576514 93576514 96576910 92576212 93576519 95576415 91576515 95576113 94576412 90576319 91576315 91576918 98576613 96576414 91576812 96576319 98576910 False False False
99576419 90576311 98576011 93576016 91576910 92576210 92576817 92576915 93576219 91576911 91576915 97576314 False False False
99576418 99576314 91576017 98576017 97576210 93576119 97576110 92576316 93576818 98576416 91576517 98576810 99576017 96576113 False False False
99576411 92576115 94576112 False False False
99576410 99576618 99576615 98576014 96576419 98576611 92576412 92576518 99576811 93576616 99576415 98576617 True False False
99576417 91576315 96576217 96576214 True True False
99576415 97576210 97576110 98576017 92576816 93576818 99576410 95576814 True True False
92576819 99576617 95576815 98576918 True False False
92576812 97576819 95576417 98576312 95576015 90576215 False False False
92576814 93576815 96576815 94576911 96576513 94576414 94576019 97576012 93576918 95576916 98576611 98576613 96576415 True False False
92576816 97576210 97576110 93576818 97576415 98576115 99576415 False True False
92576817 99576419 97576314 False False False
91576517 91576017 97576010 92576311 90576413 99576612 98576416 99576418 91576518 98576611 96576113 99576515 95576815 98576617 False False False
91576514 97576214 96576510 94576017 95576510 88121284 97576318 90576212 98576917 91576213 93576210 93576312 91576214 95576317 False False False
91576515 96576219 99576310 95576210 92576813 96576217 95576514 95576415 90576111 91576315 99576412 95576118 True True True
91576512 95576114 97576914 95576618 96576315 95576817 98576211 False False False
91576513 98576116 94576918 True False True
91576510 90576914 90576014 93576518 92576513 95576519 95576113 93576619 90576219 True True True
91576511 96576210 96576211 94576012 97576912 91576817 91576315 95576613 91576215 True True True
94576310 93576414 90576417 94576111 90576019 90576413 92576213 95576013 97576917 98576113 97576911 91576518 True False False
91576518 95576013 90576413 92576213 96576616 91576517 97576812 91576017 91576918 94576310 False False True
91576519 98576915 98576813 94576212 95576114 95576618 False False False
90576819 94576811 94576419 95576519 True True True
91576210 95576216 96576915 94576017 90576411 98576812 95576117 91576914 False False False
91576213 91576617 97576114 99576614 94576418 97576318 90576110 98576813 91576514 92576410 90576212 93576212 95576811 95576615 91576311 95576510 92576112 False False False
57161885 96576410 92576917 95576313 96576811 93576610 True False True
91576215 94576915 99576519 98576013 92576310 91576117 90576111 95576515 95576118 92576913 91576511 91576817 92576918 91576811 False True False
91576214 90576917 99576315 90576915 94576416 94576915 95576213 95576618 92576310 92576317 98576211 93576918 94576315 91576514 96576615 90576812 93576614 91576311 98576316 True True False
91576217 94576916 90576418 92576219 95576618 91576416 90576213 96576110 96576412 99576511 90576815 False False False
91576216 94576413 93576413 99576215 94576417 90576119 99576219 99576914 94576819 92576412 93576212 92576117 True True False
93576210 91576615 99576017 99576112 95576117 91576514 95576818 91576915 92576115 91576918 96576618 True True True
98576618 96576818 98576019 92576212 93576215 False False False
90576814 93576111 90576811 93576810 93576017 99576115 98576117 97576814 94576217 94576316 98576616 True False False
90576815 93576516 95576817 94576110 95576618 95576115 91576416 94576218 96576110 96576412 95576615 91576217 99576511 False False True
93576814 94576119 96576413 97576011 97576816 96576519 93576013 92576211 92576416 96576314 94576115 98576815 95576812 99576015 93576614 96576615 False False False
98576111 92576810 96576116 98576110 True False False
93576816 99959995 98576810 97576616 99576511 False False False
96576810 90576917 93576110 97576214 97576614 90576019 91576219 96576312 97576311 92576110 False False False
96576811 88207096 96576914 91576113 94576013 95576318 95576819 96576312 93576610 96576115 92576419 57161885 True False False
96576515 96576113 91576811 False False False
92576318 93576414 90576113 90576412 99576318 92576316 97576218 91576413 97576815 95576412 99576015 93576311 False False False
96576511 91576414 93576016 93576315 97576817 93576911 True False False
96576510 99576315 94576415 92576312 92576214 92576317 93576918 96576215 88121284 91576514 96576615 95576812 91576614 90576214 95576414 False False False
96576513 96576815 99576918 93576812 99576617 92576814 92576210 93576316 True False True
92576313 99576919 93576016 91576114 92576915 96576419 96576112 False False False
92576312 96576218 94576316 96576510 91576111 91576617 98576811 94576118 92576011 97576311 98576415 91576416 98576814 95576810 98576317 False False False
92576311 97576211 97576010 94576919 92576316 90576410 94576614 91576517 99576117 95576914 97576311 False False False
92576310 90576915 99576310 91576613 94576915 94576415 95576512 92576317 90576111 98576912 92576514 92576913 97576913 91576215 91576214 95576118 98576316 True True True
92576316 93576412 90576017 99576418 93576017 96576211 90576412 94576217 92576318 97576814 99576115 92576311 95576412 True False False
99576619 93576517 98576915 93576518 94576212 98576311 93576912 94576619 93576917 True False True
96576517 92576813 98576812 95576415 94576815 91576812 True True False
93576818 97576210 98576017 92576816 99576418 98576215 99576415 95576814 False True False
98576116 91576616 93576812 90576311 92576417 95576017 91576513 98576118 True False False
91576910 96576919 99576419 97576314 False False False
91576916 99576214 96576916 96576212 94576212 94576610 98576915 False False False
91576917 99576617 92576410 96576613 96576812 True True False
91576914 93576511 95576213 94576017 93576011 90576411 92576515 95576117 92576518 95576112 91576210 95576311 False False False
98576110 95576212 94576419 98576619 98576111 91576314 98576614 True True True
91576918 96576918 96576211 96576217 95576514 91576516 97576911 98576916 91576315 93576210 96576415 91576518 True False False
98576118 93576511 99576612 98576116 91576015 91576014 95576918 91576815 90576811 False False False
88251811 95576210 94576113 94576110 99576219 99576811 93576212 99576513 95576815 92576913 False False False
88121284 99576315 90576915 94576416 96576510 94576415 92576214 92576317 91576514 96576615 91576311 False True True
99576519 95576210 90576211 93576518 99576914 94576819 90576315 90576111 93576212 94576610 91576215 91576812 95576118 94576417 False False False
99576517 97576916 94576419 92576615 94576014 95576212 False False False
99576513 94576912 93576510 94576417 97576211 99576811 88251811 90576111 95576618 95576415 97576819 92576913 95576014 92576519 95576917 90576810 98576316 95576817 88143447 95576210 False True True
99576511 99576213 93576816 90576418 92576216 94576110 91576014 98576418 96576110 91576217 90576815 False False True
57203209 96576218 False False False
92576317 99576315 90576915 96576510 92576214 92576310 96576215 88121284 91576411 96576615 90576812 95576812 91576214 91576810 False False False
90576311 92576613 92576617 93576016 92576210 98576116 99576419 99576413 98576611 96576417 95576814 False False False
90576313 93576515 94576111 92576914 96576313 97576312 98576215 90576218 True True False
90576315 93576016 91576114 92576915 93576219 99576519 93576610 True True True
90576314 94576412 97576912 95576314 97576013 93576519 93576918 90576215 93576218 98576112 99576114 98576916 93576613 92576918 True True True
90576317 93576817 91576111 91576611 94576018 92576219 96576212 94576015 91576117 91576418 94576218 95576115 99576215 95576813 93576212 92576112 98576316 False True False
90576319 97576013 95576514 91576812 93576218 90576615 97576912 91576817 99576016 93576613 92576918 98576910 False False False
93576616 93576413 93576517 94576812 99576618 99576615 93576516 97576415 90576614 99576811 93576212 99576410 True True False
93576615 90576010 96576819 92576914 93576219 90576613 93576617 91576810 True True True
93576614 94576412 93576814 94576416 90576612 96576615 93576216 93576918 92576211 96576314 93576213 95576812 96576413 90576917 91576214 False False False
93576613 94576412 91576115 93576218 90576314 99576114 90576319 98576916 95576118 98576112 True True False
93576612 95576017 False False False
93576611 99576015 96576519 99576910 97576615 True False False
93576610 88207096 96576817 96576811 98576815 95576319 95576819 92576119 95576111 90576315 96576115 57161885 True False False
94576412 98576613 95576512 99576910 95576514 98576112 98576317 90576616 93576614 93576613 93576216 95576118 90576314 False False False
94576413 93576413 94576417 90576119 99576219 99576617 99576914 94576819 94576210 94576214 91576216 True False False
94576410 92576217 98576414 96576313 False False False
97576311 90576012 97576215 95576810 96576810 92576214 92576312 92576311 91576117 98576811 93576313 98576415 98576814 92576912 94576316 95576817 91576311 91576115 False False False
94576416 93576918 93576614 99576310 92576218 90576612 88121284 91576411 96576314 99576015 96576413 91576214 False False False
94576417 94576413 93576413 90576219 97576211 99576219 99576914 94576819 99576519 92576519 93576212 92576117 99576513 95576815 91576216 True False True
94576415 90576915 96576510 94576915 92576310 88121284 95576414 97576913 False False False
96576010 95576518 99576919 98576319 91576913 95576919 99576013 True True False
94576418 97576613 97576216 95576811 99576215 92576219 97576114 91576416 94576612 92576912 96576110 91576213 91576418 95576615 96576412 False False False
94576419 92576611 93576512 90576014 95576212 97576016 98576619 90576819 98576110 98576610 99576517 98576612 True True True
57139072 99716915 94576116 True False False
95576012 90576611 99576017 98576813 99576812 92576018 99576015 96576117 94576215 False False False
95576017 91576616 98576116 95576010 98576413 95576019 95576314 93576612 96576619 False False False
91576319 92576116 94576813 95576213 97576012 98576117 97576815 98576217 False False False
95576015 94576215 90576215 92576812 97576014 96576217 96576111 90576611 97576819 91576019 92576516 92576018 99576015 96576114 95576815 96576619 False False False
95576014 91576615 91576611 90576418 98576211 90576117 92576212 93576518 93576313 99576810 96576110 99576513 90576817 98576316 False False False
91576314 98576110 91576417 92576118 95576212 True True True
91576315 96576217 95576514 90576215 91576515 91576511 99576412 91576918 99576417 96576415 True False False
91576310 92576517 False True True
91576311 90576915 97576311 96576415 92576218 97576915 92576214 91576111 96576215 88121284 98576917 90576812 95576812 91576213 92576211 91576214 98576819 95576317 False False False
91576313 93576517 57171091 99576216 99576318 97576415 97576414 90576312 90576810 92576419 True False False
97576019 99576910 92576212 93576013 93576918 97576915 96576314 98576112 99576810 98576917 93576215 False False False
97576018 False False False
97576011 93576814 99959995 99576614 99576914 94576819 99576219 95576412 92576519 91576815 93576913 False False True
97576010 94576919 90576415 98576016 99576612 91576517 92576417 92576515 99576413 92576311 96576417 False False False
97576013 91716219 93576218 90576615 97576912 90576319 96576411 98576315 91576812 90576314 False False False
97576012 93576815 95576213 92576814 93576519 97576910 91576319 96576415 93576215 92576118 False False False
97576015 93576815 94576913 93576817 92576212 99576213 92576011 96576614 97576910 90576213 93576215 False False False
97576014 93576817 93576511 97576614 93576011 98576016 98576318 92576512 95576815 95576015 93576910 95576312 91576312 True False False
97576016 97576217 90576016 95576212 94576419 98576416 95576113 95576419 True False False
92576513 95576519 91576510 93576512 93576518 94576212 91576417 92576517 99576011 True True False
92576515 90576415 99576216 97576010 94576919 93716917 97576112 91576914 False False False
92576514 93576617 92576310 91576613 False False False
92576517 96576017 99576313 93576419 97576813 92576010 92576513 91576317 91576310 91576811 98576213 False True False
92576516 93576510 99576811 97576211 91576013 95576517 97576415 90576611 95576112 95576015 95576917 False False False
92576519 94576912 94576417 97576011 99576613 98576912 95576618 92576913 97576913 94576311 99576513 98576316 True True True
92576518 92576215 91576013 96576217 90576411 91576417 91576914 95576112 99576410 96576114 True True False
90576214 90576917 93576110 97576611 96576510 90576012 97576215 98576811 97576410 97576913 98576912 False False False
57143440 False False False
90576418 99576213 95576014 99576810 99576511 91576217 93576214 False False False
90576215 93576815 96576117 92576812 96576217 90576110 94576215 95576015 96576111 91576315 90576115 91576019 90576314 True False False
90576416 97576216 93576413 97576617 97576114 97576619 92576018 93576212 90576817 96576012 False False False
90576415 97576010 94576919 97576112 99576612 92576515 99576413 False False False
90576412 92576318 92576316 97576218 91576413 97576417 97576815 95576412 93576317 False False False
90576410 90576011 92576617 95576213 93576812 94576111 97576111 94576011 99576117 92576311 93576511 False False False
90576411 93576011 92576211 90576611 90716018 95576112 91576914 91576210 98576917 92576518 False False False
96576419 91576114 92576313 99576312 96576919 93576016 98576014 92576915 96576316 97576112 99576410 False False False
96576411 97576013 99576111 95576516 93576813 98576613 True False True
96576412 94576912 93576413 99576214 92576219 94576418 99576613 94576916 91576416 96576110 91576418 95576615 91576217 90576815 False True False
96576413 93576814 94576119 90576811 94576416 91576614 92576211 93576918 96576614 96576314 90576616 93576614 93576215 False False False
96576414 93576514 96576910 99576319 95576514 93576519 98576219 True False False
96576415 91576918 57265127 92576811 99576910 97576012 92576814 95576313 93576216 90576611 96576111 91576315 92576117 98576613 91576311 96576318 False False False
96576417 90576917 90576311 92576611 94576113 97576010 93576017 96576317 98576416 98576319 99576615 92576512 99576010 False False False
90576213 91576412 99576213 92576216 95576114 90576813 91576316 91576217 90576917 93576817 90576114 97576015 90576110 91576015 91576014 92576412 91576818 99576119 93576510 93576015 94576616 98576212 99576515 False False False
92576218 94576416 92576214 96576215 91576411 98576917 91576311 95576317 False False False
92576219 99576212 99576215 94576916 94576314 94576418 94576015 96576110 94576615 92576910 90576317 95576111 90576813 96576412 95576615 91576217 91576416 False False False
92576216 93576817 90576114 91576412 95576114 91576014 90576213 91576316 99576515 94576618 91576818 99576511 False False True
92576217 93576015 94576410 98576613 False False False
92576214 99576315 96576510 97576311 93576511 92576218 93576011 92576317 96576215 98576812 88121284 95576812 96576013 91576311 95576317 False False False
92576215 99576611 93576011 96576315 95576112 92576518 91576013 90576219 False True True
92576212 97576019 93576817 95576014 97576015 95576415 95576514 98576618 96576614 98576811 99576011 99576810 95576817 93576216 93576215 False False False
92576213 96576814 90576916 91576119 95576013 96576817 90576212 94576310 91576518 True False False
92576210 96576815 91576119 92576617 96576513 93576812 90576311 99576419 91576415 False False False
92576211 93576814 93576614 94576017 90576411 98576812 96576314 97576410 96576918 95576916 96576413 91576311 False False False
90576917 90576012 94576614 97576611 94576316 96576810 93576110 93576918 98576811 99576116 90576213 93576614 96576417 91576214 90576214 95576317 False False False
90576916 91576119 92576617 92576213 97576112 98576319 96576018 94576318 94576315 98576612 False False False
98576018 97576217 94576817 97576210 False False False
98576019 98576618 93576118 97576812 98576616 91576516 False False False
90576913 96576314 91576619 False False False
90576910 93576516 92576014 94576814 91576114 98576617 False False False
94576111 93576515 90576011 92576617 93576812 93576016 97576614 97576111 90576410 94576310 92576914 90576313 91576119 96576313 99576117 97576312 98576215 99576413 False False False
98576016 97576614 97576010 97576014 98576610 97576412 96576111 98576611 95576019 93576916 99576010 False False False
94576116 57139072 99576112 91576312 93576813 91576915 True True False
90576919 98576815 True False False
90576918 93576015 99576315 False True False
95576618 99576513 94576912 93576510 95576813 94576016 94576113 98576211 92576519 91576217 91576512 91576214 91576416 90576812 90576815 95576817 88143447 91576615 91576519 False False False
95576611 96576410 99576119 False False False
95576610 97576215 94576316 True True False
95576613 94576817 98576013 98576114 99576114 91576511 99576016 99576412 98576910 91576812 95576317 True True False
95576612 93576314 93576412 94576117 97576410 96576618 False False False
95576615 97576613 95576811 94576916 92576219 94576418 92576112 93576817 98576912 96576016 91576416 90576812 96576412 91576418 91576213 90576815 False True False
95576617 False True False
91576017 93576415 97576116 94576619 91576517 99576418 95576914 96576016 91576518 False False False
98576810 94576816 99576614 93576816 99576418 92576914 False False False
98576811 90576917 97576215 94576316 93576513 99576219 92576312 92576212 93576817 90576214 97576311 97576611 99576810 95576810 57112860 False False False
97576411 True True False
98576113 90576417 94576310 96576518 94576313 98576918 False True True
88268105 True True True
98576112 97576019 94576412 93576218 90576314 99576114 93576613 90576219 93576215 98576910 True True False
91576615 94576912 94576016 95576618 91576011 95576014 95576813 98576818 93576210 94576311 98576211 98576316 True False False
91576614 93576918 94576119 96576510 99576315 90576915 98576812 94576615 97576318 99576116 91576416 99576811 99576810 96576413 False False False
91576617 97576214 90576212 92576312 98576813 97576910 98576413 94576216 91576213 96576016 False False False
91576616 92576510 95576417 98576116 95576017 98576413 95576019 96576619 93576915 95576016 False False False
91576611 94576018 94576015 99576319 97576415 90576317 95576014 95576813 99576810 98576316 False False False
91576613 92576310 92576514 False False False
91576915 93576219 88198656 98576011 94576116 94576010 94576013 99576419 91576911 91576416 98576814 93576210 91576813 93576311 False False False
91576619 95576010 90576913 False False False
88207096 96576811 96576210 98576815 93716113 96576310 96576115 93576610 True False False
97576415 93576517 91576611 90576015 90576117 94576014 94576015 92576516 92576816 94576819 99576219 97576916 90576614 95576815 98576814 93576212 93576616 93576912 98576915 98576317 91576313 False False False
97576414 96576514 92576611 99576216 91576112 99576112 95576011 96576613 97576316 97576317 97576314 91576313 True False False
97576417 93576414 90576412 99576318 92576416 92576417 92576412 97576818 93576913 True False False
90576217 95576213 True True False
90576210 99576618 96576012 True True False
97576410 93576815 98576613 93576811 94576017 94576117 92576211 90576214 96576012 95576916 97576313 95576612 92576113 False False False
90576212 91576617 97576214 94576216 94576017 91576514 92576213 98576813 97576318 90576616 91576213 96576016 False False False
97576412 94576816 96576914 90576015 98576016 97576914 97576812 93576316 False False False
90576218 99576112 95576510 90576313 99576117 96576916 True True True
97576418 93576118 91576516 99576318 99576917 93576116 False False False
57112860 98576811 False False False
99576210 98576417 93576412 97576815 95576918 95576111 False False False
99576213 94576110 90576418 97576015 90576114 99576511 91576018 90576213 91576316 99576515 91576818 93576214 False False False
99576212 97576613 99576314 99576214 94576018 92576219 97576319 94576612 93576212 94576314 95576811 91576418 93576214 False False False
99576215 91576216 94576916 94576018 92576219 96576212 94576418 94576015 96576818 93576413 94576218 92576011 95576115 90576317 95576813 93576212 96576016 91576018 99576214 True True False
99576214 99576212 99576215 96576916 96576212 99576613 91576916 94576612 98576915 94576610 96576412 91576418 95576811 False False False
99576217 95576813 95576110 99576312 False True True
99576219 93576110 94576413 93576413 93576517 94576417 90576119 97576011 88251811 90576413 94576819 97576415 98576811 92576412 96576016 95576815 91576216 False False False
97576315 93576313 False False False
95576117 96576915 94576017 91576914 95576916 91576210 93576210 False False False
95576114 93576510 92576216 90576213 90576117 91576014 91576512 99576810 91576818 91576316 99576515 98576212 91576519 True False False
95576115 99576215 94576015 93576012 91576014 92576410 90576317 95576919 94576218 90576815 92576112 True True False
95576112 93576510 97576211 99959995 93576011 92576215 99576611 90576411 92576013 91576013 91576914 92576516 92576518 96576114 False False False
95576113 95576519 97576618 93576518 95576514 97576016 91576510 90576219 True False False
95576111 99576210 93576516 93576412 92576219 96576115 95576318 98576417 94576314 95576311 92576919 93576610 False False False
88143447 97576613 93576510 90576419 96576916 95576618 96576315 98576415 98576611 99576513 False False False
95576118 94576412 99576519 91576215 92576310 90576111 91576218 95576415 91576515 96576611 91576316 93576613 False True False
95576119 94576014 True True False
97576118 94576816 95576416 99576119 92576016 97576219 True False False
96576914 95576318 96576817 96576811 97576615 94576217 96576616 97576412 93576910 True False False
96576916 97576612 99576214 91576916 94576218 98576915 90576218 88143447 False True True
96576919 92576613 96576316 91576813 91576910 96576419 93576219 90576816 True True True
97576115 92576616 90576118 94576012 92576012 96576015 91576814 True False False
97576116 91576017 97576219 False False False
97576117 99576918 99576317 98576012 95576510 96576219 91576317 99576512 True False False
97576111 93576812 94576111 93576416 90576410 96576614 99576010 False False False
97576112 90576916 91576119 57258606 90576415 94576819 96576419 92576515 91576814 False False False
97576113 95576310 93576114 90576017 True False False
92576415 90576611 92576013 91576013 57171091 95576912 False False False
92576416 93576814 93576414 98576417 99576910 92576813 93576013 98576812 94576615 97576417 97576814 99576016 99576119 93576511 False False False
92576417 93576515 93576414 95576214 97576010 99576318 99576612 98576116 97576417 91576414 97576819 95576312 91576019 99576010 False False False
92576410 92576319 96576812 97576114 95576115 91576917 94576218 91576213 93576310 False False False
92576411 False True True
92576412 99576219 92576917 91576216 97576417 99576812 90576213 98576818 99576410 95576418 True False False
57269906 False False False
57265127 98576313 98576613 96576415 False False False
95576013 99576911 57258606 92576213 57253164 94576310 91576518 True False False
92576119 91576413 91576119 93576610 False False False
96576915 96576812 94576018 90576117 94576017 95576117 94576612 91576210 91576211 95576311 False False False
96576516 True False False
97576114 95576811 94576018 96576212 90576416 94576418 94576016 98576813 92576410 98576413 94576612 95576510 91576213 94576014 False False False
96576918 93716213 92576211 98576916 91576918 98576315 99576012 False False False
94576018 97576216 99576212 91576611 94576612 96576212 90576111 97576114 95576813 92576917 92576910 90576317 96576915 99576215 94576311 True True False
94576016 91576615 93576510 90576015 96576212 95576517 97576914 95576618 94576612 95576917 94576311 97576114 False False False
94576017 94576119 96576915 90576212 96576812 95576117 90576010 92576211 98576417 91576514 97576410 91576914 91576210 95576916 95576311 90576110 False False False
94576014 93576517 93576415 97576114 99576917 97576415 95576813 97576916 98576311 99576517 98576317 95576119 True True True
94576015 97576613 97576216 99576215 92576219 96576212 97576415 94576218 95576115 91576416 90576317 95576813 91576611 91576316 False False False
94576012 90576118 97576115 97576218 91576511 93576317 99576416 96576318 True False False
94576013 96576811 90576118 98576010 98576011 91576915 95576314 93576017 False False False
94576010 93576016 90576816 98576011 97576218 96576119 97576915 93576219 98576817 91576915 93576911 96576112 91576813 91576312 93576311 False False False
94576011 90576410 93576812 False False False
99576817 False False False
99576816 91576810 True False False
99576812 99576618 93576016 95576012 92576917 92576412 93576911 96576116 True False False
99576810 97576019 97576612 91576611 90576418 94576915 91576614 90576117 99576617 92576212 95576114 98576811 95576014 95576812 95576817 98576211 99576011 98576316 False False False
99576819 False False False
99576818 96576819 False False False
98576816 95716110 False False False
99576618 93576616 99576410 90576210 99576812 96576116 True False False
97576419 92576113 False False False
96576118 97576916 96576315 True False False
99576615 93576616 99576410 96576417 True True False
99576614 97576613 92576611 97576011 98576810 96576111 91576213 98576212 91576018 False False False
99576617 97576612 96576513 94576413 90576117 90576018 92576819 91576917 99576810 95576812 99576011 True False False
99576610 97576912 True True False
99576613 94576912 93576817 99576214 91576117 90576813 92576519 95576917 96576412 94576311 98576912 98576316 False False False
99576612 93576511 97576010 90576415 91576517 92576417 99576515 98576118 False False False
95576016 97576313 91576616 98576413 False False False
97576314 91576111 99576419 92576817 97576414 91576910 95576418 False False False
99576315 91576614 90576915 96576510 92576214 92576317 90576918 88121284 94576615 99576116 90576812 95576812 96576215 91576214 95576317 False False False
99576316 93576911 96576116 False False False
99576310 94576815 94576416 94576915 92576310 94576615 95576415 91576515 92576911 92576913 99576412 92576813 95576812 95576910 True True False
99576312 92576611 99576217 97576916 99576914 94576210 96576419 96576315 98576114 False False False
99576313 93576415 97576210 99576912 97576619 93576519 92576815 92576010 93576419 91576014 92576517 95576311 True True True
99576318 93576815 92576318 93576414 92576419 97576218 97576417 92576417 93576317 98576210 97576418 91576313 False False False
96576114 93576813 93576011 90576611 95576112 94576215 95576015 91576010 92576518 True False False
93576219 93576315 90576118 96576919 98576210 91576915 94576010 90576816 99576419 90576315 93576317 96576015 93576615 91576814 95576314 93576311 True False False
93576218 97576013 90576314 98576112 97576912 90576319 93576613 90576615 False True False
90576812 99576315 90576915 92576317 91576311 93576918 95576618 91576416 95576812 95576615 91576214 False False False
93576212 93576517 99576215 94576417 90576416 88251811 94576819 97576415 99576212 90576317 99576519 93576616 91576213 91576212 91576216 True False False
93576211 93576813 90576611 92576013 91576318 92576118 98576616 False False False
90576811 93576511 97576210 96576213 98576117 90576814 98576118 91576815 96576413 93576310 98576910 True False False
90576816 92576613 96576919 98576011 91576114 94576010 92576915 96576316 93576219 98576014 91576813 False True False
93576216 94576412 94576911 93576614 97576912 92576212 90576616 98576917 98576613 96576415 False False False
93576215 97576019 97576015 99576910 97576012 92576212 98576618 98576112 98576917 96576413 False False False
93576214 92576610 92576611 97576616 90576418 93576817 99576212 97576319 92576910 94576314 91576418 99576213 False False False
93576815 99959995 97576015 97576012 92576814 99576318 90576215 97576410 98576210 True False False
96576815 95576214 99576918 97576212 96576513 93576515 93576017 94576019 92576814 92576210 98576015 99576110 93576910 93576414 False False False
93576817 94576913 96576314 96576212 97576015 92576216 92576212 97576014 99576613 92576011 96576614 98576811 90576317 90576213 95576615 93576214 False False False
93576811 95576217 88198656 93576112 90576312 95576412 98576217 97576410 True False False
93576813 93576114 94576116 94576818 99576112 99576117 93576318 96576411 95576211 93576211 93576217 96576114 True True False
93576812 96576513 93576416 94576111 97576111 90576410 94576011 98576116 92576210 91576415 96576113 False False False
96576818 98576618 99576215 99576010 False False False
96576819 94576119 90576010 98576917 93576615 91576810 99576818 False False False
97576216 92576611 97576617 94576018 90576416 94576418 94576015 90576112 92576910 92576912 96576012 False False True
94576813 96576210 94576217 92576616 91576319 98576815 False False False
97576212 96576815 94576019 90576018 98576615 99576110 95576917 93576017 True True False
97576211 94576417 92576311 90576611 91576013 92576516 95576112 99576513 False False False
97576210 98576018 97576616 99576313 98576017 92576816 93576818 98576115 99576418 91576415 90576811 99576415 95576814 False False False
96576317 93576810 93576014 96576214 91576115 97576811 94576615 96576417 True True True
96576316 92576613 92576611 96576919 92576915 96576419 90576816 True True True
96576315 95576215 94576810 99576312 92576215 99576914 94576210 96576118 91576512 88143447 96576116 False False False
96576314 97576019 93576814 93576817 93576614 90576913 92576211 96576614 91716010 94576416 96576413 False False False
96576313 93576515 90576010 91576119 93576015 94576111 90576019 94576410 92576914 90576313 97576817 97576312 99576014 True False False
96576312 92576110 97576214 96576810 96576811 97576614 False False False
96576311 94576319 98576819 99576116 90576617 False False False
96576310 88207096 95576513 96576210 94576614 95576819 98576815 97576818 99576416 True False False
96576318 92576117 94576012 96576415 99576416 False True False
93576617 94576615 93576615 92576514 92576918 True True False
90576211 99576519 94576610 98576918 True True False
92576118 96576911 96576910 97576012 98576214 98716212 91576314 93576211 98576616 False False True
92576115 94576112 99576411 93576210 96576016 94576118 False False False
94576119 93576814 91576614 99959995 94576017 96576519 96576819 93576013 91576413 96576615 98576812 95576411 95576916 96576612 96576413 False False False
92576117 94576417 94716015 96576216 92576419 99576017 95576916 91576216 96576415 96576318 False True False
92576111 93576015 False False False
92576110 97576214 96576810 97576614 90576019 91576219 96576312 92576418 False False False
92576113 92576919 93576314 97576419 97576410 False False False
92576112 91576014 94576616 95576115 90576317 95576919 94576218 91576213 91576418 95576615 96576012 False True False
57258606 93576117 94576919 97576112 95576013 90576216 90576614 96576611 98576218 91576810 False False False
97576215 93576110 95576810 90576214 97576311 98576811 95576610 94576316 98576912 95576317 False False False
95576018 True True True
99576912 99576317 93576415 99576313 93576419 99576319 96576217 92576510 98576115 91576014 92576815 96576611 True False True
99576910 97576019 94576412 96576519 93576918 94576615 92576416 93576611 97576912 98576819 96576415 93576215 True False False
99576911 95576013 False False False
99576914 94576413 99576312 94576417 90576119 97576011 94576819 94576210 96576315 99576519 91576018 95576815 91576216 True False True
98576218 57258606 95576910 True False False
94576411 95576417 False False False
98576918 92576819 90576417 96576518 94576213 98576113 90576211 99576913 98576614 98576615 94576313 False False False
98576917 97576019 92576218 95576512 93576011 93576216 96576819 96576215 91576514 97576912 98576916 90576411 94576618 91576311 93576215 False False False
98576916 96576910 96576918 93576011 93576519 99576319 98576219 98576917 95576812 91576918 93576613 90576314 True False False
98576915 92576612 99576619 99576214 96576916 97576415 94576212 91576916 91576519 True True True
98576912 90576012 94576912 97576611 92576310 97576215 91576117 99576613 90576214 91576416 98576814 97576913 92576519 95576615 93576313 False False False
98576911 98576619 90576015 98576614 93576512 95576212 False False False
98576910 94576911 96576213 95576514 98576112 90576319 99576412 95576613 90576811 True False False
94576615 99576315 90576915 99576310 91576819 96576812 92576219 92576919 99576910 90576612 96576317 91576218 92576416 96576615 99576116 99576811 93576617 95576812 91576614 95576414 False False False
94576616 95576919 92576112 90576213 False False True
94576610 99576214 90576316 91576916 90576211 99576519 95576813 False False False
94576612 99576212 96576915 99576214 94576018 96576212 94576418 97576114 94576016 95576813 94576314 91576418 92576617 False False False
94576618 98576819 93576510 92576216 91576412 91576014 94576319 98576917 91576316 99576515 92576919 False False False
98576014 92576915 96576419 99576410 90576816 False False False
93576918 90576917 91576614 96576413 94576416 96576510 93576110 99576910 92576814 93716911 93576013 97576019 96576615 90576615 90576612 90576812 93576614 91576214 90576314 True True False
98576417 99576210 93576412 93576511 94576017 95576111 92576416 90576617 False False False
98576415 90576915 95576810 92576312 92576011 97576311 97576610 91576416 98576814 95576917 94576316 88143447 True True True
98576412 False False False
98576413 95576417 91576617 91576616 97576114 95576116 98576813 95576017 95576016 97576910 95576412 False False False
98576410 96576014 92576918 True True True
93576910 96576815 96576914 97576014 96576111 96576015 98576615 91576019 False False False
93576911 99576316 98576011 96576511 93576016 94576010 96576119 92576611 99576812 False False False
93576912 95576519 99576619 90576014 97576619 93576518 94576511 97576415 90576614 True True True
93576914 92716310 90576617 False False False
93576915 91576616 False False False
93576916 97576611 93576412 98576016 90576011 97576911 98576611 91576419 False False False
93576917 99576619 97576619 93576518 True True False
91576814 97576115 96576210 97576112 93576219 93576315 93576217 98576210 False False False
95576210 92576913 88251811 92576813 90576111 95576415 91576515 99576811 99576519 99576513 False False False
95576213 91576914 97576012 90576410 90576217 91576319 94576216 93576511 91576815 98576217 91576214 95576412 False False False
95576212 90576014 98576619 94576419 97576016 96576111 98576610 98576110 91576314 99576517 98576612 98576911 False False False
98576319 90576916 96576913 94576315 96576417 96576010 95576616 False False True
97576812 94576816 98576019 95576211 90576017 93576419 97576816 98576416 95576416 97576412 97576818 91576518 False False False
97576815 99576210 93576412 90576412 98576117 92576318 91576319 99576115 97576818 False False False
97576816 93576814 95576817 96576615 90576612 97576812 95576311 96576113 99576013 95576816 False False False
97576819 97576611 91576418 94576019 92576812 95576818 92576417 94576215 95576015 98576312 99576513 False False False
93576317 95576314 99576318 90576412 94576012 97576218 93576219 98576210 92576419 93576311 False False False
93576314 99959995 99576218 94716419 95576414 95576612 92576113 95576317 True True False
98576312 97576819 92576812 False False False
93576313 90576012 97576311 91576111 99959995 90576018 93576618 91576117 98576912 91576912 96576617 95576014 97576315 94576311 98576615 98576316 True True False
93576310 91576414 90576811 92576410 97576218 True False False
93576311 92576318 91576813 94576010 90576110 97576915 93576219 91576911 98576817 91576915 96576015 95576314 93576317 91576312 98576210 False True False
63208112 True True True
90576611 97576211 95576012 93576011 90576411 92576415 91576318 94576215 95576015 92576516 96576111 91576013 93576211 96576112 96576114 96576117 96576415 False False False
90576612 94576416 93576918 94576615 98576611 96576612 99576116 97576816 95576812 93576614 93576312 95576317 False True False
90576614 93576412 94576812 57258606 93576518 94576511 97576415 95576519 98576815 93576616 93576912 False True True
90576615 97576013 97716113 93576918 93576218 97576912 90576319 False True False
90576616 94576412 97576214 97576318 90576212 96576413 93576216 False False False
94576314 99576212 94576916 92576219 96576212 93576418 91576416 94576612 95576111 91576211 91576418 93576214 False False False
91576316 99576213 90576114 92576216 94576015 90576213 93576015 95576114 95576118 91576818 99576515 94576618 98576212 True False False
96576218 57203209 91576610 92576312 91576111 91576117 95576415 False False True
94576316 90576917 97576215 97576610 92576312 98576811 95576619 97576311 98576415 98576817 93576618 95576610 95576810 90576814 False False False
96576212 93576817 99576215 94576612 94576018 97576114 94576015 91576117 94576016 91576916 90576317 94576314 91576418 99576214 False False False
96576213 93576112 92576615 99576019 90576811 99576011 98576910 False True False
96576210 91576511 88207096 94576813 98576815 94576614 96576310 91576814 True False True
96576211 91576918 92576316 91576511 True True False
96576216 92576117 92576615 True True False
96576217 99576317 93576112 96576219 93576115 99576912 99576019 90576215 91576515 95576015 91576315 92576518 91576918 99576417 True True True
96576214 96576317 93576810 93576417 93576014 94576918 91576115 97576811 93576919 96576917 92576811 99576417 True True True
96576215 99576315 90576915 96576510 92576218 92576214 92576317 98576812 96576615 98576917 95576812 95576317 91576311 96576013 False False False
94576313 90576417 96576518 97576917 98576113 97576911 98576918 True False False
90576914 99576514 91576510 90576219 93576619 92576314 True True True
95576511 94576213 94576918 False False True
90576219 90576914 94576417 93576619 92576215 92576314 95576113 91576510 98576112 True False True
92576010 93576419 91576317 99576319 92576517 99576313 True False False
92576011 93576817 99576215 93576418 94576110 97576015 98576415 98576814 92576312 92576912 95576418 False False True
92576012 97576115 91576911 98576817 98576011 True True True
92576013 92576415 93576211 95576112 True False False
92576014 92576610 97576319 92576912 93576516 90576910 False False False
92576016 97576118 90576017 97576219 False False False
92576017 96576613 True False False
92576018 97576617 90576416 95576012 94576215 95576015 98576216 96576112 96576618 False False False
98576815 93576814 88207096 94576813 96576210 90576919 94576614 90576614 96576310 93576610 False False False
97576910 91576617 95576510 97576012 97576015 98576413 96576016 95576911 False False False
98576812 91576614 96576517 92576214 96576519 94576119 93576013 96576215 92576416 96576612 95576916 91576210 92576211 95576317 False False False
98576813 91576617 97576214 94576216 97576114 95576510 95576012 98576413 90576212 91576818 91576213 91576519 98576617 False False False
91576015 94576115 90576110 91576412 94576319 90576213 95576913 98576118 False False False
91576014 91576412 97576612 93576510 92576615 99576912 95576919 99576511 92576216 95576114 95576115 98576118 90576213 94576218 99576313 99576515 94576618 99576011 92576112 True True True
91576013 97576211 92576415 95576112 92576215 99576611 95576517 90576611 91576318 94576215 92576516 92576518 92576919 96576117 False False False
98576817 90576118 95576314 94576010 92576012 91576813 94576316 98576210 93576311 False False False
98576814 94576614 92576011 92576312 97576415 98576912 91576912 96576617 98576415 91576915 97576311 90576817 98576317 False True True
98576818 91576615 94576811 93576015 93576012 92576412 91576010 95576019 True True True
98576819 57171091 99576910 96576614 97576917 94576319 96576311 90576617 94576618 91576311 False False False
98576211 91576615 93576510 94576113 95576014 97576914 95576618 91576512 92576910 99576810 96576110 95576817 91576214 95576910 False False False
91576019 93576117 90576115 93576910 90576215 92576417 94576215 95576015 96576111 98576615 96576117 True True True
91576018 97576613 90576013 99576213 92576611 99576215 93576015 99576614 98576011 93576010 99576914 95576410 False False False
95576318 98716011 96576811 94716111 94716117 95576319 95576819 93716111 95576111 98576914 96576115 96576914 True True False
95576319 95576318 96576410 97576310 93576610 True False False
95576310 93576114 95576211 97576113 True False True
95576311 93576516 96576915 97576616 96576812 99576313 94576017 95576111 91576211 91576914 97576816 98576610 95576817 96576619 False False False
95576314 98576011 90576314 94576013 93576219 95576017 98576817 93576317 98576914 98576210 93576311 False False False
95576316 True False True
95576317 90576917 99576315 90576915 97576214 92576218 96576812 95576613 92576214 97576215 93576011 90576612 93576013 96576215 98576812 91576514 96576612 95576812 93576314 91576311 False False False
95576818 97576612 92576615 91576417 99576019 97576819 93576210 99576011 True True False
95576813 91576615 94576612 92576319 99576215 99576217 94576018 99959995 94576014 94576015 95576618 97576916 94576610 90576317 91576611 False True False
95576811 97576613 99576212 99576214 97576114 94576418 94576218 91576213 91576418 95576615 97576619 97576616 True True True
95576817 93576510 96576812 91576612 97576816 92576212 99576513 97576914 95576618 91576512 90576813 99576810 95576311 97576311 98576211 90576815 False False False
95576816 97576217 97576612 97576618 90576015 94576918 92576314 99576019 97576816 99576017 94576619 True False True
95576815 92576819 94576417 90576119 99576219 88251811 97576014 99576914 94576819 97576415 91576517 95576015 False False False
95576814 97576210 98576017 93576818 90576311 98576115 99576415 False False False
97576914 94576016 91576512 95576817 98576211 97576412 False False False
97576916 97576613 93576517 99576312 96576118 94576014 94576918 97576415 95576813 98576311 99576517 93576312 98576317 True True True
97576917 98576819 94576310 94576313 93576414 False False False
94576319 94576618 94576115 91576412 91576015 96576311 98576819 92576919 False False False
97576912 97576013 99576610 90716212 90576319 93576218 99576910 90576615 91576511 98576917 93576216 90576314 False True False
97576913 90576012 94576415 92576310 97576017 90576214 92576519 95576917 98576912 False False False
98576215 93576515 94576117 94576111 97576110 93576818 91576411 90576313 91576415 93576119 97576312 94576219 93576312 True False False
98576216 96576911 90576013 92576018 92576116 98576212 False False False
98576217 95576918 93576811 91576319 95576213 95576412 False False False
94576311 91576615 94576912 94576018 94576016 91576117 99576613 95576919 92576519 90576813 93576313 98576316 True False False
97576919 False False False
98576212 92576116 93576510 99576614 90576114 95576919 95576114 90576213 91576316 99576515 98576216 False False False
93576411 92576611 95576517 False False False
98576416 95576911 96576119 99576918 92576611 99576418 97576016 95576116 91576517 97576812 99576119 96576417 False False False
93576413 94576413 99576215 94576417 90576119 99576219 90576416 98576611 93576616 96576412 91576216 True False False
93576412 99576210 95716012 92576316 98576417 96576614 97576815 95576111 90576614 91576419 95576612 93576916 False False False
93576415 93576018 99576313 99576912 94576014 91576612 91576017 99576017 True False False
93576414 95576214 92576318 92576419 96576815 99576318 92576416 97576218 97576917 97576417 92576417 94576310 False False False
93576416 99576918 92576617 93576812 98576011 97576111 99576112 False False False
90576419 91576113 88143447 False True False
91576212 93576212 False False False
88198656 95716911 93576811 93576810 91576911 97576814 91576915 99576118 False False False
96576812 96576915 93576015 94576017 94576919 94576615 98576414 92576410 91576917 95576311 95576812 95576817 95576317 False False False
90576413 91576119 99576219 91576517 91576817 94576310 91576518 False False False
99576916 False False False
98576115 99576314 96576911 97576210 99576912 92576816 91576415 98576411 96576113 96576117 95576814 False False False
98576418 93576516 98576615 99576511 False False False
91576113 90576419 96576811 99576012 False False False
91576111 96576218 92576312 91576117 91576311 91576912 96576617 90576317 93576313 97576314 False True False
91576117 94576912 96576218 95576810 96576212 91576215 91576111 99576613 98576912 90576317 96576016 97576311 94576311 93576313 98576316 False False False
91576114 90576910 92576313 93576016 92576915 96576419 90576315 90576816 False False False
91576115 97576811 93576810 92576811 93576011 96576214 96576317 90576312 91576414 97576311 93576613 92576419 True True False
95576216 94576113 91576210 False False False
99576019 97576217 93576112 99576317 93576115 92576615 96576213 96576217 96576011 94576212 95576818 95576816 True True True
99576017 95576519 93576415 93576018 90576015 96576113 95576012 99576418 92576117 93576210 95576816 True False False
99576016 90716114 95576411 96576917 94716110 94576918 92576416 99576110 91576819 90576319 91716917 95576613 98576613 98576315 False False False
99576015 93576814 92576318 94576416 95576012 94576215 95576015 93576611 96576117 True True False
99576014 96576313 False False False
99576013 96576010 97576816 False False False
99576011 97576612 94576112 92576615 96576213 99576617 92576212 95576818 92576513 91576014 91576417 99576810 False False False
99576010 93576810 96576818 93576017 90576019 98576016 97576111 92576417 96576619 99576119 96576417 True True True
94576912 91576615 91576117 99576613 98576912 95576618 95576919 92576519 95576917 96576412 94576311 99576513 True True True
94576911 93576110 92576918 92576814 93576216 98576910 False False False
94576910 95576410 False False False
94576917 97576217 97576618 91576318 96576011 94576619 True False False
94576916 93576516 99576215 92576219 92576912 92576319 91576416 91576819 96576110 94576314 96576016 91576418 95576615 96576412 91576217 False False False
94576915 90576915 99576310 94576415 92576310 99576810 91576215 91576214 True True True
99576113 97576818 93576913 93576511 False False False
94576919 57258606 96576812 97576010 92576311 90576415 92576515 99576413 95576914 False False False
94576918 95576511 96576214 97576916 97576310 91576513 99576016 96576015 99576514 95576816 False False False
93576919 96576214 True True True
94576118 92576115 92576312 False False False
95576918 99576210 98576217 93576511 93576017 97576814 91576815 95576412 98576118 False False False
95576919 94576912 97576617 97576616 91576612 96576010 94576616 91576014 95576115 92576112 94576311 98576212 98576316 True False False
95576916 94576119 94576017 92576814 92576211 98576812 95576117 97576410 92576117 False False False
95576917 94576912 93576510 97576212 94576019 94576016 97576913 95576517 99576613 98576415 92576516 90576813 99576513 98576316 False False False
95576912 92576415 True False True
95576910 99576310 94576019 94576113 94576818 98576218 98576211 96576416 False False False
95576911 93576110 90576018 93576010 98576416 92576916 97576910 92576912 False False False
99576119 97576118 91576414 97576219 98576416 92576416 97576814 90576213 95576611 99576010 False False False
93576019 True True True
93576018 99959995 94576219 99576017 93576415 True True True
97576810 True True True
93576015 95576519 96576812 94576811 92576217 90576918 96576313 90576213 91576316 92576111 98576818 91576018 True True True
93576016 90576013 92576313 96576511 90576118 94576010 94576111 98576011 93576010 91576114 90576311 96576419 99576419 90576315 99576812 97576915 93576911 98576210 False False False
93576011 92576214 92576215 97576014 90576411 95576619 90576611 95576112 91576914 98576917 98576916 91576115 96576114 95576317 False False False
93576010 95576911 93576016 98576011 91576018 False False False
93576013 97576019 93576918 94576119 93576814 96576519 98576812 92576416 96576615 96576612 95576317 False False False
93576012 98576818 95576115 97576616 False False False
94576212 92576612 99576619 92576513 91576916 99576019 98576915 91576519 True True False
94576213 93576319 96576219 95576211 94576811 95576511 92576815 98576619 97716016 94576217 98576918 True True True
94576215 95576012 90576018 90576115 90576611 96576114 96576111 90576215 91576013 96576117 95576015 92576018 99576015 98576615 91576019 97576819 True True False
94576216 91576617 95576213 99576611 98576813 95576412 90576212 False False False
94576217 94576813 92576316 94576213 99576115 92576114 97576310 90576814 96576914 False False False
94576218 99576215 96576916 94576015 91576014 95576115 92576410 90576317 96576611 95576811 90576815 92576112 False True False
57253164 95576013 True False False
88243677 False False False
97576817 96576511 92576617 96576313 99576518 95576914 96576619 False False False
90576118 97576115 93576016 94576012 94576013 93576219 98576817 90576316 False False False
90576117 93576110 93576510 91576612 95576014 99576617 99576810 97576415 95576114 92576912 98576610 96576915 False False False
90576113 92576318 91576810 False False False
90576112 97576216 90576810 93576517 94576812 92576910 False False False
90576111 95576210 94576018 92576310 91576218 95576415 91576515 92576913 99576519 91576215 99576513 95576118 True True True
90576110 91576412 94576017 94576115 90576215 91576015 90576213 91576213 95576913 91576312 93576311 False False False
96576119 97576612 94576812 90576015 94576010 98576416 93576911 False False True
93576316 95576211 96576513 99576112 99576111 99576117 97576412 97576316 True True True
96576016 91576617 97576214 99576215 94576916 99576219 91576117 91576017 97576910 90576212 98576611 92576115 95576812 95576615 False False False
97576818 99576113 97576417 97576812 97576815 96576310 False False False
96576111 95576212 99576614 90576115 98576016 90576611 90576215 94576215 95576015 93576910 98576613 96576415 91576019 True False False
96576110 94576916 92576219 94576418 91576416 95576014 96576412 99576511 98576211 91576217 90576815 True True False
96576113 94576913 96576515 93576812 91576818 98576115 95576116 91576517 99576110 99576418 96576019 97576816 99576017 False False False
96576115 93576111 88207096 96576811 90716915 95576318 95576819 95576111 93576610 False False False
98576313 91576819 57265127 True False False
96576116 96576315 99576316 99576812 98576111 99576618 True False False
97576217 98576018 94576917 94576810 97576619 97576618 99576611 96576913 97576016 91576410 91576417 99576019 95576816 96576012 True True False
93576515 96576815 93576119 94576111 92576915 92576914 90576313 92576417 96576313 97576312 98576215 93576312 92576618 True False False
93576516 92576610 93576616 94576916 90576910 92576912 92576014 91576416 95576111 91576211 95576311 90576815 98576418 98576617 False False False
97576214 91576617 96576810 90576212 97576614 90576019 98576813 91576514 96576312 90576616 96576016 93576312 92576110 95576317 False False False
93576510 91576412 95576618 94576016 94576618 92576516 95576517 98576211 90576117 95576114 91576014 95576112 90576813 90576213 95576917 99576513 95576817 88143447 98576212 95576418 False False False
93576511 91576914 95576213 98576417 92576214 91576414 97576014 90576410 99576612 99576113 92576416 95576412 95576918 96576610 90576811 98576118 False False False
93576512 94576419 98576619 92576513 96576019 98576614 98576911 False False False
93576513 98576811 False False False
93576312 93576515 97576214 97576318 92576618 91576514 92576915 90576612 97576916 98576215 96576112 False False False
93576115 96576217 99576019 92576615 False False True
57208272 True True True
93576518 99576619 90576014 97576619 95576014 92576513 90576614 95576113 91576510 99576519 93576912 93576917 True True True
97576219 94576816 97576118 90576017 93576419 97576116 92576016 99576119 97576619 False False False
97576218 96576817 93576414 94576012 90576412 99576318 94576010 92576318 93576317 98576210 92576419 93576310 99576111 True False False
98576317 94576412 97576415 92576312 94576014 91576912 97576916 98576814 90576817 False True False
98576316 91576615 91576611 92576310 91576117 99576613 93576313 95576919 90576317 95576014 92576519 95576917 99576810 94576311 91576214 99576513 False False False
94576112 91576417 92576115 91576318 99576411 94576619 99576011 False False False
96576616 96576914 91576518 True True True
96576617 91576111 93576313 98576814 False True True
96576614 93576817 93576412 97576015 97716219 92576212 97576111 96576314 90576617 94716314 96576413 98576819 False False False
96576615 93576918 94576119 96576510 93576814 97576614 92576317 93576013 96576215 88121284 94576615 91576411 97576816 95576812 93576614 91576214 False False False
96576612 94576119 92576617 93576013 98576812 90576612 95576317 False False False
96576613 97576414 91576917 92576017 False False False
96576610 93576511 91576414 False False False
96576611 99576912 94576218 92576610 57258606 95576118 False True False
96576618 95576612 98576919 94576117 91576819 92576018 93576210 False False False
96576619 97576817 95576015 98576011 91576616 95576017 99576518 99576413 95576311 95576914 99576010 False False False
57170305 92576916 True False True
91576011 91576615 95576219 True False True
99576112 93576813 93576416 90576218 94576116 94576818 97576414 93576316 93576210 97576316 True True True
98576619 93576512 95576212 94576419 94576213 98576110 98576614 98576911 False False False
99576110 96576815 96576113 97576212 93576017 99576016 True False False
99576111 93576316 96576411 95576211 97576218 True False False
99576116 90576917 99576315 90576915 91576614 94576615 90576612 96576311 92576919 True True False
99576117 93576813 97576316 94576111 90576410 99576413 93576316 90576218 92576311 True False True
98576610 95576212 91576612 90576117 94576419 98576016 95576311 False False False
98576611 94576814 57171091 97576915 92576814 98576016 93576413 90576311 91576517 90576612 96576016 99576410 88143447 93576916 False False False
98576612 90576916 94576419 95576212 True True False
98576613 94576412 96576910 92576217 92576814 93576519 95576514 93576216 95576415 97576410 99576016 96576111 96576411 57265127 92576811 96576415 True True False
98576614 98576619 98576110 93576512 98576911 98576918 False False False
98576615 97576212 94576019 90576018 90576115 94576215 91576019 98576918 93576910 96576015 93576313 98576418 False False False
98576616 98576019 93576810 92576118 98576214 93576211 90576814 False False False
98576617 98576813 93576516 99576410 90576910 91576517 False False False
94576816 97576118 91576610 97576219 95576416 98576810 97576812 97576412 False False False
94576814 98576611 91576813 90576910 True True True
94576812 93576517 92576813 90576112 96576119 90576614 99576811 93576616 False False False
57171091 91576313 98576611 99576216 98576819 92576415 False False False
94576811 90576819 95576519 93576015 94576213 91576010 98576818 99576514 96576319 True True True
94576819 97576415 94576417 90576119 94576413 99576219 99576914 94576210 97576011 97576112 99576519 93576212 95576815 91576216 False False True
95576417 94576411 92576812 91576616 98576413 False False False
95576416 94576816 97576812 97576118 False False False
95576415 99576513 96576517 94576815 99576310 95576210 92576813 92576212 96576218 90576111 90576817 91576515 95576514 98576613 91576812 95576118 True True False
95576414 94576615 93576314 92576919 96576510 94576415 False False False
95576412 92576318 93576811 95576918 95576213 97576011 90576412 92576316 91576413 98576413 94576216 98576217 93576511 False False False
95576410 94576910 91576018 True False False