Label	trainingSize	SquaredLoss_Mean	Accuracy_Mean	Accuracy_SD	Accuracy_SE	Precision_Mean	Recall_Mean	F1	Accuracy_Median	PriorClass0_Mean	PriorClass0_SD	PriorClass0_SE	ProbabilityEstimate_0given0_Mean 	ProbabilityEstimate_0given0_SD 	ProbabilityEstimate_0given0_SE 	ProbabilityEstimate_1given1_Mean	ProbabilityEstimate_1given1_SD	ProbabilityEstimate_1given1_SE

original	0.9	0.0563	0.9352	0.0064	0.0009	0.9327	0.9003	0.9162	0.9362	0.6084	0.0014	0.0002	0.9406	0.0003	0.0	0.8973	0.0005	0.0
original	0.8	0.059	0.9315	0.0045	0.0006	0.9303	0.8921	0.9108	0.9308	0.6084	0.0022	0.0003	0.9402	0.0004	0.0	0.8974	0.0006	0.0
original	0.7	0.0622	0.9277	0.0042	0.0006	0.9309	0.881	0.9053	0.9281	0.6084	0.0033	0.0005	0.9404	0.0005	0.0	0.8972	0.0007	0.0
original	0.6	0.0642	0.9252	0.0036	0.0005	0.9347	0.8697	0.9011	0.9244	0.6081	0.004	0.0006	0.9392	0.0007	0.0	0.8955	0.0009	0.0
original	0.5	0.0707	0.918	0.0041	0.0006	0.9346	0.8502	0.8904	0.9181	0.6079	0.0047	0.0007	0.9407	0.0009	0.0	0.8971	0.0013	0.0
original	0.45	0.0737	0.9146	0.0046	0.0006	0.9344	0.8408	0.8851	0.914	0.6076	0.0052	0.0007	0.9405	0.001	0.0	0.8986	0.0016	0.0
original	0.4	0.0774	0.9106	0.0048	0.0007	0.9369	0.8273	0.8787	0.9106	0.6074	0.0057	0.0008	0.9411	0.0009	0.0	0.8984	0.0015	0.0
original	0.35	0.0837	0.9032	0.0073	0.001	0.937	0.8071	0.8673	0.9049	0.6073	0.0056	0.0008	0.9405	0.0012	0.0	0.898	0.0017	0.0
original	0.3	0.0923	0.8937	0.011	0.0016	0.9398	0.7789	0.8518	0.8955	0.6078	0.007	0.001	0.94	0.0013	0.0	0.8974	0.0021	0.0
original	0.1	0.2698	0.7112	0.0877	0.0124	0.9377	0.278	0.4289	0.6785	0.607	0.0136	0.0019	0.9402	0.0025	0.0	0.8925	0.0039	0.0
original	0.25	0.105	0.8802	0.0149	0.0021	0.942	0.7402	0.829	0.8846	0.6077	0.0079	0.0011	0.9401	0.0016	0.0	0.8982	0.0025	0.0
original	0.2	0.1305	0.8533	0.0249	0.0035	0.9509	0.6616	0.7803	0.8541	0.6111	0.0081	0.0011	0.9418	0.0016	0.0	0.8975	0.0022	0.0
original	0.05	0.3293	0.6557	0.068	0.0096	0.8951	0.1343	0.2336	0.6205	0.6137	0.0173	0.0025	0.9322	0.004	0.0	0.8791	0.0084	0.0

50perc_2repeat	0.1	0.2425	0.7391	0.0915	0.0129	0.9347	0.3541	0.5137	0.775	0.6061	0.0169	0.0024	0.938	0.0025	0.0	0.8959	0.004	0.0
5perc_2repeat	0.1	0.2603	0.7217	0.0895	0.0127	0.9311	0.3082	0.4632	0.7167	0.6088	0.0124	0.0018	0.9428	0.0025	0.0	0.8977	0.0045	0.0
40perc_2repeat	0.1	0.243	0.738	0.0911	0.0129	0.9372	0.3514	0.5111	0.7644	0.6062	0.0121	0.0017	0.9375	0.0035	0.0	0.8947	0.0046	0.0
70perc_5repeat	0.1	0.2677	0.7136	0.0845	0.012	0.935	0.2841	0.4358	0.7128	0.606	0.0133	0.0019	0.9406	0.0023	0.0	0.8901	0.0043	0.0
90perc_10repeat	0.05	0.3147	0.67	0.0856	0.0121	0.8914	0.1773	0.2958	0.6197	0.6026	0.0234	0.0033	0.9317	0.0046	0.0	0.8885	0.0067	0.0
30perc_2repeat	0.05	0.3261	0.6584	0.0705	0.01	0.893	0.1405	0.2427	0.6227	0.6143	0.0212	0.003	0.9294	0.0056	0.0	0.8861	0.0075	0.0
90perc_2repeat	0.05	0.2992	0.6845	0.0926	0.0131	0.897	0.2227	0.3568	0.6247	0.602	0.0194	0.0027	0.9305	0.0041	0.0	0.8893	0.0062	0.0
50perc_5repeat	0.05	0.3073	0.6778	0.0912	0.0129	0.888	0.2006	0.3272	0.6232	0.6029	0.0249	0.0035	0.9372	0.0054	0.0	0.8934	0.0092	0.0
15perc_2repeat	0.1	0.2584	0.7224	0.0773	0.0109	0.9426	0.3072	0.4634	0.74	0.6085	0.0138	0.002	0.9446	0.0026	0.0	0.8988	0.004	0.0
40perc_2repeat	0.05	0.3236	0.6616	0.0682	0.0096	0.9028	0.1482	0.2546	0.627	0.6116	0.0193	0.0027	0.9364	0.0049	0.0	0.8876	0.0086	0.0
15perc_2repeat	0.05	0.3314	0.6541	0.0721	0.0102	0.8924	0.129	0.2254	0.6182	0.6078	0.018	0.0025	0.9369	0.0055	0.0	0.8896	0.0081	0.0
5perc_5repeat	0.1	0.2491	0.7323	0.0896	0.0127	0.9357	0.3373	0.4958	0.7262	0.6091	0.0164	0.0023	0.9416	0.0024	0.0	0.8966	0.0053	0.0
50perc_10repeat	0.1	0.2615	0.7209	0.0887	0.0125	0.9278	0.3052	0.4593	0.7276	0.6124	0.0132	0.0019	0.942	0.003	0.0	0.895	0.0059	0.0
40perc_5repeat	0.05	0.3159	0.6681	0.088	0.0124	0.8646	0.18	0.2979	0.6143	0.6063	0.0226	0.0032	0.9203	0.0067	0.0	0.8632	0.0097	0.0
100perc_5repeat	0.05	0.3412	0.6439	0.0582	0.0082	0.8939	0.106	0.1895	0.6187	0.608	0.0197	0.0028	0.9319	0.005	0.0	0.8825	0.0072	0.0
60perc_5repeat	0.1	0.235	0.745	0.0817	0.0116	0.9385	0.3694	0.5302	0.7709	0.6055	0.013	0.0018	0.9371	0.0031	0.0	0.8955	0.0042	0.0
30perc_10repeat	0.1	0.2328	0.749	0.0885	0.0125	0.9317	0.3811	0.5409	0.7778	0.6074	0.0133	0.0019	0.9357	0.0029	0.0	0.8947	0.0048	0.0
60perc_10repeat	0.1	0.2604	0.72	0.0867	0.0123	0.9358	0.302	0.4566	0.697	0.6076	0.013	0.0018	0.9386	0.0024	0.0	0.8938	0.004	0.0
100perc_10repeat	0.05	0.3205	0.6632	0.0764	0.0108	0.8965	0.1533	0.2618	0.6194	0.6038	0.017	0.0024	0.9267	0.005	0.0	0.8791	0.008	0.0
15perc_10repeat	0.1	0.2573	0.7233	0.0934	0.0132	0.9325	0.3137	0.4694	0.6848	0.607	0.0161	0.0023	0.9362	0.0032	0.0	0.8931	0.0041	0.0
100perc_2repeat	0.05	0.3177	0.6662	0.0794	0.0112	0.903	0.1651	0.2791	0.6234	0.6109	0.0155	0.0022	0.926	0.0046	0.0	0.8841	0.0071	0.0
70perc_2repeat	0.05	0.3368	0.6476	0.0777	0.011	0.8817	0.1386	0.2395	0.6166	0.6149	0.0221	0.0031	0.9295	0.0071	0.0	0.8815	0.0082	0.0
5perc_10repeat	0.1	0.2395	0.7411	0.0854	0.0121	0.939	0.3581	0.5185	0.7651	0.6059	0.0109	0.0015	0.9442	0.0021	0.0	0.9039	0.0034	0.0
90perc_2repeat	0.1	0.2512	0.7294	0.0852	0.0121	0.9375	0.3286	0.4867	0.747	0.6134	0.0157	0.0022	0.9364	0.0028	0.0	0.8924	0.0037	0.0
40perc_10repeat	0.1	0.2219	0.7592	0.0867	0.0123	0.941	0.4096	0.5708	0.7867	0.6058	0.0133	0.0019	0.9434	0.0027	0.0	0.907	0.0037	0.0
30perc_10repeat	0.05	0.3334	0.6535	0.0766	0.0108	0.8913	0.1285	0.2246	0.6183	0.6098	0.0187	0.0026	0.9431	0.005	0.0	0.9001	0.007	0.0
40perc_10repeat	0.05	0.319	0.6664	0.075	0.0106	0.8959	0.1633	0.2762	0.6219	0.6087	0.0211	0.003	0.9395	0.0044	0.0	0.894	0.0074	0.0
90perc_5repeat	0.1	0.2469	0.7335	0.0942	0.0133	0.9307	0.3411	0.4992	0.7447	0.6062	0.0143	0.002	0.9353	0.0027	0.0	0.8912	0.0047	0.0
70perc_10repeat	0.1	0.2513	0.7299	0.0912	0.0129	0.9314	0.33	0.4873	0.7568	0.606	0.0128	0.0018	0.9326	0.0033	0.0	0.8848	0.005	0.0
5perc_10repeat	0.05	0.3149	0.6691	0.0754	0.0107	0.9083	0.1686	0.2844	0.6231	0.6081	0.0142	0.002	0.9357	0.0051	0.0	0.8943	0.0075	0.0
90perc_10repeat	0.1	0.26	0.7214	0.0976	0.0138	0.9274	0.3086	0.4631	0.6824	0.61	0.0139	0.002	0.9358	0.0032	0.0	0.8907	0.0041	0.0
60perc_5repeat	0.05	0.3205	0.6649	0.0799	0.0113	0.8842	0.1598	0.2707	0.6195	0.6091	0.0214	0.003	0.9312	0.0049	0.0	0.8802	0.0084	0.0
70perc_2repeat	0.1	0.217	0.7644	0.0804	0.0114	0.9407	0.4227	0.5833	0.7906	0.6061	0.0136	0.0019	0.9423	0.0031	0.0	0.9045	0.0051	0.0
60perc_2repeat	0.1	0.2512	0.7308	0.0888	0.0126	0.9347	0.3331	0.4912	0.7424	0.6102	0.0148	0.0021	0.9378	0.0035	0.0	0.892	0.0051	0.0
30perc_2repeat	0.1	0.2476	0.7338	0.0867	0.0123	0.943	0.34	0.4997	0.715	0.6095	0.013	0.0018	0.9424	0.0025	0.0	0.8993	0.0038	0.0
50perc_5repeat	0.1	0.2537	0.7271	0.0874	0.0124	0.9268	0.322	0.4779	0.7247	0.6072	0.0151	0.0021	0.937	0.0037	0.0	0.8922	0.0051	0.0
40perc_5repeat	0.1	0.234	0.7469	0.0823	0.0116	0.9374	0.3745	0.5352	0.7725	0.6084	0.0112	0.0016	0.9409	0.0031	0.0	0.8996	0.0047	0.0
70perc_5repeat	0.05	0.3126	0.6714	0.0857	0.0121	0.8948	0.1771	0.2956	0.6222	0.6042	0.0217	0.0031	0.9292	0.0047	0.0	0.8804	0.0091	0.0
50perc_2repeat	0.05	0.3273	0.6571	0.0681	0.0096	0.8812	0.136	0.2356	0.6191	0.6093	0.0199	0.0028	0.9294	0.0048	0.0	0.8778	0.0079	0.0
30perc_5repeat	0.1	0.2525	0.7284	0.0844	0.0119	0.9293	0.3251	0.4817	0.7294	0.6093	0.0125	0.0018	0.9448	0.0024	0.0	0.9003	0.0042	0.0
60perc_2repeat	0.05	0.3265	0.6572	0.0672	0.0095	0.8916	0.1472	0.2527	0.6216	0.6066	0.0219	0.0031	0.9286	0.006	0.0	0.883	0.0071	0.0
90perc_5repeat	0.05	0.3191	0.6668	0.0844	0.0119	0.8956	0.1693	0.2848	0.6175	0.6097	0.0262	0.0037	0.934	0.0044	0.0	0.8812	0.0074	0.0
15perc_5repeat	0.1	0.2375	0.7445	0.0912	0.0129	0.9399	0.3696	0.5305	0.7688	0.6065	0.0104	0.0015	0.9391	0.0029	0.0	0.8983	0.0038	0.0
5perc_2repeat	0.05	0.3174	0.6677	0.0797	0.0113	0.8793	0.1669	0.2806	0.6222	0.6091	0.0218	0.0031	0.9364	0.0055	0.0	0.8883	0.0111	0.0
60perc_10repeat	0.05	0.3171	0.6676	0.0785	0.0111	0.8988	0.1675	0.2824	0.6201	0.6084	0.0187	0.0026	0.9328	0.0051	0.0	0.8848	0.0088	0.0
70perc_10repeat	0.05	0.3049	0.6801	0.0852	0.0121	0.905	0.2056	0.3351	0.6286	0.6056	0.0208	0.0029	0.9437	0.0049	0.0	0.9056	0.007	0.0
15perc_5repeat	0.05	0.3137	0.6727	0.0849	0.012	0.9024	0.1845	0.3063	0.6219	0.608	0.019	0.0027	0.9467	0.0034	0.0	0.9061	0.0075	0.0
5perc_5repeat	0.05	0.3072	0.6766	0.0807	0.0114	0.9021	0.211	0.342	0.6348	0.6062	0.0189	0.0027	0.9333	0.0066	0.0	0.8989	0.0071	0.0
5perc_2repeat	0.2	0.1273	0.8567	0.0434	0.0061	0.9438	0.6754	0.7873	0.8676	0.6092	0.0097	0.0014	0.9403	0.0018	0.0	0.8974	0.0027	0.0
100perc_2repeat	0.1	0.2495	0.7324	0.0906	0.0128	0.94	0.336	0.495	0.7572	0.6089	0.0148	0.0021	0.9397	0.0026	0.0	0.8945	0.0041	0.0
100perc_5repeat	0.1	0.2576	0.7234	0.091	0.0129	0.9295	0.3128	0.468	0.7165	0.6116	0.014	0.002	0.9371	0.0028	0.0	0.8926	0.0039	0.0
40perc_2repeat	0.2	0.1248	0.8591	0.026	0.0037	0.947	0.6794	0.7912	0.8604	0.6075	0.0099	0.0014	0.9392	0.0018	0.0	0.8968	0.0029	0.0
15perc_2repeat	0.2	0.1244	0.8594	0.0264	0.0037	0.9464	0.6807	0.7919	0.8629	0.6082	0.0096	0.0014	0.9379	0.0019	0.0	0.895	0.0028	0.0
50perc_2repeat	0.2	0.1261	0.8581	0.027	0.0038	0.9488	0.6754	0.7891	0.8628	0.6084	0.0094	0.0013	0.9415	0.0016	0.0	0.8992	0.0026	0.0
100perc_10repeat	0.1	0.2418	0.7387	0.0817	0.0116	0.9371	0.3519	0.5116	0.7641	0.6064	0.0134	0.0019	0.9396	0.002	0.0	0.896	0.0034	0.0
30perc_2repeat	0.2	0.1234	0.8607	0.0365	0.0052	0.9461	0.6833	0.7935	0.8634	0.6054	0.0092	0.0013	0.9404	0.0015	0.0	0.8978	0.0029	0.0
40perc_5repeat	0.2	0.123	0.8607	0.0323	0.0046	0.9464	0.6837	0.7939	0.8682	0.6063	0.0088	0.0012	0.9401	0.002	0.0	0.8999	0.0029	0.0
30perc_5repeat	0.2	0.1295	0.8541	0.0284	0.004	0.9505	0.6633	0.7813	0.8615	0.6083	0.0092	0.0013	0.9393	0.0019	0.0	0.8945	0.0026	0.0
5perc_5repeat	0.2	0.1352	0.848	0.0423	0.006	0.9477	0.6488	0.7702	0.8544	0.6108	0.0091	0.0013	0.9363	0.0015	0.0	0.889	0.0026	0.0
15perc_5repeat	0.2	0.1301	0.8536	0.038	0.0054	0.9481	0.6639	0.781	0.8576	0.609	0.0109	0.0015	0.9406	0.0016	0.0	0.8961	0.0026	0.0
70perc_2repeat	0.2	0.1238	0.8603	0.0218	0.0031	0.9475	0.6822	0.7932	0.864	0.6087	0.0105	0.0015	0.9412	0.0014	0.0	0.8992	0.0022	0.0
60perc_2repeat	0.2	0.1237	0.8605	0.02	0.0028	0.9485	0.6822	0.7936	0.8618	0.6093	0.0083	0.0012	0.9396	0.002	0.0	0.898	0.0025	0.0
70perc_10repeat	0.2	0.129	0.8547	0.031	0.0044	0.9488	0.6662	0.7828	0.8629	0.6097	0.0095	0.0013	0.9411	0.0015	0.0	0.8971	0.0026	0.0
50perc_10repeat	0.2	0.1258	0.8579	0.0279	0.0039	0.9481	0.675	0.7886	0.8615	0.6074	0.0089	0.0013	0.9397	0.0017	0.0	0.8955	0.0028	0.0
60perc_10repeat	0.2	0.128	0.8556	0.032	0.0045	0.9485	0.6688	0.7845	0.8576	0.6083	0.0086	0.0012	0.939	0.0019	0.0	0.894	0.0029	0.0
50perc_5repeat	0.2	0.1278	0.8558	0.026	0.0037	0.9479	0.6697	0.7849	0.8579	0.6079	0.0087	0.0012	0.939	0.002	0.0	0.8941	0.0028	0.0
100perc_2repeat	0.2	0.1225	0.8612	0.0291	0.0041	0.9477	0.6843	0.7948	0.8673	0.6066	0.0083	0.0012	0.9374	0.0021	0.0	0.8954	0.0028	0.0
90perc_5repeat	0.2	0.1311	0.8527	0.0258	0.0037	0.9508	0.6596	0.7788	0.8543	0.6106	0.009	0.0013	0.9415	0.0019	0.0	0.8974	0.003	0.0
40perc_10repeat	0.2	0.1283	0.8555	0.0258	0.0037	0.9498	0.6674	0.7839	0.8624	0.6085	0.0071	0.001	0.9407	0.0015	0.0	0.8959	0.0025	0.0
70perc_5repeat	0.2	0.1393	0.8443	0.0514	0.0073	0.9469	0.6388	0.7629	0.8518	0.6108	0.0113	0.0016	0.9427	0.0019	0.0	0.8957	0.0034	0.0
90perc_10repeat	0.2	0.1216	0.8626	0.0193	0.0027	0.9481	0.6878	0.7973	0.8637	0.6077	0.0099	0.0014	0.9399	0.0016	0.0	0.8976	0.0026	0.0
60perc_5repeat	0.2	0.1306	0.8527	0.0395	0.0056	0.9477	0.6612	0.7789	0.8616	0.6086	0.0089	0.0013	0.9362	0.0022	0.0	0.8899	0.0029	0.0
30perc_10repeat	0.2	0.1246	0.8587	0.035	0.0049	0.9458	0.6791	0.7906	0.8674	0.6066	0.0107	0.0015	0.9379	0.0018	0.0	0.8949	0.0031	0.0
90perc_2repeat	0.2	0.1257	0.8582	0.0266	0.0038	0.9483	0.6762	0.7895	0.8635	0.6086	0.0092	0.0013	0.9419	0.0016	0.0	0.8983	0.0027	0.0
15perc_10repeat	0.2	0.1244	0.8596	0.0341	0.0048	0.9452	0.6817	0.7921	0.8653	0.606	0.0103	0.0015	0.9381	0.0019	0.0	0.8955	0.0026	0.0
100perc_5repeat	0.2	0.1205	0.8636	0.0229	0.0032	0.945	0.693	0.7996	0.869	0.607	0.0097	0.0014	0.939	0.0022	0.0	0.8985	0.0028	0.0
5perc_2repeat	0.4	0.0785	0.9091	0.0059	0.0008	0.9364	0.8242	0.8767	0.9091	0.6079	0.0061	0.0009	0.9405	0.0009	0.0	0.8977	0.0014	0.0
5perc_10repeat	0.2	0.1341	0.8496	0.0341	0.0048	0.951	0.651	0.7729	0.854	0.6109	0.0089	0.0013	0.9416	0.0014	0.0	0.8954	0.002	0.0
100perc_10repeat	0.2	0.1216	0.8623	0.0256	0.0036	0.9455	0.6887	0.7969	0.8703	0.6066	0.01	0.0014	0.9397	0.0016	0.0	0.8975	0.0023	0.0
5perc_5repeat	0.4	0.0781	0.9094	0.0058	0.0008	0.9356	0.8261	0.8774	0.9099	0.609	0.0057	0.0008	0.9378	0.0009	0.0	0.8949	0.0015	0.0
90perc_2repeat	0.4	0.0793	0.9081	0.006	0.0008	0.9363	0.8221	0.8755	0.9093	0.6092	0.0065	0.0009	0.9402	0.0012	0.0	0.8967	0.0016	0.0
90perc_5repeat	0.4	0.0785	0.9091	0.0059	0.0008	0.9371	0.8233	0.8765	0.9099	0.6085	0.0068	0.001	0.9377	0.0012	0.0	0.8942	0.0018	0.0
100perc_5repeat	0.4	0.0786	0.909	0.0048	0.0007	0.9363	0.8237	0.8764	0.9101	0.608	0.0057	0.0008	0.9397	0.0011	0.0	0.8968	0.0017	0.0
100perc_2repeat	0.4	0.0799	0.9076	0.0065	0.0009	0.9372	0.8196	0.8745	0.9083	0.609	0.0054	0.0008	0.9402	0.001	0.0	0.8962	0.0018	0.0
90perc_10repeat	0.4	0.0786	0.9092	0.0056	0.0008	0.9387	0.8218	0.8764	0.9096	0.6076	0.0056	0.0008	0.9401	0.001	0.0	0.897	0.0013	0.0
70perc_5repeat	0.4	0.0797	0.9079	0.0069	0.001	0.9378	0.8199	0.8749	0.9088	0.609	0.0065	0.0009	0.9427	0.001	0.0	0.9001	0.0017	0.0
100perc_10repeat	0.4	0.0794	0.9082	0.0066	0.0009	0.9362	0.8222	0.8755	0.9088	0.6087	0.0048	0.0007	0.9391	0.0011	0.0	0.8956	0.0016	0.0
5perc_2repeat	0.5	0.0698	0.9189	0.004	0.0006	0.9354	0.8513	0.8914	0.9196	0.6074	0.0045	0.0006	0.9405	0.0008	0.0	0.8973	0.0014	0.0
50perc_2repeat	0.5	0.0702	0.9185	0.0044	0.0006	0.9346	0.8513	0.891	0.9177	0.6081	0.0053	0.0007	0.9411	0.0009	0.0	0.8986	0.0013	0.0
30perc_2repeat	0.5	0.0713	0.9173	0.0035	0.0005	0.9344	0.8492	0.8897	0.9179	0.6098	0.0042	0.0006	0.9413	0.0007	0.0	0.899	0.0011	0.0
15perc_2repeat	0.5	0.0703	0.9183	0.0048	0.0007	0.9351	0.8503	0.8907	0.9187	0.6078	0.0045	0.0006	0.94	0.0009	0.0	0.8976	0.0012	0.0
70perc_2repeat	0.5	0.0705	0.9183	0.0043	0.0006	0.9352	0.8505	0.8908	0.9184	0.6083	0.0047	0.0007	0.9405	0.0009	0.0	0.8958	0.0012	0.0
90perc_2repeat	0.5	0.0705	0.918	0.0035	0.0005	0.9339	0.851	0.8905	0.9187	0.6086	0.0048	0.0007	0.939	0.0008	0.0	0.8955	0.0011	0.0
40perc_2repeat	0.5	0.0703	0.9182	0.0046	0.0006	0.9325	0.8523	0.8906	0.9195	0.6073	0.0051	0.0007	0.9393	0.0009	0.0	0.8974	0.0013	0.0
60perc_2repeat	0.5	0.0705	0.918	0.0046	0.0006	0.9365	0.8481	0.8901	0.9188	0.6081	0.0051	0.0007	0.9398	0.0008	0.0	0.8971	0.0013	0.0
60perc_5repeat	0.5	0.0695	0.9191	0.0045	0.0006	0.9361	0.8513	0.8917	0.9189	0.6081	0.005	0.0007	0.9395	0.001	0.0	0.8965	0.0014	0.0
70perc_10repeat	0.4	0.0801	0.9077	0.0061	0.0009	0.938	0.8194	0.8747	0.9083	0.6095	0.0067	0.0009	0.9399	0.0012	0.0	0.8947	0.0018	0.0
30perc_5repeat	0.5	0.0706	0.9178	0.0041	0.0006	0.9349	0.8494	0.8901	0.9183	0.6081	0.0044	0.0006	0.94	0.0009	0.0	0.896	0.0013	0.0
90perc_5repeat	0.5	0.0703	0.9185	0.0045	0.0006	0.9353	0.8513	0.8913	0.9183	0.6085	0.0058	0.0008	0.9392	0.001	0.0	0.8957	0.0013	0.0
50perc_5repeat	0.5	0.0697	0.9191	0.0037	0.0005	0.9352	0.8518	0.8915	0.9193	0.6075	0.0042	0.0006	0.9399	0.0008	0.0	0.8966	0.0014	0.0
40perc_5repeat	0.5	0.0707	0.9182	0.0046	0.0006	0.9362	0.8492	0.8906	0.918	0.6083	0.0048	0.0007	0.9397	0.0009	0.0	0.8952	0.0015	0.0
70perc_5repeat	0.5	0.0709	0.9176	0.0041	0.0006	0.9353	0.8491	0.8901	0.9185	0.6097	0.0049	0.0007	0.9403	0.0008	0.0	0.8965	0.001	0.0
5perc_5repeat	0.5	0.07	0.9186	0.004	0.0006	0.9345	0.8515	0.8911	0.9191	0.6072	0.0043	0.0006	0.9397	0.0008	0.0	0.8966	0.0013	0.0
90perc_10repeat	0.5	0.0693	0.9195	0.0044	0.0006	0.9348	0.8535	0.8923	0.9201	0.6064	0.0061	0.0009	0.939	0.0008	0.0	0.8967	0.0014	0.0
15perc_5repeat	0.5	0.0705	0.9183	0.0041	0.0006	0.9359	0.8499	0.8908	0.9192	0.6085	0.0051	0.0007	0.9405	0.0008	0.0	0.8964	0.0013	0.0
70perc_10repeat	0.5	0.0706	0.9177	0.0045	0.0006	0.933	0.8508	0.89	0.918	0.6067	0.0054	0.0008	0.9389	0.0009	0.0	0.8956	0.0014	0.0
50perc_10repeat	0.5	0.0698	0.9188	0.0048	0.0007	0.9347	0.852	0.8914	0.9193	0.6073	0.005	0.0007	0.9379	0.001	0.0	0.8946	0.0014	0.0
60perc_10repeat	0.5	0.0715	0.9173	0.0037	0.0005	0.9351	0.8483	0.8896	0.9176	0.6088	0.005	0.0007	0.942	0.0008	0.0	0.8989	0.0013	0.0
30perc_10repeat	0.5	0.0705	0.9182	0.0041	0.0006	0.935	0.8507	0.8909	0.9192	0.6091	0.0048	0.0007	0.9399	0.001	0.0	0.8956	0.0015	0.0
40perc_10repeat	0.5	0.0706	0.9178	0.0034	0.0005	0.9364	0.8479	0.89	0.918	0.6086	0.0045	0.0006	0.9397	0.001	0.0	0.895	0.0015	0.0
15perc_2repeat	0.4	0.0788	0.9088	0.0059	0.0008	0.9353	0.8241	0.8762	0.9095	0.6073	0.0062	0.0009	0.9389	0.0011	0.0	0.8941	0.0016	0.0
60perc_2repeat	0.4	0.0791	0.9085	0.0068	0.001	0.9378	0.8213	0.8757	0.9096	0.6093	0.0066	0.0009	0.94	0.0013	0.0	0.8959	0.002	0.0
30perc_2repeat	0.4	0.0787	0.9088	0.0066	0.0009	0.9363	0.8232	0.8761	0.9107	0.6081	0.0069	0.001	0.9389	0.0011	0.0	0.8966	0.0018	0.0
50perc_2repeat	0.4	0.0802	0.9076	0.0092	0.0013	0.9386	0.8181	0.8742	0.9089	0.6086	0.0075	0.0011	0.9419	0.0009	0.0	0.8995	0.0014	0.0
40perc_2repeat	0.4	0.078	0.9097	0.0055	0.0008	0.9357	0.8262	0.8775	0.9111	0.6074	0.0056	0.0008	0.9422	0.001	0.0	0.9022	0.0016	0.0
5perc_2repeat	0.7	0.0611	0.9292	0.0044	0.0006	0.9332	0.8822	0.907	0.9297	0.608	0.0027	0.0004	0.9403	0.0005	0.0	0.8973	0.0007	0.0
70perc_2repeat	0.4	0.0776	0.91	0.0058	0.0008	0.937	0.8255	0.8777	0.9106	0.6074	0.0062	0.0009	0.9405	0.0012	0.0	0.8994	0.0017	0.0
100perc_2repeat	0.5	0.07	0.919	0.0042	0.0006	0.9345	0.8529	0.8919	0.9193	0.6081	0.0055	0.0008	0.9396	0.0008	0.0	0.8965	0.0012	0.0
15perc_2repeat	0.7	0.0618	0.9283	0.0039	0.0006	0.9343	0.879	0.9058	0.9285	0.608	0.0034	0.0005	0.9404	0.0005	0.0	0.8972	0.0008	0.0
30perc_2repeat	0.7	0.0616	0.9286	0.0043	0.0006	0.9321	0.8816	0.9062	0.9291	0.6079	0.0028	0.0004	0.9397	0.0005	0.0	0.8963	0.001	0.0
15perc_10repeat	0.5	0.0707	0.9181	0.0042	0.0006	0.9348	0.8506	0.8907	0.9187	0.6084	0.0048	0.0007	0.9403	0.0008	0.0	0.897	0.0013	0.0

5perc_10repeat	0.5	0.0701	0.9187	0.0036	0.0005	0.9346	0.8523	0.8916	0.9187	0.6085	0.0051	0.0007	0.9387	0.0007	0.0	0.8935	0.0013	0.0
40perc_2repeat	0.7	0.0615	0.9288	0.0043	0.0006	0.9323	0.8822	0.9066	0.9292	0.6084	0.0037	0.0005	0.9407	0.0005	0.0	0.8985	0.0007	0.0
100perc_10repeat	0.5	0.0698	0.919	0.0045	0.0006	0.9348	0.8524	0.8917	0.9196	0.6072	0.004	0.0006	0.9395	0.0007	0.0	0.8961	0.001	0.0
50perc_2repeat	0.7	0.0607	0.9296	0.0036	0.0005	0.935	0.8818	0.9076	0.9295	0.6081	0.003	0.0004	0.9405	0.0005	0.0	0.8973	0.0009	0.0
60perc_5repeat	0.4	0.0785	0.9093	0.006	0.0009	0.9368	0.8243	0.8769	0.9091	0.6091	0.007	0.001	0.9391	0.001	0.0	0.8957	0.0016	0.0
50perc_5repeat	0.4	0.0783	0.9094	0.0072	0.001	0.9359	0.825	0.877	0.9098	0.6069	0.0076	0.0011	0.9405	0.001	0.0	0.8986	0.0017	0.0
5perc_10repeat	0.4	0.0794	0.908	0.0059	0.0008	0.9372	0.8203	0.8749	0.909	0.6084	0.0054	0.0008	0.9382	0.0011	0.0	0.8935	0.0018	0.0
40perc_5repeat	0.4	0.0777	0.9099	0.0059	0.0008	0.9369	0.8256	0.8777	0.9102	0.608	0.0059	0.0008	0.9409	0.0009	0.0	0.8984	0.0014	0.0
60perc_2repeat	0.7	0.0611	0.9292	0.004	0.0006	0.9337	0.8824	0.9073	0.9286	0.609	0.0043	0.0006	0.94	0.0005	0.0	0.8966	0.0008	0.0
30perc_5repeat	0.4	0.0785	0.9086	0.0053	0.0007	0.9356	0.8237	0.8761	0.908	0.6084	0.0053	0.0007	0.9384	0.0011	0.0	0.8945	0.0015	0.0
70perc_2repeat	0.7	0.0615	0.9286	0.0039	0.0005	0.9327	0.8814	0.9063	0.9289	0.6083	0.0037	0.0005	0.9395	0.0006	0.0	0.8965	0.0009	0.0
30perc_5repeat	0.7	0.0615	0.9285	0.0041	0.0006	0.933	0.8804	0.9059	0.9279	0.6079	0.0033	0.0005	0.9398	0.0006	0.0	0.897	0.0009	0.0
90perc_2repeat	0.7	0.0615	0.929	0.0042	0.0006	0.9335	0.8825	0.9073	0.9285	0.6091	0.0034	0.0005	0.9408	0.0005	0.0	0.8975	0.0009	0.0
70perc_5repeat	0.7	0.0615	0.9288	0.0045	0.0006	0.9332	0.8821	0.9069	0.9286	0.6085	0.004	0.0006	0.9404	0.0005	0.0	0.8968	0.0008	0.0
5perc_5repeat	0.7	0.0616	0.9287	0.0044	0.0006	0.9337	0.8812	0.9067	0.9289	0.609	0.0032	0.0004	0.9409	0.0005	0.0	0.8966	0.0008	0.0
40perc_5repeat	0.7	0.0618	0.9283	0.0037	0.0005	0.9334	0.8799	0.9059	0.9285	0.6081	0.0034	0.0005	0.9411	0.0006	0.0	0.898	0.0008	0.0
15perc_5repeat	0.7	0.062	0.9284	0.0035	0.0005	0.9337	0.8799	0.906	0.928	0.6086	0.0034	0.0005	0.9408	0.0006	0.0	0.8974	0.001	0.0
15perc_5repeat	0.4	0.0787	0.9087	0.0069	0.001	0.9367	0.8231	0.8763	0.9103	0.609	0.0063	0.0009	0.9397	0.0011	0.0	0.8955	0.0016	0.0
50perc_5repeat	0.7	0.0612	0.9286	0.0049	0.0007	0.9333	0.8809	0.9064	0.9292	0.6086	0.0038	0.0005	0.9398	0.0006	0.0	0.8962	0.0009	0.0
60perc_5repeat	0.7	0.0611	0.9292	0.0046	0.0006	0.9349	0.8805	0.9069	0.9299	0.6079	0.0039	0.0006	0.9405	0.0006	0.0	0.8976	0.0009	0.0
60perc_10repeat	0.4	0.0784	0.9094	0.0059	0.0008	0.9374	0.8236	0.8768	0.9101	0.6077	0.006	0.0008	0.9408	0.0011	0.0	0.8988	0.0016	0.0
90perc_5repeat	0.7	0.062	0.9279	0.0042	0.0006	0.9312	0.8806	0.9052	0.9274	0.608	0.004	0.0006	0.9397	0.0005	0.0	0.8968	0.0007	0.0
100perc_5repeat	0.7	0.0615	0.9284	0.0042	0.0006	0.9331	0.8808	0.9062	0.9289	0.6084	0.0027	0.0004	0.9397	0.0006	0.0	0.8959	0.0008	0.0
100perc_2repeat	0.7	0.0625	0.9274	0.0043	0.0006	0.9314	0.8792	0.9046	0.9267	0.6081	0.0033	0.0005	0.9406	0.0005	0.0	0.8972	0.0008	0.0
90perc_10repeat	0.7	0.0614	0.9287	0.0046	0.0007	0.9321	0.882	0.9064	0.9286	0.6079	0.0032	0.0005	0.9401	0.0005	0.0	0.8963	0.0009	0.0
100perc_10repeat	0.7	0.0621	0.9279	0.0039	0.0005	0.9322	0.8799	0.9053	0.9269	0.6082	0.003	0.0004	0.9395	0.0005	0.0	0.8963	0.0007	0.0
70perc_10repeat	0.7	0.0616	0.9287	0.0044	0.0006	0.932	0.8826	0.9067	0.9285	0.6085	0.0035	0.0005	0.9398	0.0005	0.0	0.8962	0.0008	0.0
50perc_10repeat	0.4	0.0781	0.9095	0.0055	0.0008	0.9363	0.8253	0.8773	0.9091	0.6082	0.0054	0.0008	0.94	0.0011	0.0	0.8962	0.0017	0.0
50perc_10repeat	0.7	0.0619	0.9285	0.0042	0.0006	0.9329	0.8801	0.9057	0.9281	0.6077	0.0029	0.0004	0.9416	0.0005	0.0	0.8996	0.0008	0.0
60perc_10repeat	0.7	0.0623	0.9279	0.0037	0.0005	0.9329	0.8792	0.9053	0.9272	0.6089	0.0032	0.0005	0.9409	0.0006	0.0	0.8966	0.0008	0.0
60perc_2repeat	0.8	0.0576	0.9336	0.0053	0.0007	0.934	0.8939	0.9135	0.9335	0.6085	0.003	0.0004	0.9403	0.0005	0.0	0.8967	0.0007	0.0
50perc_2repeat	0.8	0.0591	0.9316	0.005	0.0007	0.9314	0.8914	0.911	0.9315	0.6089	0.0027	0.0004	0.9404	0.0004	0.0	0.897	0.0007	0.0
40perc_2repeat	0.8	0.0584	0.932	0.0058	0.0008	0.9319	0.8913	0.9111	0.9314	0.6084	0.0029	0.0004	0.9403	0.0005	0.0	0.8966	0.0008	0.0
40perc_10repeat	0.7	0.0619	0.9279	0.0038	0.0005	0.9311	0.8813	0.9055	0.9279	0.6085	0.0027	0.0004	0.9391	0.0005	0.0	0.8956	0.0007	0.0
30perc_10repeat	0.7	0.0611	0.929	0.0041	0.0006	0.9313	0.8833	0.9067	0.9291	0.6078	0.0032	0.0004	0.9391	0.0005	0.0	0.8956	0.0009	0.0
40perc_10repeat	0.4	0.078	0.9097	0.0052	0.0007	0.9367	0.8252	0.8774	0.9101	0.6073	0.0062	0.0009	0.94	0.0012	0.0	0.899	0.0016	0.0
100perc_5repeat	0.8	0.0576	0.9332	0.0053	0.0007	0.9328	0.8942	0.9131	0.9332	0.6083	0.0018	0.0003	0.9398	0.0004	0.0	0.8962	0.0006	0.0
50perc_5repeat	0.8	0.0574	0.9337	0.0054	0.0008	0.9336	0.8938	0.9133	0.9344	0.6081	0.0029	0.0004	0.94	0.0005	0.0	0.8965	0.0008	0.0
100perc_2repeat	0.8	0.0589	0.9314	0.0043	0.0006	0.9326	0.8898	0.9107	0.9318	0.6085	0.0019	0.0003	0.9404	0.0004	0.0	0.8978	0.0006	0.0
30perc_10repeat	0.4	0.0785	0.9093	0.0057	0.0008	0.9366	0.8239	0.8767	0.9106	0.6067	0.0057	0.0008	0.9409	0.0011	0.0	0.8987	0.0016	0.0
100perc_10repeat	0.8	0.0582	0.9325	0.0046	0.0006	0.9309	0.8946	0.9124	0.9327	0.6086	0.0023	0.0003	0.9405	0.0004	0.0	0.8975	0.0005	0.0
5perc_2repeat	0.9	0.0564	0.9341	0.0067	0.0009	0.9319	0.8986	0.915	0.9339	0.6085	0.0014	0.0002	0.9405	0.0003	0.0	0.897	0.0004	0.0
15perc_2repeat	0.9	0.0559	0.935	0.0069	0.001	0.9327	0.8995	0.9158	0.9357	0.6084	0.0018	0.0003	0.9406	0.0004	0.0	0.8979	0.0006	0.0
90perc_5repeat	0.8	0.0591	0.9312	0.0048	0.0007	0.9322	0.8901	0.9106	0.9314	0.6094	0.0029	0.0004	0.9403	0.0004	0.0	0.8968	0.0006	0.0
30perc_5repeat	0.8	0.0583	0.9324	0.0049	0.0007	0.9324	0.8929	0.9122	0.9334	0.6086	0.0027	0.0004	0.9405	0.0005	0.0	0.897	0.0008	0.0
15perc_10repeat	0.7	0.0608	0.9294	0.004	0.0006	0.9343	0.88	0.9063	0.9298	0.6067	0.0031	0.0004	0.9405	0.0006	0.0	0.8983	0.0009	0.0
5perc_10repeat	0.7	0.0617	0.9283	0.0033	0.0005	0.9336	0.88	0.906	0.9277	0.6087	0.0028	0.0004	0.9406	0.0005	0.0	0.8971	0.0007	0.0
40perc_5repeat	0.8	0.0581	0.9326	0.0056	0.0008	0.9332	0.892	0.9121	0.9321	0.6083	0.003	0.0004	0.9402	0.0005	0.0	0.897	0.0008	0.0
90perc_10repeat	0.8	0.0583	0.9322	0.0061	0.0009	0.9323	0.8917	0.9115	0.9327	0.6082	0.0029	0.0004	0.9397	0.0004	0.0	0.8963	0.0006	0.0
30perc_2repeat	0.9	0.0567	0.9342	0.007	0.001	0.9329	0.8961	0.9141	0.9352	0.6081	0.002	0.0003	0.9406	0.0004	0.0	0.8982	0.0005	0.0
40perc_2repeat	0.9	0.0575	0.9336	0.007	0.001	0.9307	0.8971	0.9136	0.9344	0.6081	0.0019	0.0003	0.9408	0.0004	0.0	0.8978	0.0007	0.0
70perc_2repeat	0.8	0.0579	0.9329	0.0043	0.0006	0.9319	0.8943	0.9127	0.9332	0.608	0.0021	0.0003	0.9399	0.0004	0.0	0.8963	0.0007	0.0
60perc_2repeat	0.9	0.057	0.9338	0.0068	0.001	0.9294	0.8995	0.9142	0.9331	0.6079	0.0022	0.0003	0.9401	0.0003	0.0	0.8964	0.0005	0.0
15perc_10repeat	0.4	0.0783	0.9091	0.0053	0.0008	0.9355	0.8248	0.8767	0.9088	0.6074	0.005	0.0007	0.9402	0.001	0.0	0.8969	0.0016	0.0
70perc_10repeat	0.8	0.059	0.9318	0.0038	0.0005	0.9318	0.8911	0.911	0.9326	0.6081	0.0028	0.0004	0.9399	0.0004	0.0	0.8964	0.0007	0.0
70perc_2repeat	0.9	0.0549	0.9367	0.0056	0.0008	0.9339	0.9037	0.9186	0.9363	0.6089	0.0028	0.0004	0.9406	0.0004	0.0	0.897	0.0006	0.0
30perc_2repeat	0.8	0.0577	0.9328	0.0058	0.0008	0.9318	0.8936	0.9123	0.933	0.608	0.003	0.0004	0.9394	0.0004	0.0	0.8963	0.0007	0.0
5perc_5repeat	0.9	0.0566	0.9345	0.0079	0.0011	0.9324	0.9002	0.916	0.9336	0.6088	0.0015	0.0002	0.9405	0.0003	0.0	0.8966	0.0004	0.0
50perc_10repeat	0.8	0.0575	0.9331	0.0058	0.0008	0.9343	0.8924	0.9129	0.9333	0.6082	0.0027	0.0004	0.9401	0.0005	0.0	0.8972	0.0006	0.0
30perc_5repeat	0.9	0.0564	0.9343	0.0062	0.0009	0.9293	0.9006	0.9148	0.9342	0.608	0.0018	0.0003	0.9403	0.0003	0.0	0.8971	0.0005	0.0
90perc_2repeat	0.8	0.0586	0.9321	0.0053	0.0007	0.9327	0.8921	0.9119	0.9322	0.609	0.0029	0.0004	0.9408	0.0004	0.0	0.897	0.0007	0.0
90perc_2repeat	0.9	0.057	0.9341	0.0077	0.0011	0.9331	0.8989	0.9157	0.934	0.6092	0.0022	0.0003	0.9405	0.0003	0.0	0.897	0.0005	0.0
15perc_2repeat	0.8	0.0584	0.9322	0.0044	0.0006	0.9311	0.893	0.9116	0.9323	0.6084	0.0026	0.0004	0.9404	0.0005	0.0	0.8974	0.0008	0.0
15perc_5repeat	0.9	0.0554	0.9357	0.0067	0.001	0.9316	0.9014	0.9163	0.9348	0.608	0.0015	0.0002	0.9401	0.0002	0.0	0.897	0.0004	0.0
5perc_2repeat	0.8	0.0573	0.9333	0.0049	0.0007	0.9326	0.8942	0.913	0.9334	0.6081	0.0022	0.0003	0.9392	0.0003	0.0	0.8961	0.0005	0.0
100perc_5repeat	0.9	0.0556	0.9354	0.0072	0.001	0.9288	0.903	0.9157	0.9356	0.6079	0.0015	0.0002	0.9399	0.0002	0.0	0.897	0.0004	0.0
40perc_5repeat	0.9	0.0555	0.9357	0.008	0.0011	0.93	0.9023	0.9159	0.9379	0.6079	0.0016	0.0002	0.94	0.0003	0.0	0.897	0.0006	0.0
60perc_5repeat	0.9	0.0555	0.9355	0.0068	0.001	0.931	0.9011	0.9158	0.936	0.6079	0.0025	0.0004	0.9399	0.0004	0.0	0.8965	0.0006	0.0
70perc_5repeat	0.9	0.0558	0.935	0.0074	0.0011	0.932	0.9	0.9157	0.9348	0.6085	0.0025	0.0003	0.9402	0.0003	0.0	0.8965	0.0005	0.0
90perc_5repeat	0.9	0.0574	0.9337	0.0069	0.001	0.9314	0.8983	0.9145	0.9337	0.6082	0.0028	0.0004	0.941	0.0003	0.0	0.8977	0.0005	0.0
50perc_5repeat	0.9	0.0574	0.9334	0.0071	0.001	0.9321	0.8968	0.9141	0.9332	0.6088	0.0023	0.0003	0.9404	0.0004	0.0	0.897	0.0005	0.0
40perc_10repeat	0.8	0.0584	0.9325	0.0045	0.0006	0.9334	0.8918	0.9122	0.9319	0.6084	0.0022	0.0003	0.9405	0.0005	0.0	0.897	0.0007	0.0
100perc_10repeat	0.9	0.0563	0.9344	0.0077	0.0011	0.9306	0.9	0.915	0.9343	0.6083	0.0015	0.0002	0.9404	0.0003	0.0	0.8973	0.0004	0.0
50perc_2repeat	0.9	0.0562	0.9345	0.0073	0.001	0.9318	0.8991	0.9152	0.9341	0.6085	0.0023	0.0003	0.9403	0.0003	0.0	0.8969	0.0005	0.0
90perc_10repeat	0.9	0.0565	0.9341	0.0068	0.001	0.9318	0.898	0.9146	0.9336	0.6085	0.0029	0.0004	0.9405	0.0003	0.0	0.897	0.0004	0.0
30perc_10repeat	0.8	0.0586	0.9319	0.0051	0.0007	0.9322	0.8906	0.911	0.9313	0.608	0.0028	0.0004	0.9403	0.0004	0.0	0.8976	0.0006	0.0
70perc_5repeat	0.8	0.0589	0.9321	0.0045	0.0006	0.9326	0.8913	0.9115	0.9323	0.6088	0.0027	0.0004	0.9407	0.0004	0.0	0.8976	0.0007	0.0
60perc_5repeat	0.8	0.058	0.9332	0.0045	0.0006	0.9341	0.8929	0.913	0.9328	0.6087	0.003	0.0004	0.9409	0.0004	0.0	0.8977	0.0007	0.0
100perc_2repeat	0.9	0.0558	0.9351	0.0061	0.0009	0.9313	0.901	0.9159	0.9359	0.6083	0.0014	0.0002	0.9404	0.0003	0.0	0.8969	0.0003	0.0
60perc_10repeat	0.9	0.0561	0.935	0.0067	0.001	0.9286	0.9023	0.9153	0.9359	0.608	0.0026	0.0004	0.9402	0.0003	0.0	0.8972	0.0004	0.0
30perc_10repeat	0.9	0.0575	0.9334	0.0069	0.001	0.9305	0.8997	0.9149	0.9346	0.6087	0.0018	0.0003	0.9401	0.0003	0.0	0.8965	0.0004	0.0
40perc_10repeat	0.9	0.0552	0.9364	0.0058	0.0008	0.9359	0.9007	0.9179	0.9368	0.6086	0.0019	0.0003	0.94	0.0003	0.0	0.8969	0.0004	0.0
15perc_10repeat	0.8	0.0595	0.9306	0.005	0.0007	0.9301	0.8891	0.9091	0.9303	0.6079	0.0023	0.0003	0.9408	0.0004	0.0	0.8978	0.0006	0.0
50perc_10repeat	0.9	0.0562	0.9346	0.008	0.0011	0.9317	0.901	0.9161	0.9363	0.6089	0.0019	0.0003	0.9403	0.0003	0.0	0.8965	0.0005	0.0
15perc_5repeat	0.8	0.0589	0.9315	0.0048	0.0007	0.9327	0.8909	0.9113	0.9319	0.6092	0.0022	0.0003	0.9399	0.0004	0.0	0.8957	0.0007	0.0
60perc_10repeat	0.8	0.0586	0.9322	0.0053	0.0008	0.9302	0.8933	0.9114	0.9314	0.6083	0.0025	0.0004	0.9411	0.0005	0.0	0.8976	0.0009	0.0
5perc_5repeat	0.8	0.0576	0.9332	0.0044	0.0006	0.9327	0.8945	0.9132	0.9332	0.6084	0.0022	0.0003	0.9403	0.0004	0.0	0.8972	0.0005	0.0
70perc_10repeat	0.9	0.0575	0.9336	0.0077	0.0011	0.9325	0.8946	0.9132	0.9337	0.608	0.0022	0.0003	0.9402	0.0003	0.0	0.8974	0.0005	0.0
15perc_10repeat	0.9	0.0546	0.9361	0.0074	0.0011	0.9319	0.9038	0.9177	0.9368	0.6085	0.0018	0.0003	0.94	0.0002	0.0	0.8967	0.0004	0.0
5perc_10repeat	0.9	0.0567	0.9348	0.0073	0.001	0.9329	0.897	0.9146	0.9346	0.608	0.0017	0.0002	0.9404	0.0003	0.0	0.8973	0.0005	0.0
5perc_10repeat	0.8	0.059	0.9315	0.0049	0.0007	0.9309	0.8921	0.9111	0.9314	0.6087	0.0024	0.0003	0.9402	0.0003	0.0	0.8965	0.0005	0.0
