Label	trainingSize	SquaredLoss_Mean	Accuracy_Mean	Accuracy_SD	Accuracy_SE	Precision_Mean	Recall_Mean	F1	Accuracy_Median	PriorClass0_Mean	PriorClass0_SD	PriorClass0_SE	ProbabilityEstimate_0given0_Mean 	ProbabilityEstimate_0given0_SD 	ProbabilityEstimate_0given0_SE 	ProbabilityEstimate_1given1_Mean	ProbabilityEstimate_1given1_SD	ProbabilityEstimate_1given1_SE

original	0.9	0.0563	0.9352	0.0064	0.0009	0.9327	0.9003	0.9162	0.9362	0.6084	0.0014	0.0002	0.9406	0.0003	0.0	0.8973	0.0005	0.0
original	0.8	0.059	0.9315	0.0045	0.0006	0.9303	0.8921	0.9108	0.9308	0.6084	0.0022	0.0003	0.9402	0.0004	0.0	0.8974	0.0006	0.0
original	0.7	0.0622	0.9277	0.0042	0.0006	0.9309	0.881	0.9053	0.9281	0.6084	0.0033	0.0005	0.9404	0.0005	0.0	0.8972	0.0007	0.0
original	0.6	0.0642	0.9252	0.0036	0.0005	0.9347	0.8697	0.9011	0.9244	0.6081	0.004	0.0006	0.9392	0.0007	0.0	0.8955	0.0009	0.0
original	0.5	0.0707	0.918	0.0041	0.0006	0.9346	0.8502	0.8904	0.9181	0.6079	0.0047	0.0007	0.9407	0.0009	0.0	0.8971	0.0013	0.0
original	0.45	0.0737	0.9146	0.0046	0.0006	0.9344	0.8408	0.8851	0.914	0.6076	0.0052	0.0007	0.9405	0.001	0.0	0.8986	0.0016	0.0
original	0.4	0.0774	0.9106	0.0048	0.0007	0.9369	0.8273	0.8787	0.9106	0.6074	0.0057	0.0008	0.9411	0.0009	0.0	0.8984	0.0015	0.0
original	0.35	0.0837	0.9032	0.0073	0.001	0.937	0.8071	0.8673	0.9049	0.6073	0.0056	0.0008	0.9405	0.0012	0.0	0.898	0.0017	0.0
original	0.3	0.0923	0.8937	0.011	0.0016	0.9398	0.7789	0.8518	0.8955	0.6078	0.007	0.001	0.94	0.0013	0.0	0.8974	0.0021	0.0
original	0.1	0.2698	0.7112	0.0877	0.0124	0.9377	0.278	0.4289	0.6785	0.607	0.0136	0.0019	0.9402	0.0025	0.0	0.8925	0.0039	0.0
original	0.25	0.105	0.8802	0.0149	0.0021	0.942	0.7402	0.829	0.8846	0.6077	0.0079	0.0011	0.9401	0.0016	0.0	0.8982	0.0025	0.0
original	0.2	0.1305	0.8533	0.0249	0.0035	0.9509	0.6616	0.7803	0.8541	0.6111	0.0081	0.0011	0.9418	0.0016	0.0	0.8975	0.0022	0.0
original	0.05	0.3293	0.6557	0.068	0.0096	0.8951	0.1343	0.2336	0.6205	0.6137	0.0173	0.0025	0.9322	0.004	0.0	0.8791	0.0084	0.0


60perc_2repeat	0.1	0.354	0.6165	0.0122	0.0017	0.8802	0.024	0.0468	0.6144	0.6097	0.0139	0.002	0.816	0.003	0.0	0.6868	0.0049	0.0
15perc_2repeat	0.1	0.3241	0.6555	0.0644	0.0091	0.916	0.1289	0.226	0.625	0.6094	0.0126	0.0018	0.9091	0.0028	0.0	0.8402	0.0048	0.0
40perc_2repeat	0.1	0.3532	0.6214	0.0196	0.0028	0.8835	0.0373	0.0715	0.6166	0.6068	0.0151	0.0021	0.8527	0.0028	0.0	0.747	0.0047	0.0
30perc_2repeat	0.1	0.3472	0.6302	0.0439	0.0062	0.893	0.0612	0.1146	0.6194	0.6079	0.0133	0.0019	0.881	0.0024	0.0	0.7947	0.0032	0.0
15perc_2repeat	0.05	0.3473	0.6355	0.054	0.0076	0.8862	0.0772	0.1421	0.6144	0.609	0.0211	0.003	0.9007	0.0061	0.0	0.835	0.0068	0.0
30perc_5repeat	0.05	0.3552	0.6244	0.0456	0.0065	0.8895	0.0456	0.0867	0.612	0.6091	0.0202	0.0029	0.8627	0.0043	0.0	0.7526	0.0078	0.0
40perc_5repeat	0.1	0.3521	0.6211	0.0335	0.0047	0.8817	0.037	0.0711	0.6155	0.6083	0.0128	0.0018	0.8374	0.0031	0.0	0.7238	0.004	0.0
40perc_5repeat	0.05	0.3475	0.6283	0.0563	0.008	0.8678	0.0603	0.1128	0.611	0.6105	0.0211	0.003	0.83	0.0065	0.0	0.7149	0.0079	0.0
40perc_2repeat	0.05	0.3558	0.6199	0.028	0.004	0.8688	0.0325	0.0627	0.612	0.6074	0.0175	0.0025	0.8423	0.006	0.0	0.7518	0.0068	0.0
100perc_5repeat	0.05	0.3343	0.6084	0.0018	0.0003	0.1069	0.0008	0.0016	0.608	0.6123	0.02	0.0028	0.6759	0.0069	0.0	0.4524	0.0099	0.0
30perc_2repeat	0.05	0.3547	0.6253	0.0483	0.0068	0.8748	0.0685	0.1271	0.612	0.6094	0.0219	0.0031	0.8742	0.0051	0.0	0.786	0.0073	0.0
50perc_5repeat	0.1	0.3549	0.6145	0.004	0.0006	0.8792	0.0186	0.0364	0.6141	0.6089	0.014	0.002	0.807	0.0027	0.0	0.6708	0.0053	0.0
50perc_5repeat	0.05	0.3508	0.6211	0.0385	0.0054	0.82	0.0357	0.0684	0.6107	0.6111	0.0215	0.003	0.803	0.0045	0.0	0.6669	0.0094	0.0
15perc_5repeat	0.1	0.3178	0.6583	0.0569	0.008	0.9162	0.1356	0.2363	0.6325	0.6084	0.0143	0.002	0.9044	0.0026	0.0	0.8377	0.004	0.0
5perc_5repeat	0.1	0.273	0.7077	0.0911	0.0129	0.9285	0.2695	0.4177	0.6926	0.6078	0.0135	0.0019	0.9253	0.0033	0.0	0.8711	0.005	0.0
90perc_10repeat	0.05	0.3364	0.6083	0.0011	0.0002	0.1179	0.0001	0.0002	0.6084	0.6081	0.0203	0.0029	0.6797	0.0058	0.0	0.4708	0.0074	0.0
100perc_10repeat	0.05	0.3308	0.6079	0.001	0.0001	0.002	0.0	0.0	0.6079	0.615	0.019	0.0027	0.6517	0.006	0.0	0.4167	0.007	0.0
50perc_2repeat	0.1	0.3563	0.6165	0.0145	0.0021	0.8586	0.0258	0.0501	0.6146	0.6127	0.0131	0.0019	0.8327	0.0037	0.0	0.7099	0.0046	0.0
70perc_2repeat	0.1	0.3551	0.613	0.0033	0.0005	0.8649	0.0155	0.0305	0.6128	0.6122	0.0117	0.0016	0.7972	0.0034	0.0	0.652	0.0039	0.0
5perc_2repeat	0.1	0.2538	0.7258	0.0849	0.012	0.9375	0.3176	0.4744	0.7462	0.608	0.0129	0.0018	0.9292	0.003	0.0	0.8833	0.0038	0.0
90perc_2repeat	0.05	0.3509	0.6107	0.0085	0.0012	0.6765	0.0066	0.0131	0.609	0.6075	0.019	0.0027	0.7509	0.0057	0.0	0.5798	0.0087	0.0
70perc_2repeat	0.05	0.3421	0.6287	0.0599	0.0085	0.8203	0.0589	0.1099	0.6105	0.6081	0.0183	0.0026	0.7938	0.0061	0.0	0.6533	0.0101	0.0
5perc_10repeat	0.1	0.2982	0.682	0.0833	0.0118	0.9175	0.2013	0.3302	0.6271	0.6107	0.0132	0.0019	0.9247	0.0034	0.0	0.8664	0.0048	0.0
100perc_2repeat	0.05	0.3495	0.6091	0.0043	0.0006	0.3812	0.0032	0.0063	0.6081	0.6139	0.0213	0.003	0.7317	0.006	0.0	0.5445	0.0084	0.0
70perc_10repeat	0.1	0.3455	0.6094	0.0029	0.0004	0.6982	0.0036	0.0072	0.6086	0.6094	0.0122	0.0017	0.7351	0.0036	0.0	0.5634	0.0042	0.0
90perc_2repeat	0.1	0.3437	0.6128	0.0168	0.0024	0.8373	0.0123	0.0243	0.6097	0.6068	0.0112	0.0016	0.7443	0.0039	0.0	0.5868	0.0049	0.0
50perc_10repeat	0.05	0.3461	0.6252	0.0572	0.0081	0.8027	0.0566	0.1057	0.6107	0.6026	0.017	0.0024	0.7935	0.005	0.0	0.6515	0.0079	0.0
15perc_10repeat	0.05	0.3506	0.6326	0.0553	0.0078	0.8962	0.0702	0.1302	0.6136	0.6101	0.0179	0.0025	0.8998	0.0049	0.0	0.8268	0.0065	0.0
90perc_5repeat	0.1	0.3385	0.6086	0.0019	0.0003	0.2687	0.0003	0.0007	0.6085	0.6064	0.0154	0.0022	0.6987	0.0035	0.0	0.5063	0.0045	0.0
60perc_10repeat	0.1	0.3509	0.6113	0.0037	0.0005	0.8473	0.0094	0.0187	0.6104	0.6094	0.0136	0.0019	0.7677	0.003	0.0	0.607	0.0046	0.0
30perc_10repeat	0.05	0.3651	0.6153	0.0247	0.0035	0.8648	0.0203	0.0397	0.6109	0.6114	0.0168	0.0024	0.86	0.0042	0.0	0.7336	0.0074	0.0
40perc_10repeat	0.05	0.3528	0.6221	0.0409	0.0058	0.8867	0.0411	0.0785	0.6114	0.6107	0.0219	0.0031	0.8254	0.0045	0.0	0.7057	0.0076	0.0
5perc_10repeat	0.05	0.3287	0.6557	0.0743	0.0105	0.9	0.1335	0.2325	0.6152	0.6107	0.0211	0.003	0.9252	0.0045	0.0	0.8714	0.0072	0.0
90perc_10repeat	0.1	0.336	0.608	0.0016	0.0002	0.0401	0.0	0.0	0.6082	0.6104	0.0141	0.002	0.6785	0.0039	0.0	0.4655	0.0043	0.0
60perc_5repeat	0.05	0.3595	0.6099	0.0024	0.0003	0.7446	0.0054	0.0107	0.6097	0.6123	0.0211	0.003	0.7847	0.0054	0.0	0.6198	0.0084	0.0
50perc_2repeat	0.05	0.3672	0.6092	0.0332	0.0047	0.8522	0.0347	0.0667	0.611	0.6081	0.0231	0.0033	0.8345	0.005	0.0	0.7021	0.0083	0.0
5perc_2repeat	0.05	0.312	0.6717	0.0841	0.0119	0.8979	0.1806	0.3007	0.6222	0.6075	0.0229	0.0032	0.9262	0.0055	0.0	0.8819	0.0052	0.0
60perc_2repeat	0.05	0.3592	0.6135	0.0402	0.0057	0.8172	0.0431	0.0819	0.6112	0.6093	0.0208	0.0029	0.8137	0.0054	0.0	0.6848	0.0088	0.0
5perc_5repeat	0.05	0.3228	0.6615	0.0817	0.0116	0.8966	0.1552	0.2646	0.6201	0.6065	0.024	0.0034	0.926	0.0053	0.0	0.8773	0.008	0.0
90perc_5repeat	0.05	0.342	0.6083	0.0015	0.0002	0.2458	0.0005	0.0011	0.6081	0.6106	0.0219	0.0031	0.6996	0.0062	0.0	0.4999	0.0077	0.0
70perc_5repeat	0.1	0.349	0.6108	0.0032	0.0005	0.8532	0.0073	0.0145	0.6099	0.6081	0.0138	0.002	0.7554	0.0033	0.0	0.593	0.004	0.0
70perc_5repeat	0.05	0.3429	0.6149	0.0506	0.0072	0.7135	0.0491	0.0918	0.6098	0.6053	0.0202	0.0029	0.7451	0.0074	0.0	0.6049	0.0071	0.0
30perc_5repeat	0.1	0.3534	0.6225	0.0229	0.0032	0.8884	0.0397	0.0761	0.6168	0.6074	0.0113	0.0016	0.8626	0.0026	0.0	0.7621	0.004	0.0
60perc_5repeat	0.1	0.3511	0.6132	0.0041	0.0006	0.8691	0.0147	0.0288	0.6126	0.608	0.0126	0.0018	0.7801	0.0032	0.0	0.6308	0.0046	0.0
5perc_2repeat	0.2	0.1383	0.8438	0.0311	0.0044	0.9524	0.6345	0.7616	0.8486	0.6096	0.0096	0.0014	0.9309	0.0016	0.0	0.8799	0.0024	0.0
70perc_10repeat	0.05	0.3467	0.6139	0.035	0.0049	0.4772	0.0166	0.032	0.6083	0.6093	0.0183	0.0026	0.7383	0.0057	0.0	0.5512	0.0077	0.0
15perc_2repeat	0.2	0.2016	0.7725	0.0781	0.011	0.951	0.4411	0.6027	0.8051	0.6116	0.0084	0.0012	0.9093	0.0015	0.0	0.839	0.0026	0.0
60perc_10repeat	0.05	0.3547	0.6135	0.0284	0.004	0.7406	0.0155	0.0304	0.6094	0.6152	0.0225	0.0032	0.7745	0.0049	0.0	0.6076	0.0069	0.0
30perc_2repeat	0.2	0.264	0.7074	0.0819	0.0116	0.9383	0.2668	0.4154	0.673	0.6074	0.0086	0.0012	0.8793	0.0017	0.0	0.7904	0.0028	0.0
30perc_10repeat	0.1	0.3475	0.6277	0.0476	0.0067	0.8761	0.0546	0.1028	0.6164	0.6069	0.0123	0.0017	0.8533	0.0028	0.0	0.7503	0.0041	0.0
15perc_10repeat	0.1	0.3326	0.6451	0.0517	0.0073	0.9084	0.1009	0.1817	0.623	0.6093	0.0131	0.0019	0.8987	0.0022	0.0	0.823	0.0041	0.0
50perc_10repeat	0.1	0.3474	0.6183	0.0241	0.0034	0.8658	0.0287	0.0556	0.614	0.6081	0.0134	0.0019	0.7898	0.0034	0.0	0.6608	0.0039	0.0
100perc_2repeat	0.1	0.3467	0.6088	0.0025	0.0004	0.5823	0.0019	0.0037	0.6084	0.6094	0.0142	0.002	0.7328	0.0033	0.0	0.5432	0.0042	0.0
15perc_5repeat	0.05	0.3405	0.6426	0.07	0.0099	0.8902	0.0984	0.1772	0.6134	0.6079	0.0199	0.0028	0.9022	0.0042	0.0	0.8194	0.0092	0.0
40perc_2repeat	0.2	0.2991	0.6683	0.0639	0.009	0.919	0.1639	0.2781	0.6345	0.6095	0.0103	0.0015	0.8553	0.0019	0.0	0.7523	0.003	0.0
50perc_2repeat	0.2	0.3369	0.629	0.0112	0.0016	0.9024	0.0601	0.1128	0.6285	0.6096	0.0088	0.0012	0.8381	0.002	0.0	0.7141	0.0021	0.0
40perc_10repeat	0.1	0.3521	0.6188	0.0193	0.0027	0.8752	0.0307	0.0592	0.6145	0.6096	0.0151	0.0021	0.8255	0.0029	0.0	0.7016	0.0057	0.0
100perc_5repeat	0.1	0.3322	0.6085	0.0013	0.0002	0.028	0.0	0.0	0.6084	0.6061	0.0119	0.0017	0.6702	0.0039	0.0	0.464	0.0044	0.0
90perc_2repeat	0.2	0.3325	0.6142	0.0051	0.0007	0.9161	0.0158	0.0311	0.6145	0.6067	0.0095	0.0013	0.7471	0.0023	0.0	0.5851	0.0025	0.0
5perc_2repeat	0.4	0.0818	0.9046	0.0077	0.0011	0.9408	0.8074	0.869	0.9069	0.6079	0.0065	0.0009	0.9296	0.0012	0.0	0.8784	0.0017	0.0
5perc_5repeat	0.2	0.1428	0.8389	0.0463	0.0065	0.9514	0.6216	0.7519	0.8455	0.6098	0.0094	0.0013	0.9287	0.0017	0.0	0.8762	0.0023	0.0
30perc_5repeat	0.2	0.2888	0.6766	0.0651	0.0092	0.9268	0.1849	0.3083	0.6408	0.608	0.0088	0.0012	0.8602	0.0016	0.0	0.7666	0.0022	0.0
15perc_5repeat	0.2	0.191	0.7824	0.0759	0.0107	0.9528	0.4677	0.6274	0.8152	0.6081	0.0105	0.0015	0.8993	0.0017	0.0	0.8302	0.0024	0.0
60perc_2repeat	0.2	0.3276	0.6328	0.0299	0.0042	0.8963	0.0686	0.1274	0.6253	0.6064	0.0078	0.0011	0.8102	0.0021	0.0	0.689	0.0023	0.0
50perc_5repeat	0.2	0.3367	0.625	0.0067	0.0009	0.89	0.049	0.0928	0.6235	0.6086	0.0082	0.0012	0.8103	0.0021	0.0	0.6752	0.0025	0.0
100perc_10repeat	0.1	0.326	0.6088	0.0015	0.0002	0.006	0.0	0.0	0.6088	0.6036	0.0132	0.0019	0.6458	0.0037	0.0	0.4247	0.0038	0.0
70perc_2repeat	0.2	0.3323	0.626	0.0171	0.0024	0.8912	0.0499	0.0946	0.6228	0.6065	0.0085	0.0012	0.7917	0.0024	0.0	0.6515	0.0022	0.0
40perc_5repeat	0.2	0.3248	0.6389	0.0347	0.0049	0.907	0.0855	0.1563	0.6285	0.6078	0.0095	0.0013	0.836	0.0018	0.0	0.7233	0.0022	0.0
70perc_5repeat	0.2	0.3363	0.6134	0.0055	0.0008	0.9201	0.0166	0.0327	0.6118	0.6111	0.0082	0.0012	0.7569	0.0021	0.0	0.5925	0.0025	0.0
60perc_5repeat	0.2	0.3344	0.6215	0.0068	0.001	0.8957	0.0376	0.0721	0.6209	0.6074	0.0099	0.0014	0.7806	0.0021	0.0	0.636	0.0025	0.0
100perc_2repeat	0.2	0.3343	0.6099	0.0042	0.0006	0.8094	0.0047	0.0093	0.609	0.6085	0.0092	0.0013	0.7297	0.0021	0.0	0.5476	0.0026	0.0
15perc_2repeat	0.4	0.0892	0.8945	0.0086	0.0012	0.9438	0.7776	0.8527	0.8952	0.6092	0.0049	0.0007	0.9099	0.001	0.0	0.8444	0.0012	0.0
15perc_10repeat	0.2	0.2033	0.7683	0.0726	0.0103	0.9535	0.4279	0.5907	0.7877	0.6073	0.0085	0.0012	0.8964	0.0016	0.0	0.8235	0.0022	0.0
5perc_10repeat	0.2	0.1413	0.8399	0.0402	0.0057	0.9536	0.6227	0.7534	0.8501	0.6088	0.0098	0.0014	0.9266	0.0012	0.0	0.8742	0.0018	0.0
30perc_10repeat	0.2	0.3011	0.6652	0.0642	0.0091	0.911	0.1567	0.2674	0.6338	0.6093	0.0091	0.0013	0.8532	0.002	0.0	0.7509	0.0029	0.0
40perc_10repeat	0.2	0.3307	0.633	0.0231	0.0033	0.9121	0.0694	0.129	0.6276	0.6087	0.0103	0.0015	0.8265	0.0016	0.0	0.7059	0.0026	0.0
5perc_5repeat	0.4	0.0827	0.9033	0.0079	0.0011	0.9412	0.8037	0.867	0.9056	0.6083	0.0048	0.0007	0.9259	0.0011	0.0	0.8715	0.0016	0.0
60perc_10repeat	0.2	0.3352	0.617	0.0069	0.001	0.8978	0.0255	0.0497	0.6162	0.6083	0.0093	0.0013	0.7652	0.002	0.0	0.608	0.0028	0.0
100perc_5repeat	0.2	0.3288	0.6087	0.002	0.0003	0.0	0.0	0.0	0.6086	0.6065	0.0081	0.0011	0.6763	0.002	0.0	0.4652	0.0026	0.0
90perc_5repeat	0.2	0.3342	0.6083	0.0021	0.0003	0.119	0.0002	0.0003	0.6085	0.6085	0.0083	0.0012	0.7049	0.0024	0.0	0.4991	0.0027	0.0
50perc_10repeat	0.2	0.3347	0.6238	0.0082	0.0012	0.8837	0.0441	0.084	0.6238	0.6063	0.0103	0.0015	0.7945	0.002	0.0	0.6548	0.0029	0.0
70perc_10repeat	0.2	0.3356	0.6106	0.0035	0.0005	0.8824	0.0068	0.0136	0.6102	0.6087	0.0074	0.0011	0.7402	0.0022	0.0	0.5602	0.0024	0.0
90perc_10repeat	0.2	0.3296	0.6083	0.0023	0.0003	0.004	0.0	0.0	0.6084	0.6082	0.009	0.0013	0.6782	0.0022	0.0	0.4678	0.0026	0.0
100perc_10repeat	0.2	0.3263	0.6083	0.0022	0.0003	0.0	0.0	0.0	0.6083	0.6082	0.0086	0.0012	0.6504	0.0023	0.0	0.4249	0.0026	0.0
5perc_10repeat	0.4	0.0818	0.9043	0.0074	0.0011	0.9388	0.8083	0.8687	0.9047	0.6076	0.0052	0.0007	0.9266	0.001	0.0	0.8746	0.0015	0.0
5perc_2repeat	0.5	0.0723	0.9155	0.0044	0.0006	0.9376	0.8408	0.8865	0.9151	0.6087	0.0046	0.0006	0.9297	0.0009	0.0	0.879	0.0012	0.0
15perc_2repeat	0.5	0.0764	0.9094	0.0063	0.0009	0.9392	0.8224	0.8769	0.9107	0.6085	0.0047	0.0007	0.9082	0.0009	0.0	0.8439	0.0012	0.0
70perc_2repeat	0.4	0.2587	0.6837	0.0397	0.0056	0.9266	0.208	0.3398	0.6684	0.6082	0.0054	0.0008	0.7916	0.0013	0.0	0.6519	0.0015	0.0
100perc_2repeat	0.4	0.3023	0.6156	0.0071	0.001	0.9616	0.0188	0.0368	0.6144	0.6078	0.0061	0.0009	0.7271	0.0012	0.0	0.5469	0.0015	0.0
30perc_2repeat	0.5	0.0864	0.896	0.0103	0.0015	0.9466	0.7789	0.8546	0.8971	0.6083	0.0047	0.0007	0.8777	0.0008	0.0	0.7902	0.0013	0.0
40perc_2repeat	0.5	0.0972	0.8821	0.0136	0.0019	0.9535	0.7361	0.8308	0.8853	0.6091	0.0049	0.0007	0.8572	0.0009	0.0	0.7566	0.0013	0.0
60perc_5repeat	0.4	0.2764	0.6614	0.0268	0.0038	0.9222	0.1478	0.2548	0.6573	0.6083	0.005	0.0007	0.7808	0.0013	0.0	0.6341	0.0015	0.0
60perc_2repeat	0.5	0.1407	0.8241	0.0341	0.0048	0.9579	0.5771	0.7203	0.8251	0.6083	0.0051	0.0007	0.8133	0.0011	0.0	0.6843	0.0012	0.0
15perc_5repeat	0.4	0.0915	0.8915	0.0109	0.0015	0.9452	0.7676	0.8472	0.8918	0.6076	0.0051	0.0007	0.9019	0.001	0.0	0.8325	0.0013	0.0
50perc_2repeat	0.5	0.1095	0.8646	0.0166	0.0023	0.9572	0.6855	0.7989	0.8659	0.6082	0.0044	0.0006	0.8344	0.0009	0.0	0.7209	0.0009	0.0
5perc_5repeat	0.5	0.0712	0.9167	0.0065	0.0009	0.9362	0.8453	0.8884	0.9163	0.6081	0.0056	0.0008	0.9271	0.0009	0.0	0.8746	0.0012	0.0
15perc_5repeat	0.5	0.0785	0.9063	0.0071	0.001	0.9413	0.8118	0.8718	0.9053	0.6087	0.0052	0.0007	0.9013	0.0009	0.0	0.8309	0.0012	0.0
90perc_5repeat	0.4	0.307	0.6097	0.0046	0.0007	0.29	0.0011	0.0023	0.6094	0.6068	0.0057	0.0008	0.7013	0.0012	0.0	0.5077	0.0016	0.0
100perc_5repeat	0.4	0.3162	0.6082	0.004	0.0006	0.0	0.0	0.0	0.609	0.6083	0.0059	0.0008	0.6764	0.0014	0.0	0.4605	0.0018	0.0
70perc_2repeat	0.5	0.1768	0.774	0.0411	0.0058	0.9543	0.4443	0.6063	0.7785	0.608	0.0038	0.0005	0.7912	0.001	0.0	0.6527	0.001	0.0
30perc_5repeat	0.5	0.0933	0.8869	0.0108	0.0015	0.951	0.7503	0.8388	0.8891	0.6083	0.0044	0.0006	0.8618	0.0009	0.0	0.7648	0.0012	0.0
40perc_5repeat	0.5	0.1105	0.8636	0.0173	0.0024	0.9558	0.6835	0.797	0.8678	0.6079	0.0051	0.0007	0.8346	0.001	0.0	0.7206	0.0013	0.0
100perc_2repeat	0.5	0.2789	0.6244	0.0103	0.0015	0.9633	0.0416	0.0797	0.6235	0.6078	0.0044	0.0006	0.7284	0.001	0.0	0.5489	0.0012	0.0
60perc_5repeat	0.5	0.2111	0.728	0.0486	0.0069	0.9481	0.3223	0.481	0.7199	0.6078	0.0044	0.0006	0.7821	0.0009	0.0	0.6346	0.0014	0.0
90perc_2repeat	0.5	0.2668	0.645	0.0165	0.0023	0.9533	0.0991	0.1795	0.6419	0.6083	0.0045	0.0006	0.75	0.0011	0.0	0.5807	0.0012	0.0
50perc_10repeat	0.4	0.2597	0.6845	0.042	0.0059	0.9312	0.21	0.3427	0.6665	0.6088	0.0063	0.0009	0.7965	0.0011	0.0	0.656	0.0015	0.0
50perc_5repeat	0.5	0.1494	0.8119	0.0371	0.0053	0.9592	0.5438	0.6941	0.8179	0.6084	0.0045	0.0006	0.8092	0.0009	0.0	0.6771	0.0013	0.0
5perc_2repeat	0.7	0.0623	0.9274	0.004	0.0006	0.9342	0.8769	0.9047	0.9273	0.6087	0.0028	0.0004	0.9299	0.0005	0.0	0.8797	0.0007	0.0
30perc_2repeat	0.4	0.1032	0.876	0.0125	0.0018	0.9509	0.7208	0.82	0.8782	0.6077	0.0055	0.0008	0.8761	0.001	0.0	0.7908	0.0015	0.0
40perc_2repeat	0.4	0.1263	0.847	0.0246	0.0035	0.9583	0.6383	0.7662	0.8509	0.6085	0.0059	0.0008	0.8564	0.001	0.0	0.7555	0.0014	0.0
15perc_10repeat	0.5	0.0783	0.9065	0.0067	0.0009	0.9428	0.8107	0.8718	0.9083	0.6083	0.0042	0.0006	0.899	0.0009	0.0	0.8253	0.0012	0.0
50perc_2repeat	0.4	0.1692	0.7948	0.0569	0.0081	0.9575	0.4982	0.6554	0.8023	0.6077	0.0065	0.0009	0.8362	0.0012	0.0	0.7198	0.0015	0.0
70perc_5repeat	0.5	0.2624	0.6513	0.0148	0.0021	0.9491	0.1169	0.2082	0.6471	0.6086	0.004	0.0006	0.756	0.0009	0.0	0.5902	0.001	0.0
15perc_2repeat	0.7	0.0641	0.9243	0.0043	0.0006	0.9355	0.8676	0.9003	0.9244	0.6091	0.0026	0.0004	0.9094	0.0005	0.0	0.8435	0.0008	0.0
5perc_10repeat	0.5	0.0716	0.9162	0.0049	0.0007	0.9367	0.8427	0.8873	0.917	0.6077	0.0043	0.0006	0.9257	0.0008	0.0	0.8729	0.0014	0.0
30perc_10repeat	0.5	0.0966	0.8826	0.0119	0.0017	0.9517	0.7382	0.8315	0.8824	0.6083	0.004	0.0006	0.8547	0.0007	0.0	0.7526	0.0012	0.0
40perc_10repeat	0.5	0.1228	0.8478	0.0283	0.004	0.9585	0.6398	0.7674	0.8548	0.6081	0.0045	0.0006	0.8258	0.0011	0.0	0.7053	0.0011	0.0
60perc_2repeat	0.4	0.2214	0.7296	0.0518	0.0073	0.9449	0.3278	0.4868	0.724	0.6085	0.005	0.0007	0.8139	0.0011	0.0	0.6855	0.0013	0.0
90perc_5repeat	0.5	0.2977	0.6078	0.0046	0.0007	0.1971	0.0005	0.0009	0.6075	0.6089	0.0044	0.0006	0.7025	0.001	0.0	0.5031	0.0014	0.0
90perc_2repeat	0.4	0.2927	0.6306	0.0133	0.0019	0.9423	0.0589	0.1109	0.6258	0.6071	0.0059	0.0008	0.748	0.0013	0.0	0.5829	0.0018	0.0
100perc_5repeat	0.5	0.3053	0.6082	0.0044	0.0006	0.0	0.0	0.0	0.6079	0.6083	0.0044	0.0006	0.6731	0.0009	0.0	0.4643	0.0011	0.0
5perc_5repeat	0.7	0.0622	0.9273	0.0044	0.0006	0.9341	0.8769	0.9046	0.9272	0.6087	0.0027	0.0004	0.9277	0.0005	0.0	0.8759	0.0007	0.0
60perc_10repeat	0.5	0.246	0.6771	0.0323	0.0046	0.9476	0.1874	0.3129	0.6718	0.6087	0.0044	0.0006	0.7674	0.001	0.0	0.609	0.0013	0.0
30perc_2repeat	0.7	0.067	0.9202	0.0052	0.0007	0.9392	0.8514	0.8931	0.9197	0.6082	0.0028	0.0004	0.8772	0.0006	0.0	0.7905	0.0007	0.0
30perc_5repeat	0.4	0.1185	0.8569	0.0262	0.0037	0.956	0.6661	0.7852	0.8639	0.6083	0.0052	0.0007	0.8615	0.0011	0.0	0.7647	0.0014	0.0
40perc_5repeat	0.4	0.1596	0.8052	0.0406	0.0057	0.9584	0.5262	0.6794	0.8151	0.6083	0.0053	0.0007	0.8348	0.0013	0.0	0.7204	0.0011	0.0
50perc_2repeat	0.7	0.0764	0.9082	0.0078	0.0011	0.95	0.8082	0.8734	0.9089	0.6081	0.0027	0.0004	0.8356	0.0006	0.0	0.7203	0.0006	0.0
50perc_10repeat	0.5	0.1782	0.7736	0.0451	0.0064	0.9535	0.4458	0.6075	0.7768	0.6095	0.0049	0.0007	0.7976	0.0009	0.0	0.6575	0.0011	0.0
15perc_5repeat	0.7	0.0634	0.9247	0.0045	0.0006	0.9383	0.8649	0.9001	0.9254	0.6084	0.0025	0.0004	0.9014	0.0005	0.0	0.8308	0.0007	0.0
50perc_5repeat	0.4	0.2264	0.724	0.0565	0.008	0.9416	0.3139	0.4709	0.7151	0.6085	0.005	0.0007	0.8076	0.0012	0.0	0.677	0.0015	0.0
70perc_10repeat	0.5	0.2723	0.6348	0.0147	0.0021	0.96	0.0689	0.1287	0.6325	0.6075	0.0044	0.0006	0.7377	0.0011	0.0	0.5635	0.0013	0.0
60perc_2repeat	0.7	0.0854	0.8968	0.0074	0.001	0.9517	0.7754	0.8545	0.8959	0.6078	0.0026	0.0004	0.8137	0.0006	0.0	0.6863	0.0007	0.0
70perc_5repeat	0.4	0.2918	0.6337	0.0113	0.0016	0.936	0.0687	0.128	0.6333	0.6075	0.0054	0.0008	0.7543	0.0014	0.0	0.5915	0.0014	0.0
30perc_5repeat	0.7	0.0702	0.9163	0.0059	0.0008	0.944	0.8359	0.8867	0.9165	0.6082	0.0027	0.0004	0.8615	0.0005	0.0	0.7643	0.0006	0.0
90perc_10repeat	0.5	0.3059	0.6074	0.0048	0.0007	0.0	0.0	0.0	0.6076	0.6092	0.0048	0.0007	0.6796	0.001	0.0	0.4702	0.0012	0.0
15perc_2repeat	0.8	0.0592	0.9306	0.0055	0.0008	0.9352	0.8842	0.909	0.9307	0.6083	0.0022	0.0003	0.9089	0.0004	0.0	0.8437	0.0006	0.0
90perc_2repeat	0.7	0.1677	0.7493	0.035	0.0049	0.9715	0.371	0.5369	0.7487	0.608	0.0036	0.0005	0.7497	0.0006	0.0	0.5822	0.0009	0.0
70perc_2repeat	0.7	0.1041	0.872	0.0121	0.0017	0.9568	0.7066	0.8129	0.8727	0.6087	0.0031	0.0004	0.7936	0.0007	0.0	0.6504	0.0008	0.0
100perc_10repeat	0.5	0.3149	0.6081	0.0051	0.0007	0.0	0.0	0.0	0.6077	0.6085	0.0051	0.0007	0.6499	0.0012	0.0	0.4248	0.0014	0.0
40perc_5repeat	0.7	0.0764	0.908	0.0073	0.001	0.9482	0.8096	0.8734	0.9085	0.6081	0.0033	0.0005	0.8346	0.0006	0.0	0.7208	0.0008	0.0
5perc_10repeat	0.7	0.0617	0.9277	0.0045	0.0006	0.9336	0.879	0.9055	0.9279	0.6091	0.0031	0.0004	0.9257	0.0006	0.0	0.8714	0.0009	0.0
40perc_2repeat	0.7	0.0712	0.9145	0.0062	0.0009	0.9434	0.8324	0.8844	0.9139	0.6088	0.0032	0.0005	0.8558	0.0006	0.0	0.755	0.0006	0.0
50perc_5repeat	0.7	0.0888	0.8928	0.0088	0.0013	0.9502	0.7667	0.8487	0.8921	0.6082	0.0032	0.0005	0.8079	0.0006	0.0	0.6766	0.0006	0.0
60perc_5repeat	0.7	0.1119	0.8564	0.0168	0.0024	0.9588	0.6634	0.7842	0.8558	0.6087	0.003	0.0004	0.7822	0.0006	0.0	0.6337	0.0007	0.0
15perc_10repeat	0.4	0.0921	0.8905	0.0115	0.0016	0.9467	0.7636	0.8454	0.8937	0.6081	0.0052	0.0007	0.8971	0.001	0.0	0.8259	0.0014	0.0
5perc_5repeat	0.8	0.0585	0.9317	0.0042	0.0006	0.934	0.8893	0.9111	0.9321	0.6086	0.0027	0.0004	0.927	0.0003	0.0	0.8742	0.0006	0.0
40perc_2repeat	0.8	0.0647	0.9237	0.0073	0.001	0.9439	0.8558	0.8977	0.9242	0.608	0.0026	0.0004	0.8563	0.0005	0.0	0.7547	0.0005	0.0
30perc_10repeat	0.4	0.1258	0.848	0.03	0.0042	0.9574	0.6418	0.7684	0.8549	0.6091	0.0056	0.0008	0.8547	0.0011	0.0	0.7543	0.0014	0.0
40perc_10repeat	0.4	0.1941	0.7646	0.0621	0.0088	0.9535	0.42	0.5832	0.7807	0.61	0.005	0.0007	0.8274	0.0012	0.0	0.7048	0.0015	0.0
15perc_5repeat	0.8	0.0608	0.9278	0.005	0.0007	0.9331	0.8783	0.9049	0.9278	0.6081	0.0021	0.0003	0.9006	0.0004	0.0	0.8298	0.0005	0.0
5perc_2repeat	0.8	0.0584	0.9319	0.005	0.0007	0.9333	0.8897	0.911	0.9317	0.6082	0.0027	0.0004	0.93	0.0005	0.0	0.8787	0.0007	0.0
15perc_10repeat	0.7	0.0632	0.9252	0.0051	0.0007	0.9385	0.8657	0.9006	0.9259	0.6082	0.003	0.0004	0.898	0.0006	0.0	0.8256	0.0008	0.0
70perc_5repeat	0.7	0.1573	0.7681	0.0351	0.005	0.9686	0.4242	0.59	0.767	0.6086	0.0028	0.0004	0.7559	0.0007	0.0	0.5907	0.0009	0.0
50perc_2repeat	0.8	0.0687	0.9181	0.0057	0.0008	0.944	0.8395	0.8887	0.9185	0.6076	0.0023	0.0003	0.8342	0.0004	0.0	0.7209	0.0005	0.0
60perc_10repeat	0.4	0.286	0.6445	0.0168	0.0024	0.9264	0.0995	0.1797	0.6406	0.6076	0.0057	0.0008	0.7668	0.0011	0.0	0.6102	0.0014	0.0
5perc_2repeat	0.9	0.0563	0.9343	0.0065	0.0009	0.9313	0.8996	0.9152	0.935	0.6085	0.0015	0.0002	0.9297	0.0002	0.0	0.879	0.0004	0.0
60perc_2repeat	0.8	0.077	0.9096	0.0068	0.001	0.9501	0.8128	0.8761	0.9098	0.6085	0.002	0.0003	0.8141	0.0004	0.0	0.6858	0.0006	0.0
30perc_10repeat	0.7	0.0714	0.9147	0.0057	0.0008	0.9466	0.8296	0.8842	0.9141	0.6085	0.0026	0.0004	0.8549	0.0006	0.0	0.7513	0.0008	0.0
70perc_10repeat	0.4	0.3002	0.6205	0.0084	0.0012	0.956	0.0327	0.0632	0.6192	0.608	0.0054	0.0008	0.7381	0.0013	0.0	0.562	0.0015	0.0
90perc_10repeat	0.4	0.313	0.6084	0.0039	0.0006	0.0	0.0	0.0	0.6077	0.608	0.0059	0.0008	0.6788	0.0013	0.0	0.4713	0.0017	0.0
100perc_10repeat	0.4	0.3182	0.6084	0.0035	0.0005	0.0	0.0	0.0	0.6085	0.608	0.0053	0.0008	0.6498	0.0014	0.0	0.4249	0.0016	0.0
30perc_5repeat	0.8	0.0636	0.9256	0.0058	0.0008	0.9406	0.8647	0.901	0.9247	0.6082	0.0023	0.0003	0.8617	0.0005	0.0	0.7629	0.0006	0.0
40perc_10repeat	0.7	0.0824	0.9008	0.0083	0.0012	0.9509	0.7885	0.8621	0.9002	0.6087	0.0032	0.0005	0.8255	0.0006	0.0	0.7035	0.0009	0.0
30perc_2repeat	0.8	0.062	0.9265	0.0057	0.0008	0.9359	0.8715	0.9026	0.9263	0.6079	0.0023	0.0003	0.8766	0.0004	0.0	0.7907	0.0007	0.0
90perc_5repeat	0.7	0.2605	0.6076	0.0062	0.0009	0.2807	0.0009	0.0019	0.6076	0.6087	0.0025	0.0004	0.7024	0.0006	0.0	0.5048	0.0008	0.0
5perc_10repeat	0.8	0.0581	0.9322	0.0044	0.0006	0.9337	0.8902	0.9114	0.9317	0.6084	0.0027	0.0004	0.9261	0.0004	0.0	0.8725	0.0006	0.0
40perc_5repeat	0.8	0.0702	0.9168	0.0056	0.0008	0.9463	0.8349	0.8871	0.9169	0.6082	0.0025	0.0004	0.8352	0.0005	0.0	0.7207	0.0006	0.0
50perc_10repeat	0.7	0.0973	0.881	0.0116	0.0016	0.9531	0.7322	0.8282	0.8811	0.608	0.0028	0.0004	0.7952	0.0007	0.0	0.657	0.0009	0.0
5perc_5repeat	0.9	0.0581	0.932	0.0055	0.0008	0.9252	0.899	0.9119	0.9314	0.6082	0.0013	0.0002	0.9272	0.0002	0.0	0.8748	0.0003	0.0
15perc_10repeat	0.8	0.0607	0.9282	0.0057	0.0008	0.9361	0.8767	0.9054	0.9284	0.6083	0.0026	0.0004	0.8981	0.0005	0.0	0.8254	0.0006	0.0
15perc_5repeat	0.9	0.0569	0.9334	0.0075	0.0011	0.9346	0.8917	0.9126	0.9345	0.6081	0.0017	0.0002	0.9011	0.0003	0.0	0.8308	0.0004	0.0
15perc_2repeat	0.9	0.0578	0.9323	0.0064	0.0009	0.9314	0.8934	0.912	0.9332	0.6084	0.0015	0.0002	0.9089	0.0002	0.0	0.8435	0.0004	0.0
100perc_2repeat	0.7	0.2195	0.6594	0.0216	0.0031	0.9739	0.1373	0.2407	0.6556	0.6088	0.0028	0.0004	0.7284	0.0006	0.0	0.5472	0.0008	0.0
60perc_10repeat	0.7	0.1294	0.8204	0.0245	0.0035	0.9637	0.5626	0.7104	0.8195	0.6078	0.0033	0.0005	0.7668	0.0006	0.0	0.6105	0.0008	0.0
100perc_2repeat	0.8	0.1747	0.7122	0.0276	0.0039	0.9801	0.269	0.4222	0.7198	0.6079	0.0024	0.0003	0.7284	0.0005	0.0	0.5483	0.0006	0.0
60perc_5repeat	0.8	0.0926	0.8869	0.0089	0.0013	0.9549	0.7457	0.8375	0.8886	0.6079	0.0021	0.0003	0.7817	0.0004	0.0	0.6339	0.0006	0.0
70perc_5repeat	0.8	0.1254	0.8177	0.0188	0.0027	0.9706	0.5542	0.7055	0.8176	0.6087	0.0024	0.0003	0.7559	0.0005	0.0	0.5892	0.0006	0.0
5perc_10repeat	0.9	0.0574	0.9329	0.0063	0.0009	0.9269	0.8973	0.9119	0.933	0.6077	0.0015	0.0002	0.9258	0.0002	0.0	0.8729	0.0004	0.0
60perc_2repeat	0.9	0.0691	0.9221	0.0078	0.0011	0.9455	0.8481	0.8942	0.9225	0.6079	0.0018	0.0002	0.8131	0.0003	0.0	0.6864	0.0005	0.0
70perc_2repeat	0.8	0.0857	0.8995	0.0105	0.0015	0.9523	0.7831	0.8594	0.8997	0.6082	0.0027	0.0004	0.7917	0.0006	0.0	0.6507	0.0007	0.0
70perc_10repeat	0.7	0.2003	0.6942	0.0282	0.004	0.973	0.2287	0.3704	0.6946	0.6088	0.0029	0.0004	0.7381	0.0006	0.0	0.5626	0.0007	0.0
30perc_2repeat	0.9	0.0589	0.9317	0.0076	0.0011	0.9385	0.884	0.9104	0.9313	0.6083	0.0016	0.0002	0.8773	0.0003	0.0	0.7907	0.0004	0.0
30perc_5repeat	0.9	0.061	0.929	0.007	0.001	0.9367	0.8775	0.9062	0.9278	0.6082	0.0014	0.0002	0.8616	0.0002	0.0	0.7644	0.0004	0.0
70perc_2repeat	0.9	0.0786	0.9126	0.0088	0.0012	0.9494	0.823	0.8817	0.9137	0.6087	0.0015	0.0002	0.7925	0.0003	0.0	0.6511	0.0004	0.0
40perc_10repeat	0.8	0.0717	0.9155	0.0068	0.001	0.9458	0.8302	0.8842	0.9155	0.6075	0.0021	0.0003	0.8246	0.0005	0.0	0.7049	0.0005	0.0
90perc_10repeat	0.7	0.283	0.6076	0.008	0.0011	0.0	0.0	0.0	0.6076	0.6086	0.0034	0.0005	0.68	0.0007	0.0	0.4701	0.0008	0.0
90perc_5repeat	0.8	0.2375	0.608	0.0117	0.0017	0.3471	0.0026	0.0051	0.6086	0.6086	0.0026	0.0004	0.7021	0.0005	0.0	0.5048	0.0007	0.0
100perc_10repeat	0.7	0.3055	0.6075	0.0061	0.0009	0.0	0.0	0.0	0.6073	0.6086	0.0026	0.0004	0.6497	0.0006	0.0	0.4247	0.0007	0.0
90perc_2repeat	0.8	0.1318	0.8049	0.0181	0.0026	0.9728	0.5186	0.6765	0.8067	0.6086	0.0022	0.0003	0.75	0.0005	0.0	0.5816	0.0007	0.0
40perc_2repeat	0.9	0.061	0.9292	0.0088	0.0012	0.9394	0.8761	0.9067	0.9288	0.6083	0.0016	0.0002	0.8562	0.0003	0.0	0.7549	0.0004	0.0
15perc_10repeat	0.9	0.0565	0.9342	0.0061	0.0009	0.9345	0.8932	0.9134	0.9346	0.6079	0.0015	0.0002	0.8972	0.0002	0.0	0.8247	0.0004	0.0
100perc_5repeat	0.8	0.2739	0.6074	0.0089	0.0013	0.0	0.0	0.0	0.6088	0.6085	0.0022	0.0003	0.6739	0.0006	0.0	0.464	0.0006	0.0
100perc_5repeat	0.7	0.2896	0.6072	0.0065	0.0009	0.0	0.0	0.0	0.6084	0.6087	0.0028	0.0004	0.6756	0.0007	0.0	0.4609	0.0007	0.0
50perc_5repeat	0.8	0.0783	0.9086	0.0074	0.001	0.9474	0.8116	0.8743	0.9079	0.6082	0.0021	0.0003	0.8091	0.0005	0.0	0.6763	0.0005	0.0
100perc_2repeat	0.9	0.1464	0.7593	0.0235	0.0033	0.9825	0.4001	0.5686	0.7583	0.6087	0.0014	0.0002	0.729	0.0004	0.0	0.547	0.0004	0.0
50perc_2repeat	0.9	0.0637	0.9262	0.0078	0.0011	0.9426	0.8617	0.9004	0.926	0.6077	0.0013	0.0002	0.8347	0.0003	0.0	0.7211	0.0004	0.0
60perc_10repeat	0.8	0.1077	0.8546	0.0158	0.0022	0.962	0.6562	0.7802	0.8573	0.6085	0.0021	0.0003	0.7675	0.0005	0.0	0.6094	0.0006	0.0
50perc_5repeat	0.9	0.0709	0.9207	0.0085	0.0012	0.948	0.8448	0.8934	0.9217	0.6084	0.0014	0.0002	0.8085	0.0003	0.0	0.6774	0.0003	0.0
70perc_10repeat	0.8	0.1545	0.7588	0.0278	0.0039	0.9756	0.3947	0.562	0.7646	0.6082	0.0021	0.0003	0.7383	0.0004	0.0	0.5631	0.0006	0.0
70perc_5repeat	0.9	0.1018	0.8583	0.0132	0.0019	0.9678	0.6586	0.7838	0.8594	0.608	0.0017	0.0002	0.7546	0.0004	0.0	0.5911	0.0005	0.0
40perc_5repeat	0.9	0.0652	0.9233	0.0077	0.0011	0.943	0.8568	0.8978	0.923	0.6084	0.0013	0.0002	0.8353	0.0003	0.0	0.721	0.0004	0.0
30perc_10repeat	0.9	0.0613	0.9287	0.008	0.0011	0.9417	0.8735	0.9063	0.9285	0.6086	0.0017	0.0002	0.8544	0.0003	0.0	0.752	0.0004	0.0
40perc_10repeat	0.9	0.0665	0.9239	0.0072	0.001	0.9455	0.8553	0.8981	0.9235	0.6083	0.0015	0.0002	0.8252	0.0003	0.0	0.7052	0.0004	0.0
30perc_10repeat	0.8	0.065	0.9235	0.006	0.0008	0.9433	0.8569	0.898	0.923	0.6086	0.0024	0.0003	0.8541	0.0004	0.0	0.7512	0.0006	0.0
90perc_2repeat	0.9	0.1093	0.8445	0.0138	0.0019	0.973	0.621	0.7581	0.8434	0.6083	0.0015	0.0002	0.7496	0.0003	0.0	0.5821	0.0005	0.0
50perc_10repeat	0.9	0.076	0.9162	0.0108	0.0015	0.9477	0.8317	0.8859	0.9157	0.6082	0.0016	0.0002	0.7965	0.0003	0.0	0.6574	0.0004	0.0
60perc_5repeat	0.9	0.0818	0.9044	0.0084	0.0012	0.9512	0.7954	0.8664	0.9023	0.608	0.0016	0.0002	0.7815	0.0003	0.0	0.6341	0.0005	0.0
90perc_10repeat	0.8	0.2652	0.6117	0.0102	0.0014	0.0	0.0	0.0	0.612	0.6074	0.0025	0.0004	0.6785	0.0005	0.0	0.4716	0.0006	0.0
90perc_10repeat	0.9	0.2557	0.6064	0.013	0.0018	0.0	0.0	0.0	0.6071	0.6085	0.0014	0.0002	0.6797	0.0003	0.0	0.4702	0.0003	0.0
50perc_10repeat	0.8	0.0861	0.899	0.0085	0.0012	0.9497	0.7836	0.8587	0.8991	0.6082	0.0022	0.0003	0.7959	0.0005	0.0	0.6575	0.0005	0.0
100perc_10repeat	0.8	0.3005	0.6068	0.0097	0.0014	0.0	0.0	0.0	0.6071	0.6086	0.0024	0.0003	0.6501	0.0007	0.0	0.4245	0.0007	0.0
90perc_5repeat	0.9	0.2057	0.612	0.016	0.0023	0.5198	0.0045	0.009	0.6121	0.6081	0.0016	0.0002	0.701	0.0004	0.0	0.5054	0.0005	0.0
100perc_5repeat	0.9	0.2596	0.6082	0.0111	0.0016	0.0	0.0	0.0	0.6093	0.6083	0.0012	0.0002	0.6748	0.0003	0.0	0.4638	0.0004	0.0
60perc_10repeat	0.9	0.0938	0.8793	0.0111	0.0016	0.9622	0.7207	0.8241	0.8792	0.6083	0.0013	0.0002	0.7677	0.0003	0.0	0.6103	0.0005	0.0
100perc_10repeat	0.9	0.2945	0.6094	0.0137	0.0019	0.0	0.0	0.0	0.6093	0.6081	0.0015	0.0002	0.6499	0.0004	0.0	0.4246	0.0004	0.0
70perc_10repeat	0.9	0.1255	0.8137	0.0186	0.0026	0.9763	0.5356	0.6917	0.8122	0.608	0.0013	0.0002	0.7379	0.0003	0.0	0.5641	0.0004	0.0
