Label	trainingSize	SquaredLoss_Mean	Accuracy_Mean	Accuracy_SD	Accuracy_SE	Precision_Mean	Recall_Mean	F1	Accuracy_Median	PriorClass0_Mean	PriorClass0_SD	PriorClass0_SE	ProbabilityEstimate_0given0_Mean 	ProbabilityEstimate_0given0_SD 	ProbabilityEstimate_0given0_SE 	ProbabilityEstimate_1given1_Mean	ProbabilityEstimate_1given1_SD	ProbabilityEstimate_1given1_SE

original	0.9	0.0563	0.9352	0.0064	0.0009	0.9327	0.9003	0.9162	0.9362	0.6084	0.0014	0.0002	0.9406	0.0003	0.0	0.8973	0.0005	0.0
original	0.8	0.059	0.9315	0.0045	0.0006	0.9303	0.8921	0.9108	0.9308	0.6084	0.0022	0.0003	0.9402	0.0004	0.0	0.8974	0.0006	0.0
original	0.7	0.0622	0.9277	0.0042	0.0006	0.9309	0.881	0.9053	0.9281	0.6084	0.0033	0.0005	0.9404	0.0005	0.0	0.8972	0.0007	0.0
original	0.6	0.0642	0.9252	0.0036	0.0005	0.9347	0.8697	0.9011	0.9244	0.6081	0.004	0.0006	0.9392	0.0007	0.0	0.8955	0.0009	0.0
original	0.5	0.0707	0.918	0.0041	0.0006	0.9346	0.8502	0.8904	0.9181	0.6079	0.0047	0.0007	0.9407	0.0009	0.0	0.8971	0.0013	0.0
original	0.45	0.0737	0.9146	0.0046	0.0006	0.9344	0.8408	0.8851	0.914	0.6076	0.0052	0.0007	0.9405	0.001	0.0	0.8986	0.0016	0.0
original	0.4	0.0774	0.9106	0.0048	0.0007	0.9369	0.8273	0.8787	0.9106	0.6074	0.0057	0.0008	0.9411	0.0009	0.0	0.8984	0.0015	0.0
original	0.35	0.0837	0.9032	0.0073	0.001	0.937	0.8071	0.8673	0.9049	0.6073	0.0056	0.0008	0.9405	0.0012	0.0	0.898	0.0017	0.0
original	0.3	0.0923	0.8937	0.011	0.0016	0.9398	0.7789	0.8518	0.8955	0.6078	0.007	0.001	0.94	0.0013	0.0	0.8974	0.0021	0.0
original	0.1	0.2698	0.7112	0.0877	0.0124	0.9377	0.278	0.4289	0.6785	0.607	0.0136	0.0019	0.9402	0.0025	0.0	0.8925	0.0039	0.0
original	0.25	0.105	0.8802	0.0149	0.0021	0.942	0.7402	0.829	0.8846	0.6077	0.0079	0.0011	0.9401	0.0016	0.0	0.8982	0.0025	0.0
original	0.2	0.1305	0.8533	0.0249	0.0035	0.9509	0.6616	0.7803	0.8541	0.6111	0.0081	0.0011	0.9418	0.0016	0.0	0.8975	0.0022	0.0
original	0.05	0.3293	0.6557	0.068	0.0096	0.8951	0.1343	0.2336	0.6205	0.6137	0.0173	0.0025	0.9322	0.004	0.0	0.8791	0.0084	0.0

40perc_2repeat	0.1	0.2663	0.7132	0.0889	0.0126	0.9262	0.2863	0.4374	0.6827	0.61	0.0128	0.0018	0.9358	0.0033	0.0	0.8901	0.0048	0.0
60perc_2repeat	0.1	0.2355	0.7446	0.088	0.0124	0.9282	0.3694	0.5285	0.7565	0.6069	0.013	0.0018	0.9373	0.0029	0.0	0.8941	0.0048	0.0
15perc_2repeat	0.1	0.2692	0.7131	0.0944	0.0134	0.9326	0.2861	0.4379	0.6716	0.6107	0.0131	0.0019	0.9455	0.0022	0.0	0.902	0.0034	0.0
30perc_2repeat	0.1	0.2534	0.7275	0.0816	0.0115	0.9395	0.3219	0.4796	0.7371	0.6082	0.014	0.002	0.942	0.0023	0.0	0.8962	0.0038	0.0
90perc_2repeat	0.05	0.3332	0.6527	0.0797	0.0113	0.8923	0.1295	0.2261	0.6158	0.6123	0.02	0.0028	0.9316	0.0047	0.0	0.8769	0.0085	0.0
15perc_2repeat	0.05	0.3249	0.6621	0.0835	0.0118	0.8964	0.1631	0.2759	0.6156	0.6114	0.0165	0.0023	0.9395	0.0047	0.0	0.891	0.0074	0.0
15perc_5repeat	0.1	0.2617	0.7195	0.0873	0.0123	0.9342	0.302	0.4564	0.7174	0.6122	0.0127	0.0018	0.9382	0.0036	0.0	0.8934	0.0046	0.0
30perc_2repeat	0.05	0.3209	0.663	0.0772	0.0109	0.8821	0.1545	0.2629	0.6204	0.6075	0.0171	0.0024	0.9309	0.0042	0.0	0.8863	0.0065	0.0
40perc_2repeat	0.05	0.3246	0.6611	0.0773	0.0109	0.8986	0.1487	0.2551	0.6161	0.6083	0.0207	0.0029	0.9354	0.0042	0.0	0.8796	0.0069	0.0
40perc_5repeat	0.1	0.2368	0.7452	0.0971	0.0137	0.9328	0.3733	0.5332	0.7593	0.6076	0.013	0.0018	0.938	0.0027	0.0	0.8962	0.0041	0.0
100perc_5repeat	0.05	0.3442	0.6404	0.0637	0.009	0.8825	0.0919	0.1665	0.6134	0.6097	0.0217	0.0031	0.9154	0.0043	0.0	0.8489	0.0077	0.0
50perc_5repeat	0.1	0.2496	0.731	0.0902	0.0128	0.9279	0.3325	0.4896	0.7353	0.6053	0.0139	0.002	0.9387	0.0032	0.0	0.8927	0.005	0.0
30perc_5repeat	0.05	0.333	0.653	0.0628	0.0089	0.8991	0.1243	0.2184	0.6193	0.6085	0.0168	0.0024	0.9432	0.0041	0.0	0.8975	0.0068	0.0
50perc_5repeat	0.05	0.2987	0.6845	0.0858	0.0121	0.8914	0.2209	0.354	0.6349	0.6016	0.0217	0.0031	0.9356	0.0048	0.0	0.9021	0.007	0.0
5perc_5repeat	0.1	0.2606	0.7204	0.0868	0.0123	0.9326	0.3034	0.4579	0.7224	0.6068	0.0134	0.0019	0.943	0.0024	0.0	0.8977	0.0036	0.0
40perc_5repeat	0.05	0.3246	0.6614	0.0784	0.0111	0.8833	0.1525	0.2601	0.615	0.6115	0.0197	0.0028	0.9341	0.0055	0.0	0.8733	0.0092	0.0
5perc_2repeat	0.1	0.249	0.7322	0.0932	0.0132	0.9288	0.3373	0.4949	0.7565	0.608	0.0133	0.0019	0.9351	0.003	0.0	0.8898	0.0047	0.0
50perc_2repeat	0.1	0.2473	0.7339	0.0882	0.0125	0.9331	0.3406	0.499	0.7362	0.6067	0.013	0.0018	0.9385	0.0032	0.0	0.8955	0.0047	0.0
70perc_2repeat	0.1	0.2324	0.7475	0.0949	0.0134	0.9354	0.3795	0.54	0.773	0.604	0.0136	0.0019	0.9304	0.0037	0.0	0.8899	0.0046	0.0
100perc_10repeat	0.05	0.3394	0.6449	0.0679	0.0096	0.883	0.1064	0.1899	0.6157	0.6063	0.0215	0.003	0.9235	0.0045	0.0	0.8637	0.0073	0.0
70perc_10repeat	0.1	0.2167	0.7658	0.0901	0.0127	0.9338	0.4275	0.5865	0.806	0.6036	0.0137	0.0019	0.9415	0.0028	0.0	0.9018	0.0041	0.0
90perc_10repeat	0.05	0.3089	0.6743	0.0869	0.0123	0.8792	0.2172	0.3484	0.6193	0.6064	0.0226	0.0032	0.9259	0.0071	0.0	0.8841	0.0084	0.0
100perc_2repeat	0.05	0.3286	0.6567	0.0735	0.0104	0.8909	0.135	0.2344	0.6162	0.6062	0.022	0.0031	0.932	0.004	0.0	0.8749	0.0075	0.0
5perc_10repeat	0.1	0.2659	0.7158	0.0951	0.0134	0.9211	0.2935	0.4451	0.6909	0.6117	0.0143	0.002	0.9348	0.0036	0.0	0.886	0.0048	0.0
70perc_2repeat	0.05	0.3137	0.6703	0.0789	0.0112	0.8909	0.1736	0.2906	0.6173	0.6071	0.0214	0.003	0.9255	0.0054	0.0	0.8667	0.0112	0.0
90perc_2repeat	0.1	0.2599	0.721	0.0865	0.0122	0.9312	0.3064	0.4611	0.7143	0.6085	0.014	0.002	0.9398	0.0028	0.0	0.8931	0.0048	0.0
40perc_10repeat	0.05	0.3246	0.6601	0.0731	0.0103	0.8964	0.1482	0.2543	0.6257	0.6087	0.0228	0.0032	0.934	0.0055	0.0	0.8914	0.0076	0.0
30perc_10repeat	0.05	0.3111	0.6743	0.0771	0.0109	0.9033	0.1833	0.3048	0.6277	0.6082	0.0194	0.0027	0.9451	0.0044	0.0	0.9051	0.0077	0.0
90perc_5repeat	0.1	0.2439	0.7366	0.0972	0.0137	0.9263	0.3486	0.5066	0.7609	0.6046	0.014	0.002	0.9361	0.0028	0.0	0.8914	0.0047	0.0
15perc_10repeat	0.05	0.3011	0.6848	0.0941	0.0133	0.8905	0.2192	0.3517	0.621	0.6096	0.0186	0.0026	0.9438	0.0037	0.0	0.9049	0.0065	0.0
50perc_10repeat	0.05	0.3126	0.6718	0.0831	0.0117	0.8932	0.1806	0.3004	0.6183	0.6067	0.0206	0.0029	0.934	0.0052	0.0	0.8924	0.0072	0.0
60perc_10repeat	0.1	0.229	0.7521	0.0824	0.0117	0.9426	0.3884	0.5501	0.7767	0.6066	0.0144	0.002	0.9352	0.0032	0.0	0.8949	0.0043	0.0
90perc_10repeat	0.1	0.2499	0.7299	0.0883	0.0125	0.9343	0.3298	0.4875	0.7532	0.6083	0.0119	0.0017	0.9317	0.0029	0.0	0.8863	0.0041	0.0
60perc_5repeat	0.05	0.3418	0.6442	0.0627	0.0089	0.8859	0.1012	0.1816	0.6165	0.6121	0.0176	0.0025	0.9345	0.0043	0.0	0.8795	0.008	0.0
100perc_2repeat	0.1	0.2651	0.7151	0.0777	0.011	0.9361	0.2889	0.4415	0.7136	0.6117	0.0124	0.0018	0.9406	0.0024	0.0	0.8947	0.0037	0.0
50perc_2repeat	0.05	0.3191	0.666	0.0778	0.011	0.8967	0.1644	0.2778	0.6218	0.6074	0.0191	0.0027	0.9412	0.0036	0.0	0.9017	0.0063	0.0
60perc_2repeat	0.05	0.3131	0.671	0.0761	0.0108	0.9034	0.1809	0.3015	0.6211	0.605	0.0173	0.0024	0.9308	0.0049	0.0	0.8842	0.0082	0.0
70perc_5repeat	0.05	0.3128	0.6719	0.08	0.0113	0.8934	0.1799	0.2995	0.6273	0.6068	0.0187	0.0026	0.9382	0.0046	0.0	0.8996	0.0064	0.0
70perc_5repeat	0.1	0.2563	0.7244	0.0908	0.0128	0.9323	0.3157	0.4716	0.714	0.6074	0.0144	0.002	0.9394	0.0027	0.0	0.894	0.0049	0.0
90perc_5repeat	0.05	0.3286	0.6573	0.0766	0.0108	0.8859	0.1371	0.2375	0.6178	0.6053	0.0159	0.0022	0.9378	0.0054	0.0	0.8892	0.009	0.0
60perc_5repeat	0.1	0.236	0.7448	0.0929	0.0131	0.9288	0.3728	0.5321	0.7586	0.6071	0.0131	0.0019	0.9384	0.0031	0.0	0.8982	0.0039	0.0
30perc_5repeat	0.1	0.2295	0.7503	0.0903	0.0128	0.9365	0.3861	0.5468	0.7773	0.6036	0.0146	0.0021	0.9339	0.003	0.0	0.8939	0.0043	0.0
15perc_5repeat	0.05	0.3454	0.6412	0.0546	0.0077	0.8995	0.0923	0.1674	0.6177	0.6095	0.0157	0.0022	0.941	0.0039	0.0	0.8879	0.0075	0.0
5perc_5repeat	0.05	0.3172	0.6691	0.0802	0.0113	0.8885	0.172	0.2883	0.6182	0.6083	0.0191	0.0027	0.9485	0.0049	0.0	0.9053	0.008	0.0
5perc_2repeat	0.2	0.1298	0.8535	0.0305	0.0043	0.9489	0.6632	0.7807	0.8552	0.6094	0.0093	0.0013	0.9399	0.0017	0.0	0.895	0.0026	0.0
30perc_2repeat	0.2	0.1276	0.856	0.0362	0.0051	0.9484	0.6701	0.7853	0.8702	0.6063	0.0104	0.0015	0.9412	0.0013	0.0	0.8977	0.0026	0.0
70perc_10repeat	0.05	0.3219	0.6642	0.0867	0.0123	0.891	0.1629	0.2754	0.6166	0.6103	0.0213	0.003	0.9391	0.0046	0.0	0.8949	0.0068	0.0
40perc_2repeat	0.2	0.128	0.8554	0.0358	0.0051	0.9463	0.6706	0.7849	0.8662	0.609	0.009	0.0013	0.9384	0.0022	0.0	0.8958	0.0031	0.0
50perc_2repeat	0.2	0.116	0.8687	0.0191	0.0027	0.9446	0.7066	0.8084	0.8709	0.6064	0.008	0.0011	0.9413	0.0016	0.0	0.902	0.0023	0.0
15perc_2repeat	0.2	0.1285	0.8553	0.0376	0.0053	0.9474	0.6683	0.7838	0.8665	0.6086	0.0076	0.0011	0.9408	0.0016	0.0	0.8977	0.0032	0.0
40perc_10repeat	0.1	0.2355	0.7442	0.0809	0.0114	0.9423	0.3666	0.5278	0.7605	0.6078	0.0116	0.0016	0.9362	0.0031	0.0	0.893	0.0045	0.0
30perc_10repeat	0.1	0.2358	0.7448	0.0893	0.0126	0.9345	0.3719	0.5321	0.7581	0.6065	0.0118	0.0017	0.9388	0.0029	0.0	0.898	0.0044	0.0
100perc_5repeat	0.1	0.2673	0.7143	0.0913	0.0129	0.9269	0.2898	0.4416	0.6869	0.6115	0.0129	0.0018	0.9384	0.0033	0.0	0.8934	0.005	0.0
15perc_10repeat	0.1	0.2298	0.7525	0.0897	0.0127	0.9361	0.3916	0.5522	0.7798	0.6077	0.015	0.0021	0.9419	0.0025	0.0	0.9009	0.0039	0.0
50perc_10repeat	0.1	0.2525	0.7292	0.0906	0.0128	0.9362	0.3292	0.4871	0.7292	0.6076	0.0121	0.0017	0.9416	0.0027	0.0	0.8983	0.0043	0.0
90perc_2repeat	0.2	0.1334	0.8504	0.044	0.0062	0.9506	0.6534	0.7745	0.8593	0.6085	0.0108	0.0015	0.9435	0.0012	0.0	0.8988	0.0023	0.0
70perc_2repeat	0.2	0.129	0.8542	0.0248	0.0035	0.9477	0.6654	0.7819	0.8543	0.6087	0.0099	0.0014	0.9357	0.0019	0.0	0.8894	0.003	0.0
30perc_5repeat	0.2	0.1244	0.8596	0.0248	0.0035	0.9473	0.6804	0.792	0.864	0.6075	0.0106	0.0015	0.9394	0.0019	0.0	0.8958	0.0026	0.0
5perc_5repeat	0.2	0.1257	0.8582	0.0292	0.0041	0.9471	0.6769	0.7895	0.8646	0.6081	0.0083	0.0012	0.9422	0.0015	0.0	0.8991	0.0026	0.0
15perc_5repeat	0.2	0.1214	0.8631	0.0284	0.004	0.9472	0.6894	0.798	0.8658	0.6064	0.0081	0.0012	0.9425	0.0015	0.0	0.9021	0.0024	0.0
5perc_2repeat	0.4	0.0783	0.9089	0.0063	0.0009	0.9361	0.8236	0.8762	0.9103	0.6072	0.0058	0.0008	0.9392	0.0011	0.0	0.8961	0.0016	0.0
40perc_5repeat	0.2	0.1258	0.8581	0.0253	0.0036	0.948	0.6759	0.7891	0.863	0.6086	0.0091	0.0013	0.9413	0.0017	0.0	0.8989	0.0026	0.0
50perc_5repeat	0.2	0.1309	0.853	0.04	0.0057	0.9487	0.6621	0.7799	0.8625	0.611	0.0107	0.0015	0.9408	0.002	0.0	0.8968	0.0027	0.0
60perc_2repeat	0.2	0.1336	0.8497	0.0309	0.0044	0.9499	0.6526	0.7737	0.8558	0.6104	0.0096	0.0014	0.94	0.0017	0.0	0.8931	0.0027	0.0
70perc_5repeat	0.2	0.1211	0.8628	0.0196	0.0028	0.9455	0.6897	0.7976	0.8621	0.6058	0.0094	0.0013	0.9387	0.0019	0.0	0.8968	0.0029	0.0
100perc_10repeat	0.1	0.2511	0.7312	0.0974	0.0138	0.9265	0.3351	0.4922	0.7623	0.6087	0.0143	0.002	0.9403	0.0027	0.0	0.8943	0.0047	0.0
60perc_5repeat	0.2	0.1264	0.8574	0.0334	0.0047	0.9485	0.6741	0.7881	0.8622	0.6083	0.0101	0.0014	0.9411	0.0019	0.0	0.8973	0.003	0.0
100perc_2repeat	0.2	0.1241	0.8601	0.0243	0.0034	0.947	0.6821	0.793	0.8645	0.6073	0.0098	0.0014	0.9403	0.0017	0.0	0.899	0.0026	0.0
15perc_2repeat	0.4	0.0775	0.9107	0.0048	0.0007	0.9364	0.8278	0.8788	0.9111	0.6068	0.0064	0.0009	0.9402	0.0011	0.0	0.8995	0.0016	0.0
5perc_10repeat	0.2	0.1246	0.8595	0.0205	0.0029	0.9485	0.679	0.7915	0.8617	0.6089	0.0087	0.0012	0.9398	0.0018	0.0	0.8971	0.0027	0.0
15perc_10repeat	0.2	0.1282	0.8557	0.0267	0.0038	0.9478	0.6698	0.7849	0.8605	0.609	0.0079	0.0011	0.9403	0.002	0.0	0.8967	0.003	0.0
40perc_10repeat	0.2	0.1355	0.8472	0.0417	0.0059	0.9484	0.6468	0.7691	0.8557	0.6098	0.0083	0.0012	0.939	0.002	0.0	0.8933	0.0028	0.0
90perc_5repeat	0.2	0.1234	0.8607	0.0227	0.0032	0.9461	0.6843	0.7942	0.8606	0.6089	0.0084	0.0012	0.9432	0.0013	0.0	0.9015	0.0024	0.0
30perc_10repeat	0.2	0.1306	0.853	0.0391	0.0055	0.9467	0.6629	0.7798	0.8627	0.6087	0.0107	0.0015	0.9404	0.0015	0.0	0.8958	0.0026	0.0
60perc_10repeat	0.2	0.1319	0.8517	0.0265	0.0037	0.9509	0.6564	0.7767	0.8575	0.6092	0.0078	0.0011	0.9415	0.0021	0.0	0.8969	0.0031	0.0
100perc_5repeat	0.2	0.128	0.8552	0.0323	0.0046	0.9471	0.6696	0.7846	0.8622	0.61	0.0101	0.0014	0.9373	0.0018	0.0	0.8928	0.0028	0.0
5perc_5repeat	0.4	0.0785	0.9093	0.0053	0.0007	0.9373	0.8237	0.8768	0.9096	0.6081	0.0052	0.0007	0.9401	0.001	0.0	0.8973	0.0015	0.0
70perc_10repeat	0.2	0.1339	0.8493	0.0425	0.006	0.9471	0.6528	0.7729	0.86	0.6093	0.0086	0.0012	0.9394	0.0019	0.0	0.8938	0.0028	0.0
50perc_10repeat	0.2	0.1233	0.8609	0.021	0.003	0.9482	0.6828	0.7939	0.8657	0.6071	0.0082	0.0012	0.9406	0.0019	0.0	0.8978	0.0024	0.0
90perc_10repeat	0.2	0.1249	0.8591	0.0281	0.004	0.9486	0.6781	0.7908	0.8654	0.6106	0.0075	0.0011	0.9388	0.002	0.0	0.8963	0.0027	0.0
100perc_10repeat	0.2	0.1228	0.861	0.0227	0.0032	0.9467	0.6843	0.7944	0.8599	0.6073	0.0088	0.0012	0.9363	0.0019	0.0	0.8937	0.0026	0.0
5perc_10repeat	0.4	0.0782	0.9094	0.0059	0.0008	0.9357	0.8254	0.8771	0.9094	0.6074	0.0062	0.0009	0.9407	0.0011	0.0	0.8997	0.0013	0.0
30perc_2repeat	0.4	0.078	0.9099	0.0056	0.0008	0.9371	0.8254	0.8777	0.9106	0.6078	0.0061	0.0009	0.9417	0.0009	0.0	0.9001	0.0013	0.0
70perc_2repeat	0.4	0.0785	0.9091	0.0062	0.0009	0.936	0.825	0.877	0.9099	0.6093	0.006	0.0008	0.9401	0.0009	0.0	0.897	0.0014	0.0
90perc_2repeat	0.4	0.0787	0.9089	0.005	0.0007	0.9353	0.8245	0.8764	0.9093	0.6081	0.0046	0.0006	0.9394	0.0009	0.0	0.8956	0.0013	0.0
15perc_2repeat	0.5	0.0696	0.9193	0.0038	0.0005	0.9344	0.8538	0.8923	0.9196	0.6079	0.0041	0.0006	0.9394	0.0008	0.0	0.896	0.0012	0.0
30perc_2repeat	0.5	0.0704	0.9183	0.0044	0.0006	0.9347	0.8504	0.8905	0.9189	0.6071	0.0056	0.0008	0.9405	0.0008	0.0	0.8973	0.0014	0.0
40perc_2repeat	0.5	0.0714	0.9173	0.0042	0.0006	0.9341	0.8488	0.8894	0.9167	0.608	0.0055	0.0008	0.941	0.0008	0.0	0.8988	0.0012	0.0
90perc_5repeat	0.4	0.0777	0.91	0.0049	0.0007	0.9353	0.827	0.8779	0.9099	0.6072	0.0059	0.0008	0.9396	0.001	0.0	0.8967	0.0016	0.0
60perc_2repeat	0.5	0.0698	0.9189	0.0039	0.0006	0.9343	0.8528	0.8917	0.9192	0.6078	0.0039	0.0005	0.9399	0.0008	0.0	0.8982	0.0014	0.0
100perc_5repeat	0.4	0.0785	0.9089	0.0055	0.0008	0.9358	0.8244	0.8766	0.9096	0.6088	0.0055	0.0008	0.9381	0.0009	0.0	0.8944	0.0014	0.0
50perc_2repeat	0.5	0.0704	0.9184	0.0052	0.0007	0.9343	0.8515	0.891	0.9182	0.6081	0.0049	0.0007	0.9403	0.0009	0.0	0.8975	0.0015	0.0
5perc_5repeat	0.5	0.07	0.9186	0.0039	0.0006	0.9334	0.8532	0.8915	0.9193	0.6083	0.0042	0.0006	0.9381	0.0007	0.0	0.8948	0.0012	0.0
70perc_2repeat	0.5	0.0702	0.9184	0.0039	0.0005	0.9352	0.8508	0.891	0.918	0.6081	0.004	0.0006	0.9402	0.0009	0.0	0.8973	0.0013	0.0
90perc_2repeat	0.5	0.0703	0.9184	0.0044	0.0006	0.9347	0.8516	0.8912	0.9179	0.6087	0.005	0.0007	0.9412	0.0009	0.0	0.8978	0.0012	0.0
15perc_5repeat	0.5	0.0707	0.9181	0.0039	0.0005	0.9353	0.8497	0.8904	0.9183	0.608	0.005	0.0007	0.9428	0.0009	0.0	0.9013	0.0012	0.0
30perc_5repeat	0.5	0.0714	0.9172	0.0037	0.0005	0.9349	0.8479	0.8893	0.9174	0.6085	0.0041	0.0006	0.9404	0.0009	0.0	0.8975	0.0015	0.0
40perc_5repeat	0.5	0.0706	0.9182	0.0042	0.0006	0.9361	0.8498	0.8908	0.9182	0.609	0.0034	0.0005	0.9406	0.0007	0.0	0.898	0.0011	0.0
15perc_5repeat	0.4	0.0782	0.9092	0.0055	0.0008	0.9373	0.8235	0.8767	0.9109	0.6081	0.0058	0.0008	0.9416	0.0009	0.0	0.901	0.0013	0.0
60perc_5repeat	0.5	0.0709	0.9181	0.0037	0.0005	0.9336	0.851	0.8904	0.9184	0.6074	0.0047	0.0007	0.9418	0.0009	0.0	0.8996	0.0014	0.0
100perc_2repeat	0.5	0.0706	0.918	0.0031	0.0004	0.934	0.8506	0.8904	0.9176	0.6079	0.0045	0.0006	0.9398	0.0008	0.0	0.8965	0.0012	0.0
70perc_5repeat	0.5	0.0698	0.9189	0.0032	0.0005	0.9344	0.8528	0.8917	0.9191	0.6079	0.0042	0.0006	0.939	0.0008	0.0	0.8955	0.0013	0.0
60perc_10repeat	0.4	0.0799	0.9077	0.0065	0.0009	0.9381	0.8187	0.8744	0.9088	0.6089	0.0059	0.0008	0.9399	0.0011	0.0	0.8954	0.0018	0.0
50perc_5repeat	0.5	0.0701	0.9183	0.0038	0.0005	0.9346	0.8509	0.8908	0.9184	0.6082	0.0042	0.0006	0.9396	0.0009	0.0	0.8957	0.0013	0.0
5perc_2repeat	0.7	0.0614	0.9288	0.0038	0.0005	0.9332	0.8812	0.9064	0.9286	0.6081	0.0026	0.0004	0.9407	0.0005	0.0	0.8972	0.0008	0.0
70perc_10repeat	0.4	0.0789	0.9087	0.0057	0.0008	0.936	0.8239	0.8764	0.9092	0.6094	0.0052	0.0007	0.9406	0.001	0.0	0.8962	0.0015	0.0
90perc_5repeat	0.5	0.0704	0.918	0.0041	0.0006	0.9344	0.85	0.8902	0.9175	0.6075	0.005	0.0007	0.9403	0.0008	0.0	0.8972	0.0013	0.0
15perc_10repeat	0.5	0.0701	0.9186	0.0047	0.0007	0.9338	0.8525	0.8913	0.9195	0.6077	0.0044	0.0006	0.9406	0.0007	0.0	0.8978	0.0012	0.0
40perc_2repeat	0.4	0.0796	0.9079	0.0068	0.001	0.9373	0.8203	0.8749	0.9082	0.6092	0.0065	0.0009	0.9402	0.001	0.0	0.8953	0.0015	0.0
30perc_10repeat	0.5	0.0708	0.9179	0.004	0.0006	0.9352	0.8497	0.8904	0.9174	0.6089	0.0043	0.0006	0.941	0.0009	0.0	0.8972	0.0013	0.0
5perc_10repeat	0.5	0.0712	0.9175	0.0043	0.0006	0.9359	0.8474	0.8895	0.9173	0.6078	0.0043	0.0006	0.942	0.0009	0.0	0.8982	0.0014	0.0
50perc_2repeat	0.4	0.0788	0.909	0.0064	0.0009	0.9368	0.8234	0.8765	0.9097	0.6082	0.0059	0.0008	0.9395	0.0011	0.0	0.8964	0.0018	0.0
60perc_2repeat	0.4	0.0788	0.9086	0.0055	0.0008	0.9359	0.823	0.8758	0.9097	0.6078	0.0056	0.0008	0.9401	0.0011	0.0	0.8974	0.0016	0.0
15perc_2repeat	0.7	0.062	0.9282	0.005	0.0007	0.9338	0.8797	0.9059	0.9288	0.6087	0.0027	0.0004	0.9409	0.0006	0.0	0.8978	0.0008	0.0
5perc_2repeat	0.5	0.07	0.919	0.004	0.0006	0.9344	0.8529	0.8918	0.9185	0.608	0.0041	0.0006	0.9411	0.0008	0.0	0.8982	0.001	0.0
40perc_10repeat	0.5	0.0694	0.9189	0.0042	0.0006	0.9337	0.8533	0.8917	0.9189	0.6075	0.0048	0.0007	0.9384	0.0008	0.0	0.8948	0.0014	0.0
60perc_10repeat	0.5	0.0706	0.9184	0.0037	0.0005	0.9379	0.8487	0.8911	0.918	0.6098	0.0044	0.0006	0.942	0.0008	0.0	0.898	0.0014	0.0
70perc_10repeat	0.5	0.0713	0.9171	0.0033	0.0005	0.935	0.848	0.8894	0.9169	0.6094	0.0047	0.0007	0.9408	0.0009	0.0	0.8963	0.0013	0.0
15perc_10repeat	0.4	0.0784	0.9095	0.0052	0.0007	0.9375	0.824	0.8771	0.91	0.6077	0.0054	0.0008	0.941	0.0008	0.0	0.8993	0.0014	0.0
100perc_5repeat	0.5	0.0701	0.9185	0.0048	0.0007	0.937	0.85	0.8914	0.9181	0.6097	0.0044	0.0006	0.9394	0.0008	0.0	0.8949	0.0012	0.0
100perc_2repeat	0.4	0.0779	0.9096	0.0055	0.0008	0.9366	0.8252	0.8774	0.9104	0.6079	0.0052	0.0007	0.9397	0.0012	0.0	0.897	0.0018	0.0
40perc_2repeat	0.7	0.0607	0.9298	0.0042	0.0006	0.9332	0.8835	0.9077	0.9291	0.6078	0.0026	0.0004	0.9406	0.0006	0.0	0.8973	0.0009	0.0
30perc_2repeat	0.7	0.0612	0.9288	0.0039	0.0006	0.9334	0.8816	0.9067	0.9282	0.6085	0.0027	0.0004	0.9403	0.0005	0.0	0.8969	0.0009	0.0
50perc_10repeat	0.5	0.0703	0.9182	0.0046	0.0006	0.934	0.8514	0.8908	0.9178	0.6079	0.0041	0.0006	0.9398	0.0008	0.0	0.8972	0.0012	0.0
30perc_5repeat	0.4	0.0782	0.9092	0.0058	0.0008	0.9363	0.825	0.8771	0.9105	0.6092	0.0063	0.0009	0.9388	0.0011	0.0	0.8953	0.0018	0.0
90perc_10repeat	0.5	0.0712	0.9171	0.0038	0.0005	0.9341	0.8482	0.8891	0.916	0.6081	0.0044	0.0006	0.9404	0.0008	0.0	0.8969	0.0012	0.0
5perc_5repeat	0.7	0.0615	0.9288	0.0041	0.0006	0.9336	0.8814	0.9068	0.9282	0.6087	0.003	0.0004	0.9413	0.0006	0.0	0.8985	0.0007	0.0
40perc_5repeat	0.4	0.0785	0.9091	0.0048	0.0007	0.9355	0.8249	0.8768	0.9088	0.608	0.0051	0.0007	0.9401	0.001	0.0	0.8973	0.0017	0.0
50perc_2repeat	0.7	0.0612	0.9287	0.0039	0.0006	0.9321	0.8819	0.9063	0.9291	0.6078	0.0032	0.0005	0.941	0.0006	0.0	0.8976	0.0009	0.0
15perc_5repeat	0.7	0.0612	0.929	0.0041	0.0006	0.9313	0.8837	0.9069	0.9294	0.608	0.0026	0.0004	0.9404	0.0005	0.0	0.8976	0.0008	0.0
50perc_5repeat	0.4	0.0796	0.9079	0.0059	0.0008	0.9383	0.8193	0.8747	0.9091	0.6086	0.0061	0.0009	0.94	0.001	0.0	0.8953	0.0016	0.0
60perc_2repeat	0.7	0.0619	0.9281	0.0036	0.0005	0.9336	0.8783	0.9051	0.9276	0.6077	0.0033	0.0005	0.9406	0.0006	0.0	0.8975	0.0009	0.0
60perc_5repeat	0.4	0.0787	0.909	0.0066	0.0009	0.9374	0.8232	0.8766	0.9103	0.6088	0.0057	0.0008	0.94	0.0011	0.0	0.8966	0.0017	0.0
70perc_5repeat	0.4	0.0798	0.9078	0.005	0.0007	0.9379	0.8198	0.8749	0.9084	0.6098	0.0048	0.0007	0.9419	0.001	0.0	0.8978	0.0018	0.0
100perc_10repeat	0.5	0.0701	0.9185	0.0034	0.0005	0.9357	0.8496	0.8906	0.9181	0.6069	0.0042	0.0006	0.9404	0.0008	0.0	0.8976	0.0012	0.0
30perc_5repeat	0.7	0.0605	0.9295	0.004	0.0006	0.9315	0.8844	0.9074	0.9295	0.6076	0.0032	0.0005	0.9397	0.0005	0.0	0.8963	0.0008	0.0
90perc_2repeat	0.7	0.0608	0.9295	0.0039	0.0005	0.933	0.8833	0.9074	0.9293	0.6078	0.0033	0.0005	0.9399	0.0005	0.0	0.8973	0.0008	0.0
70perc_2repeat	0.7	0.0615	0.9286	0.004	0.0006	0.9322	0.882	0.9064	0.9288	0.6083	0.0033	0.0005	0.9404	0.0007	0.0	0.8961	0.001	0.0
100perc_2repeat	0.7	0.0614	0.9286	0.0049	0.0007	0.9335	0.8808	0.9064	0.929	0.6084	0.0031	0.0004	0.9409	0.0007	0.0	0.8974	0.0008	0.0
40perc_5repeat	0.7	0.0608	0.9293	0.0033	0.0005	0.9334	0.8829	0.9074	0.9294	0.6086	0.0029	0.0004	0.9396	0.0006	0.0	0.896	0.0009	0.0
50perc_5repeat	0.7	0.0617	0.9284	0.004	0.0006	0.9326	0.8814	0.9063	0.9281	0.6086	0.0032	0.0004	0.9407	0.0005	0.0	0.8973	0.0008	0.0
60perc_5repeat	0.7	0.0618	0.928	0.004	0.0006	0.9321	0.8802	0.9054	0.928	0.608	0.0034	0.0005	0.9405	0.0005	0.0	0.8973	0.0008	0.0
40perc_2repeat	0.8	0.0589	0.9316	0.0048	0.0007	0.9309	0.891	0.9105	0.9313	0.6079	0.0023	0.0003	0.9406	0.0004	0.0	0.8976	0.0006	0.0
5perc_10repeat	0.7	0.0611	0.9292	0.0049	0.0007	0.9352	0.8807	0.9072	0.9294	0.6087	0.0027	0.0004	0.9403	0.0005	0.0	0.8964	0.0008	0.0
5perc_5repeat	0.8	0.0583	0.9326	0.0058	0.0008	0.9335	0.8916	0.9121	0.9322	0.6083	0.002	0.0003	0.9406	0.0004	0.0	0.8977	0.0006	0.0
90perc_10repeat	0.4	0.0789	0.9088	0.0052	0.0007	0.9379	0.8221	0.8762	0.9089	0.6088	0.0053	0.0007	0.9415	0.0009	0.0	0.8973	0.0014	0.0
100perc_10repeat	0.4	0.0796	0.908	0.0062	0.0009	0.9375	0.8205	0.8751	0.9087	0.6092	0.0059	0.0008	0.9393	0.0011	0.0	0.8951	0.0019	0.0
5perc_2repeat	0.9	0.0548	0.9365	0.0074	0.001	0.9326	0.9026	0.9174	0.9366	0.6082	0.0014	0.0002	0.9396	0.0002	0.0	0.8963	0.0004	0.0
50perc_10repeat	0.4	0.0791	0.9087	0.0055	0.0008	0.9379	0.8216	0.8759	0.9098	0.6083	0.0049	0.0007	0.9413	0.001	0.0	0.8983	0.0013	0.0
30perc_10repeat	0.4	0.078	0.9099	0.0055	0.0008	0.936	0.8264	0.8778	0.9101	0.6078	0.0055	0.0008	0.9404	0.001	0.0	0.8979	0.0018	0.0
70perc_5repeat	0.7	0.0609	0.9294	0.0037	0.0005	0.9323	0.8844	0.9077	0.9294	0.6085	0.0033	0.0005	0.9404	0.0006	0.0	0.8971	0.0008	0.0
90perc_5repeat	0.7	0.0613	0.9289	0.0041	0.0006	0.9355	0.8796	0.9067	0.9291	0.6087	0.0033	0.0005	0.9413	0.0006	0.0	0.8983	0.001	0.0
40perc_10repeat	0.4	0.0791	0.9086	0.0059	0.0008	0.938	0.8216	0.8759	0.9101	0.6091	0.0063	0.0009	0.9413	0.001	0.0	0.8986	0.0017	0.0
5perc_2repeat	0.8	0.058	0.9327	0.0055	0.0008	0.9328	0.8928	0.9124	0.9332	0.6085	0.0021	0.0003	0.9396	0.0004	0.0	0.8961	0.0006	0.0
15perc_2repeat	0.9	0.057	0.9338	0.007	0.001	0.9296	0.8992	0.9141	0.9344	0.6083	0.0019	0.0003	0.9402	0.0002	0.0	0.8967	0.0004	0.0
30perc_10repeat	0.7	0.0622	0.9278	0.0041	0.0006	0.9329	0.8785	0.9049	0.9284	0.608	0.0032	0.0005	0.9409	0.0005	0.0	0.8985	0.0009	0.0
15perc_10repeat	0.7	0.0611	0.929	0.0044	0.0006	0.9332	0.8815	0.9066	0.9289	0.6077	0.003	0.0004	0.9401	0.0005	0.0	0.8969	0.0008	0.0
100perc_5repeat	0.7	0.0617	0.9286	0.0041	0.0006	0.9332	0.8808	0.9062	0.9289	0.6082	0.0029	0.0004	0.9398	0.0005	0.0	0.8961	0.0009	0.0
60perc_2repeat	0.8	0.0588	0.9317	0.0049	0.0007	0.9324	0.8903	0.9109	0.9317	0.6084	0.0026	0.0004	0.9405	0.0004	0.0	0.8972	0.0006	0.0
15perc_2repeat	0.8	0.0589	0.9318	0.0053	0.0007	0.9303	0.8929	0.9112	0.9323	0.6083	0.002	0.0003	0.9401	0.0004	0.0	0.8972	0.0006	0.0
30perc_5repeat	0.8	0.0593	0.9312	0.0047	0.0007	0.9299	0.8908	0.91	0.9314	0.6079	0.0018	0.0003	0.9399	0.0004	0.0	0.8969	0.0006	0.0
90perc_2repeat	0.8	0.0586	0.9322	0.0051	0.0007	0.932	0.8925	0.9118	0.9326	0.6085	0.0024	0.0003	0.9401	0.0003	0.0	0.897	0.0005	0.0
70perc_2repeat	0.8	0.0585	0.9319	0.0048	0.0007	0.9319	0.8909	0.911	0.9316	0.6081	0.0025	0.0004	0.94	0.0005	0.0	0.897	0.0007	0.0
40perc_10repeat	0.7	0.062	0.9281	0.004	0.0006	0.932	0.8813	0.906	0.9288	0.6088	0.0032	0.0005	0.9404	0.0006	0.0	0.8967	0.0009	0.0
50perc_10repeat	0.7	0.0622	0.9279	0.0043	0.0006	0.9312	0.8812	0.9055	0.9279	0.6083	0.0025	0.0004	0.9402	0.0005	0.0	0.8972	0.0009	0.0
5perc_5repeat	0.9	0.0565	0.9347	0.0068	0.001	0.9315	0.899	0.915	0.9345	0.6082	0.0014	0.0002	0.9403	0.0003	0.0	0.8972	0.0004	0.0
30perc_2repeat	0.8	0.059	0.9316	0.0041	0.0006	0.9333	0.8882	0.9102	0.932	0.6079	0.0026	0.0004	0.9406	0.0004	0.0	0.8979	0.0006	0.0
30perc_2repeat	0.9	0.0556	0.9355	0.0079	0.0011	0.9331	0.9013	0.9169	0.9358	0.6086	0.0015	0.0002	0.9403	0.0003	0.0	0.8965	0.0004	0.0
50perc_5repeat	0.8	0.0585	0.9321	0.0052	0.0007	0.9314	0.8926	0.9116	0.9326	0.6085	0.0024	0.0003	0.9406	0.0004	0.0	0.8976	0.0005	0.0
5perc_10repeat	0.8	0.0572	0.9338	0.0048	0.0007	0.934	0.8941	0.9136	0.9348	0.6081	0.0021	0.0003	0.9401	0.0003	0.0	0.8968	0.0005	0.0
50perc_2repeat	0.8	0.059	0.9317	0.0051	0.0007	0.9322	0.8902	0.9107	0.9318	0.6081	0.002	0.0003	0.941	0.0005	0.0	0.8987	0.0008	0.0
70perc_10repeat	0.7	0.0611	0.9295	0.0037	0.0005	0.9361	0.8807	0.9076	0.9297	0.6088	0.0025	0.0004	0.9407	0.0005	0.0	0.8977	0.0008	0.0
40perc_2repeat	0.9	0.056	0.9347	0.0081	0.0011	0.9299	0.9015	0.9155	0.9363	0.6083	0.0014	0.0002	0.9398	0.0002	0.0	0.8966	0.0004	0.0
15perc_5repeat	0.9	0.0571	0.9338	0.0079	0.0011	0.9274	0.8998	0.9134	0.9325	0.6079	0.0015	0.0002	0.9402	0.0003	0.0	0.8968	0.0004	0.0
15perc_10repeat	0.8	0.0587	0.932	0.0054	0.0008	0.9309	0.8923	0.9112	0.9309	0.608	0.0018	0.0003	0.94	0.0004	0.0	0.8972	0.0006	0.0
50perc_2repeat	0.9	0.056	0.9351	0.0072	0.001	0.9304	0.9009	0.9154	0.9352	0.6081	0.0016	0.0002	0.9398	0.0001	0.0	0.8964	0.0003	0.0
15perc_5repeat	0.8	0.058	0.9327	0.005	0.0007	0.9324	0.8932	0.9124	0.9324	0.6084	0.0023	0.0003	0.9403	0.0004	0.0	0.8966	0.0006	0.0
100perc_10repeat	0.7	0.0615	0.9289	0.0043	0.0006	0.9318	0.8834	0.9069	0.9297	0.6083	0.0033	0.0005	0.9413	0.0006	0.0	0.8981	0.0009	0.0
40perc_5repeat	0.8	0.0588	0.9317	0.005	0.0007	0.9334	0.8887	0.9105	0.9321	0.6081	0.0021	0.0003	0.9405	0.0004	0.0	0.8976	0.0007	0.0
5perc_10repeat	0.9	0.0557	0.9353	0.0079	0.0011	0.9284	0.9038	0.916	0.9361	0.608	0.0017	0.0002	0.9404	0.0003	0.0	0.8971	0.0004	0.0
60perc_2repeat	0.9	0.0572	0.9338	0.0071	0.001	0.9294	0.9	0.9145	0.9343	0.6084	0.0014	0.0002	0.9404	0.0002	0.0	0.8973	0.0004	0.0
30perc_5repeat	0.9	0.0565	0.9344	0.0073	0.001	0.9312	0.8995	0.9151	0.934	0.6084	0.0015	0.0002	0.9402	0.0003	0.0	0.8971	0.0004	0.0
30perc_10repeat	0.8	0.0582	0.9326	0.0052	0.0007	0.933	0.8916	0.9118	0.9327	0.6081	0.0019	0.0003	0.9401	0.0005	0.0	0.8972	0.0007	0.0
40perc_10repeat	0.8	0.0593	0.931	0.0054	0.0008	0.9305	0.8904	0.91	0.9309	0.6083	0.0023	0.0003	0.9405	0.0004	0.0	0.8971	0.0007	0.0
100perc_2repeat	0.8	0.0583	0.9324	0.0057	0.0008	0.9333	0.8921	0.9122	0.9329	0.6088	0.002	0.0003	0.9405	0.0004	0.0	0.897	0.0007	0.0
90perc_10repeat	0.7	0.0614	0.9286	0.0043	0.0006	0.9327	0.8819	0.9066	0.9283	0.6087	0.0033	0.0005	0.9405	0.0006	0.0	0.8963	0.0008	0.0
90perc_2repeat	0.9	0.0564	0.9344	0.0075	0.0011	0.9313	0.8992	0.915	0.9349	0.6083	0.0017	0.0002	0.9406	0.0003	0.0	0.8975	0.0005	0.0
15perc_10repeat	0.9	0.0561	0.9349	0.0061	0.0009	0.9317	0.9016	0.9164	0.9352	0.6087	0.0016	0.0002	0.9402	0.0003	0.0	0.8967	0.0004	0.0
100perc_10repeat	0.8	0.058	0.9329	0.0046	0.0007	0.9317	0.8948	0.9129	0.9346	0.6085	0.0021	0.0003	0.9395	0.0004	0.0	0.8956	0.0006	0.0
60perc_5repeat	0.8	0.0573	0.9337	0.0052	0.0007	0.9354	0.8924	0.9134	0.9342	0.6083	0.0024	0.0003	0.9403	0.0004	0.0	0.8974	0.0006	0.0
50perc_10repeat	0.8	0.0581	0.933	0.0047	0.0007	0.9339	0.8917	0.9123	0.9335	0.608	0.0027	0.0004	0.9403	0.0004	0.0	0.897	0.0007	0.0
100perc_5repeat	0.8	0.0589	0.9318	0.0048	0.0007	0.9315	0.892	0.9113	0.932	0.6085	0.0025	0.0004	0.941	0.0004	0.0	0.8978	0.0006	0.0
70perc_2repeat	0.9	0.0566	0.9342	0.0078	0.0011	0.932	0.8971	0.9142	0.9343	0.6082	0.0012	0.0002	0.9405	0.0003	0.0	0.8972	0.0005	0.0
90perc_5repeat	0.8	0.0581	0.9327	0.0054	0.0008	0.9334	0.8917	0.9121	0.9332	0.6082	0.0017	0.0002	0.9402	0.0004	0.0	0.8967	0.0005	0.0
70perc_5repeat	0.8	0.0589	0.9318	0.0046	0.0007	0.9324	0.8905	0.911	0.9317	0.6083	0.0025	0.0004	0.9405	0.0004	0.0	0.897	0.0006	0.0
30perc_10repeat	0.9	0.0559	0.9348	0.0077	0.0011	0.9307	0.9014	0.9158	0.9356	0.6084	0.0015	0.0002	0.9404	0.0003	0.0	0.8967	0.0004	0.0
70perc_5repeat	0.9	0.0573	0.9335	0.0085	0.0012	0.9294	0.8984	0.9137	0.9336	0.6083	0.0014	0.0002	0.94	0.0002	0.0	0.8967	0.0003	0.0
90perc_10repeat	0.8	0.0588	0.9317	0.005	0.0007	0.9318	0.8914	0.9111	0.9319	0.6086	0.0021	0.0003	0.9404	0.0004	0.0	0.8968	0.0006	0.0
40perc_5repeat	0.9	0.0557	0.9351	0.0072	0.001	0.9303	0.9029	0.9164	0.9344	0.6085	0.0016	0.0002	0.9404	0.0002	0.0	0.8969	0.0005	0.0
60perc_10repeat	0.7	0.0604	0.9299	0.0041	0.0006	0.9326	0.8843	0.9078	0.9299	0.6077	0.0029	0.0004	0.9401	0.0005	0.0	0.897	0.0007	0.0
100perc_2repeat	0.9	0.0566	0.9347	0.0074	0.001	0.9298	0.9001	0.9147	0.936	0.6079	0.0014	0.0002	0.9401	0.0003	0.0	0.8971	0.0003	0.0
100perc_5repeat	0.9	0.0561	0.9348	0.0083	0.0012	0.9316	0.9003	0.9156	0.9348	0.6084	0.0016	0.0002	0.9398	0.0002	0.0	0.8964	0.0003	0.0
60perc_10repeat	0.8	0.0585	0.9324	0.005	0.0007	0.9321	0.8923	0.9117	0.9326	0.6082	0.0018	0.0003	0.9397	0.0004	0.0	0.8969	0.0006	0.0
60perc_5repeat	0.9	0.0568	0.9345	0.0069	0.001	0.9323	0.8982	0.9149	0.9351	0.6083	0.0016	0.0002	0.9401	0.0003	0.0	0.8969	0.0004	0.0
50perc_5repeat	0.9	0.0567	0.9343	0.007	0.001	0.9326	0.8983	0.9151	0.9352	0.6085	0.0013	0.0002	0.9403	0.0003	0.0	0.8968	0.0004	0.0
90perc_10repeat	0.9	0.0555	0.9353	0.0066	0.0009	0.9313	0.9009	0.9159	0.935	0.6082	0.0014	0.0002	0.9402	0.0003	0.0	0.8965	0.0004	0.0
70perc_10repeat	0.8	0.058	0.9332	0.0047	0.0007	0.9323	0.8944	0.913	0.9329	0.6083	0.002	0.0003	0.9408	0.0005	0.0	0.8977	0.0007	0.0
90perc_5repeat	0.9	0.0568	0.9339	0.0069	0.001	0.9286	0.9014	0.9148	0.9328	0.6084	0.0015	0.0002	0.9406	0.0003	0.0	0.8978	0.0005	0.0
70perc_10repeat	0.9	0.0568	0.9341	0.0081	0.0011	0.9333	0.8968	0.9147	0.9346	0.6085	0.0015	0.0002	0.9408	0.0003	0.0	0.8977	0.0005	0.0
100perc_10repeat	0.9	0.0566	0.935	0.0057	0.0008	0.931	0.9018	0.9162	0.9348	0.6085	0.0015	0.0002	0.9404	0.0003	0.0	0.8972	0.0004	0.0
40perc_10repeat	0.9	0.0564	0.9347	0.0068	0.001	0.933	0.8984	0.9154	0.9348	0.6084	0.0017	0.0002	0.9405	0.0003	0.0	0.897	0.0004	0.0
50perc_10repeat	0.9	0.0556	0.9358	0.006	0.0009	0.933	0.9006	0.9165	0.9367	0.6082	0.0015	0.0002	0.9405	0.0003	0.0	0.8971	0.0005	0.0
60perc_10repeat	0.9	0.056	0.935	0.0064	0.0009	0.9325	0.8994	0.9156	0.9355	0.6083	0.0017	0.0002	0.9406	0.0003	0.0	0.8974	0.0004	0.0
