Label	trainingSize	SquaredLoss_Mean	Accuracy_Mean	Accuracy_SD	Accuracy_SE	Precision_Mean	Recall_Mean	F1	Accuracy_Median	PriorClass0_Mean	PriorClass0_SD	PriorClass0_SE	ProbabilityEstimate_0given0_Mean 	ProbabilityEstimate_0given0_SD 	ProbabilityEstimate_0given0_SE 	ProbabilityEstimate_1given1_Mean	ProbabilityEstimate_1given1_SD	ProbabilityEstimate_1given1_SE


original	0.9	0.3114	0.6697	0.0176	0.0025	0.0	0.0	0.0	0.6678	0.6736	0.002	0.0003	0.6747	0.0004	0.0	0.4998	0.0007	0.0
original	0.8	0.3127	0.6704	0.0126	0.0018	0.0	0.0	0.0	0.6693	0.6739	0.0032	0.0004	0.6754	0.0007	0.0	0.4989	0.0009	0.0
original	0.7	0.3111	0.6734	0.0084	0.0012	0.0	0.0	0.0	0.6742	0.6731	0.0036	0.0005	0.6749	0.0008	0.0	0.4996	0.0014	0.0
original	0.6	0.3128	0.6734	0.0066	0.0009	0.0	0.0	0.0	0.6734	0.6731	0.0044	0.0006	0.6757	0.0008	0.0	0.499	0.0015	0.0
original	0.5	0.3124	0.6744	0.0058	0.0008	0.0	0.0	0.0	0.6747	0.672	0.0058	0.0008	0.6738	0.0015	0.0	0.5013	0.0019	0.0
original	0.3	0.3161	0.6729	0.0038	0.0005	0.0	0.0	0.0	0.6736	0.674	0.0088	0.0012	0.6758	0.0022	0.0	0.4986	0.003	0.0
original	0.4	0.3134	0.6748	0.0049	0.0007	0.0	0.0	0.0	0.676	0.6708	0.0073	0.001	0.6713	0.0016	0.0	0.4982	0.0027	0.0
original	0.35	0.316	0.6728	0.0041	0.0006	0.002	0.0	0.0	0.6726	0.674	0.0077	0.0011	0.6773	0.0018	0.0	0.5016	0.0026	0.0
original	0.2	0.3162	0.6735	0.003	0.0004	0.0	0.0	0.0	0.6734	0.6721	0.0121	0.0017	0.6727	0.003	0.0	0.4947	0.0048	0.0
original	0.1	0.3182	0.6727	0.002	0.0003	0.0	0.0	0.0	0.6724	0.678	0.0176	0.0025	0.6811	0.0048	0.0	0.4904	0.0075	0.0
original	0.45	0.3153	0.6724	0.0049	0.0007	0.0	0.0	0.0	0.6726	0.6742	0.006	0.0008	0.6752	0.0014	0.0	0.5007	0.0021	0.0
original	0.25	0.3158	0.6733	0.0037	0.0005	0.0	0.0	0.0	0.673	0.6731	0.0111	0.0016	0.6727	0.0026	0.0	0.499	0.0032	0.0
original	0.05	0.3143	0.6731	0.0012	0.0002	0.0326	0.0001	0.0001	0.6729	0.6757	0.0235	0.0033	0.6746	0.0088	0.0	0.4838	0.0122	0.0


15perc_2repeat	0.2	0.3168	0.6732	0.0032	0.0005	0.002	0.0	0.0	0.6739	0.6731	0.0129	0.0018	0.6774	0.0029	0.0	0.493	0.0046	0.0
100perc_2repeat	0.1	0.316	0.6735	0.002	0.0003	0.01	0.0	0.0	0.6734	0.6702	0.0184	0.0026	0.6725	0.0051	0.0	0.504	0.0071	0.0
15perc_2repeat	0.1	0.3173	0.6729	0.0018	0.0003	0.0	0.0	0.0	0.6726	0.6763	0.0165	0.0023	0.6776	0.0052	0.0	0.5046	0.0053	0.0
30perc_2repeat	0.1	0.3172	0.6731	0.002	0.0003	0.0	0.0	0.0	0.6731	0.6743	0.0177	0.0025	0.6736	0.0038	0.0	0.4946	0.0072	0.0
05perc_2repeat	0.2	0.3173	0.6727	0.0025	0.0004	0.0	0.0	0.0	0.6728	0.6754	0.01	0.0014	0.6786	0.0028	0.0	0.5006	0.0045	0.0
40perc_2repeat	0.1	0.3164	0.6736	0.0019	0.0003	0.0166	0.0	0.0	0.6731	0.6693	0.0169	0.0024	0.6767	0.0048	0.0	0.4939	0.0075	0.0
40perc_5repeat	0.1	0.3163	0.6732	0.0019	0.0003	0.0017	0.0	0.0	0.6732	0.6731	0.0174	0.0025	0.6683	0.0047	0.0	0.4999	0.0067	0.0
50perc_2repeat	0.1	0.3166	0.6732	0.0024	0.0003	0.007	0.0	0.0	0.6733	0.6734	0.0214	0.003	0.6724	0.0053	0.0	0.4894	0.0087	0.0
70perc_5repeat	0.1	0.3172	0.6732	0.0021	0.0003	0.0	0.0	0.0	0.6728	0.6735	0.0189	0.0027	0.676	0.0047	0.0	0.4799	0.0073	0.0
90perc_5repeat	0.1	0.3178	0.6728	0.0019	0.0003	0.008	0.0	0.0	0.6726	0.6771	0.017	0.0024	0.6791	0.0047	0.0	0.5045	0.0085	0.0
30perc_5repeat	0.1	0.3166	0.6734	0.0022	0.0003	0.0417	0.0	0.0001	0.6735	0.6719	0.0196	0.0028	0.6762	0.0054	0.0	0.5116	0.0073	0.0
05perc_5repeat	0.1	0.3172	0.673	0.0017	0.0002	0.0	0.0	0.0	0.6727	0.6752	0.0157	0.0022	0.6748	0.0045	0.0	0.4865	0.0071	0.0
30perc_2repeat	0.2	0.3166	0.673	0.0027	0.0004	0.0	0.0	0.0	0.6728	0.674	0.0108	0.0015	0.6725	0.0034	0.0	0.4893	0.0039	0.0
50perc_5repeat	0.05	0.3178	0.6729	0.0013	0.0002	0.0391	0.0	0.0001	0.6726	0.6786	0.0242	0.0034	0.6853	0.0073	0.0	0.4715	0.0133	0.0
40perc_5repeat	0.05	0.3164	0.673	0.0013	0.0002	0.005	0.0	0.0	0.6731	0.677	0.0246	0.0035	0.6747	0.0078	0.0	0.4789	0.0123	0.0
40perc_10repeat	0.1	0.3171	0.6731	0.0018	0.0002	0.012	0.0	0.0	0.6735	0.674	0.0158	0.0022	0.6772	0.005	0.0	0.4868	0.0072	0.0
60perc_10repeat	0.05	0.3152	0.6734	0.0016	0.0002	0.0424	0.0001	0.0001	0.6735	0.6695	0.0296	0.0042	0.676	0.0088	0.0	0.4812	0.0137	0.0
50perc_10repeat	0.05	0.3264	0.6578	0.0593	0.0084	0.0245	0.0477	0.0323	0.6728	0.6813	0.027	0.0038	0.6765	0.0099	0.0	0.4744	0.0137	0.0
15perc_10repeat	0.05	0.3144	0.6734	0.0014	0.0002	0.0162	0.0	0.0	0.6734	0.6701	0.0265	0.0037	0.6736	0.0087	0.0	0.4956	0.0117	0.0
50perc_10repeat	0.1	0.3166	0.6732	0.002	0.0003	0.002	0.0	0.0	0.6736	0.6731	0.0178	0.0025	0.6697	0.004	0.0	0.5027	0.0072	0.0
40perc_10repeat	0.05	0.3146	0.6733	0.0013	0.0002	0.0132	0.0	0.0	0.6731	0.6716	0.0241	0.0034	0.6718	0.0091	0.0	0.5053	0.0112	0.0
05perc_2repeat	0.1	0.3158	0.6735	0.0022	0.0003	0.0283	0.0	0.0	0.6735	0.6707	0.0196	0.0028	0.6654	0.0046	0.0	0.4936	0.0067	0.0
60perc_10repeat	0.1	0.3162	0.6735	0.0023	0.0003	0.014	0.0	0.0	0.6736	0.6709	0.0207	0.0029	0.6723	0.0052	0.0	0.5	0.0067	0.0
90perc_2repeat	0.1	0.3166	0.6728	0.0022	0.0003	0.0	0.0	0.0	0.6729	0.6765	0.0202	0.0029	0.6716	0.0055	0.0	0.4997	0.007	0.0
70perc_2repeat	0.1	0.3162	0.6734	0.0021	0.0003	0.019	0.0	0.0	0.6735	0.6713	0.0193	0.0027	0.6733	0.0057	0.0	0.5057	0.0085	0.0
15perc_5repeat	0.2	0.3156	0.6739	0.003	0.0004	0.0	0.0	0.0	0.6734	0.6706	0.0122	0.0017	0.6702	0.0028	0.0	0.4941	0.0038	0.0
40perc_2repeat	0.05	0.3169	0.6703	0.0197	0.0028	0.0487	0.0094	0.0157	0.673	0.6728	0.0244	0.0035	0.681	0.0098	0.0	0.501	0.0125	0.0
90perc_5repeat	0.05	0.3179	0.6661	0.0417	0.0059	0.0371	0.0242	0.0293	0.6729	0.6786	0.0291	0.0041	0.67	0.0102	0.0	0.4722	0.0141	0.0
30perc_2repeat	0.05	0.326	0.6601	0.0634	0.009	0.0224	0.039	0.0285	0.6729	0.6736	0.0303	0.0043	0.678	0.0093	0.0	0.4875	0.0131	0.0
70perc_2repeat	0.05	0.3199	0.6608	0.0545	0.0077	0.0211	0.0426	0.0283	0.6731	0.6732	0.0223	0.0032	0.6603	0.0102	0.0	0.4724	0.0145	0.0
15perc_5repeat	0.1	0.315	0.6737	0.0022	0.0003	0.026	0.0	0.0	0.6737	0.6685	0.02	0.0028	0.6656	0.0054	0.0	0.4971	0.0067	0.0
50perc_2repeat	0.05	0.3192	0.6625	0.0532	0.0075	0.0256	0.036	0.0299	0.6733	0.6713	0.0279	0.004	0.6706	0.0105	0.0	0.4684	0.0125	0.0
100perc_10repeat	0.1	0.3163	0.6733	0.0018	0.0003	0.0176	0.0001	0.0002	0.6731	0.6723	0.0165	0.0023	0.669	0.0042	0.0	0.4952	0.0081	0.0
100perc_5repeat	0.05	0.3109	0.6724	0.006	0.0009	0.0241	0.0055	0.009	0.6731	0.6709	0.0224	0.0032	0.6541	0.0093	0.0	0.5095	0.0132	0.0
90perc_10repeat	0.05	0.3196	0.6664	0.042	0.0059	0.0439	0.0225	0.0297	0.6731	0.674	0.0248	0.0035	0.6688	0.0092	0.0	0.4857	0.0147	0.0
60perc_2repeat	0.05	0.3178	0.6671	0.0436	0.0062	0.0301	0.0194	0.0236	0.6733	0.6716	0.0261	0.0037	0.6746	0.0098	0.0	0.504	0.013	0.0
05perc_5repeat	0.05	0.3167	0.6676	0.0408	0.0058	0.0256	0.0188	0.0217	0.6734	0.6678	0.026	0.0037	0.6601	0.0096	0.0	0.4971	0.0114	0.0
05perc_10repeat	0.05	0.3219	0.6669	0.0425	0.006	0.0155	0.0191	0.0171	0.6727	0.6767	0.0274	0.0039	0.6896	0.009	0.0	0.4921	0.0125	0.0
30perc_10repeat	0.05	0.3167	0.6653	0.0386	0.0055	0.0269	0.0303	0.0285	0.6729	0.6778	0.0259	0.0037	0.6719	0.0106	0.0	0.4813	0.0125	0.0
15perc_10repeat	0.1	0.3181	0.6686	0.0297	0.0042	0.0071	0.0164	0.0099	0.673	0.6756	0.0189	0.0027	0.671	0.0058	0.0	0.4911	0.007	0.0
15perc_5repeat	0.05	0.3168	0.6732	0.0017	0.0002	0.03	0.0	0.0	0.6732	0.6734	0.0321	0.0045	0.6892	0.0085	0.0	0.4877	0.0107	0.0
30perc_10repeat	0.1	0.3155	0.6734	0.002	0.0003	0.01	0.0	0.0	0.6733	0.6719	0.0183	0.0026	0.666	0.0058	0.0	0.4992	0.0059	0.0
05perc_10repeat	0.2	0.3164	0.6734	0.0031	0.0004	0.004	0.0	0.0	0.6732	0.6725	0.0123	0.0017	0.6733	0.0029	0.0	0.4945	0.0048	0.0
15perc_10repeat	0.2	0.3164	0.6734	0.0031	0.0004	0.0067	0.0	0.0	0.6734	0.6726	0.0125	0.0018	0.6771	0.0029	0.0	0.5003	0.0039	0.0
70perc_10repeat	0.05	0.3192	0.6668	0.0461	0.0065	0.0264	0.0198	0.0226	0.6734	0.668	0.0232	0.0033	0.6706	0.01	0.0	0.5095	0.0142	0.0
05perc_5repeat	0.2	0.317	0.6727	0.0029	0.0004	0.0	0.0	0.0	0.6723	0.6753	0.0118	0.0017	0.6735	0.0028	0.0	0.4983	0.0043	0.0
60perc_2repeat	0.1	0.3159	0.6736	0.0019	0.0003	0.0331	0.0	0.0001	0.6738	0.6693	0.0173	0.0025	0.6746	0.0062	0.0	0.5079	0.0073	0.0
50perc_5repeat	0.1	0.3159	0.6735	0.0018	0.0003	0.0091	0.0	0.0	0.6734	0.6707	0.016	0.0023	0.6674	0.0044	0.0	0.4983	0.0078	0.0
100perc_5repeat	0.1	0.3162	0.6734	0.0015	0.0002	0.0084	0.0	0.0	0.6734	0.6718	0.0139	0.002	0.6696	0.0049	0.0	0.4972	0.008	0.0
60perc_5repeat	0.1	0.3159	0.6734	0.0019	0.0003	0.003	0.0	0.0	0.6736	0.6717	0.0171	0.0024	0.6679	0.0047	0.0	0.4883	0.007	0.0
05perc_2repeat	0.05	0.3204	0.6624	0.0535	0.0076	0.0552	0.0367	0.0441	0.6733	0.6697	0.026	0.0037	0.6692	0.0095	0.0	0.5072	0.0118	0.0
05perc_2repeat	0.4	0.3155	0.6725	0.0049	0.0007	0.012	0.0	0.0	0.672	0.6742	0.0074	0.001	0.6745	0.0019	0.0	0.5003	0.0026	0.0
100perc_2repeat	0.05	0.3137	0.6676	0.04	0.0057	0.0405	0.0188	0.0257	0.6733	0.6707	0.0209	0.003	0.6509	0.0099	0.0	0.4931	0.0115	0.0
90perc_2repeat	0.05	0.3227	0.6577	0.0616	0.0087	0.0353	0.052	0.0421	0.673	0.6693	0.0266	0.0038	0.6674	0.0103	0.0	0.4924	0.0142	0.0
60perc_5repeat	0.05	0.3163	0.6732	0.0013	0.0002	0.0086	0.0	0.0001	0.6734	0.6727	0.0256	0.0036	0.676	0.0078	0.0	0.4755	0.0137	0.0
30perc_5repeat	0.05	0.3207	0.659	0.058	0.0082	0.0363	0.0495	0.0419	0.6728	0.674	0.0287	0.0041	0.6601	0.0093	0.0	0.4915	0.0126	0.0
70perc_5repeat	0.05	0.3258	0.6602	0.0633	0.0089	0.0366	0.0388	0.0377	0.6731	0.6725	0.0288	0.0041	0.6687	0.009	0.0	0.4967	0.0132	0.0
90perc_10repeat	0.1	0.3162	0.6729	0.002	0.0003	0.0159	0.0	0.0	0.6732	0.6756	0.0183	0.0026	0.6671	0.0054	0.0	0.4902	0.0084	0.0
30perc_5repeat	0.2	0.3165	0.673	0.0027	0.0004	0.0	0.0	0.0	0.6731	0.6741	0.0109	0.0015	0.6708	0.0033	0.0	0.4946	0.0039	0.0
70perc_10repeat	0.1	0.3166	0.6732	0.0018	0.0002	0.0131	0.0	0.0001	0.6731	0.6729	0.0158	0.0022	0.6735	0.0052	0.0	0.504	0.0078	0.0
100perc_10repeat	0.05	0.3182	0.6666	0.0473	0.0067	0.0243	0.0198	0.0218	0.6734	0.6697	0.0251	0.0036	0.6584	0.0093	0.0	0.4818	0.0132	0.0
40perc_2repeat	0.2	0.3166	0.673	0.0028	0.0004	0.002	0.0	0.0	0.6734	0.6742	0.0111	0.0016	0.6736	0.0033	0.0	0.4972	0.005	0.0
15perc_2repeat	0.4	0.3138	0.6739	0.0056	0.0008	0.0	0.0	0.0	0.6727	0.6722	0.0084	0.0012	0.6729	0.0018	0.0	0.5015	0.0026	0.0
70perc_2repeat	0.2	0.316	0.6733	0.0029	0.0004	0.0183	0.0	0.0	0.6727	0.673	0.0118	0.0017	0.671	0.0033	0.0	0.4961	0.0048	0.0
60perc_2repeat	0.2	0.3156	0.6737	0.0033	0.0005	0.0077	0.0	0.0	0.6739	0.6711	0.0131	0.0019	0.6698	0.003	0.0	0.4921	0.0041	0.0
05perc_10repeat	0.1	0.3167	0.6731	0.0019	0.0003	0.011	0.0	0.0	0.6731	0.6741	0.017	0.0024	0.6724	0.0048	0.0	0.4961	0.0077	0.0
50perc_2repeat	0.2	0.3166	0.673	0.0033	0.0005	0.007	0.0	0.0	0.6723	0.674	0.0132	0.0019	0.6754	0.0035	0.0	0.5026	0.0048	0.0
15perc_2repeat	0.05	0.3164	0.6729	0.0013	0.0002	0.0085	0.0	0.0	0.6731	0.6782	0.0237	0.0034	0.6763	0.0082	0.0	0.4691	0.0138	0.0
30perc_2repeat	0.4	0.3138	0.6742	0.0038	0.0005	0.0	0.0	0.0	0.6737	0.6718	0.0057	0.0008	0.6726	0.0016	0.0	0.5	0.0021	0.0
40perc_2repeat	0.4	0.3146	0.6735	0.0052	0.0007	0.0	0.0	0.0	0.6741	0.6728	0.0078	0.0011	0.6738	0.0017	0.0	0.4985	0.0028	0.0
50perc_2repeat	0.4	0.3151	0.6727	0.0046	0.0006	0.0	0.0	0.0	0.6726	0.674	0.0069	0.001	0.673	0.0017	0.0	0.5015	0.0024	0.0
90perc_2repeat	0.2	0.3167	0.6731	0.0027	0.0004	0.004	0.0	0.0	0.6729	0.6738	0.0109	0.0015	0.6755	0.0028	0.0	0.5012	0.0044	0.0
60perc_2repeat	0.4	0.3159	0.6724	0.0055	0.0008	0.002	0.0	0.0	0.673	0.6745	0.0082	0.0012	0.674	0.0022	0.0	0.4969	0.0028	0.0
40perc_5repeat	0.2	0.3159	0.6737	0.0027	0.0004	0.0077	0.0	0.0	0.6737	0.6713	0.0109	0.0015	0.6757	0.0032	0.0	0.5068	0.0053	0.0
100perc_2repeat	0.2	0.3156	0.6738	0.0031	0.0004	0.0	0.0	0.0	0.6743	0.6708	0.0123	0.0017	0.6703	0.0029	0.0	0.4941	0.0042	0.0
50perc_5repeat	0.2	0.3159	0.6734	0.0028	0.0004	0.0	0.0	0.0	0.6738	0.6724	0.0112	0.0016	0.6705	0.0034	0.0	0.4984	0.0044	0.0
60perc_5repeat	0.2	0.3173	0.6727	0.0035	0.0005	0.0	0.0	0.0	0.6723	0.6754	0.0142	0.002	0.6779	0.0033	0.0	0.5001	0.0034	0.0
90perc_2repeat	0.4	0.3152	0.6728	0.005	0.0007	0.0	0.0	0.0	0.6729	0.6738	0.0074	0.0011	0.6743	0.0019	0.0	0.5019	0.0022	0.0
70perc_2repeat	0.4	0.315	0.6732	0.0047	0.0007	0.0	0.0	0.0	0.6734	0.6732	0.007	0.001	0.6733	0.0016	0.0	0.4961	0.003	0.0
90perc_5repeat	0.2	0.3161	0.6735	0.003	0.0004	0.001	0.0	0.0	0.6729	0.6719	0.012	0.0017	0.6752	0.0034	0.0	0.5019	0.0036	0.0
100perc_5repeat	0.2	0.317	0.6731	0.0028	0.0004	0.0	0.0	0.0	0.6735	0.6737	0.011	0.0016	0.6796	0.0028	0.0	0.5033	0.0037	0.0
05perc_5repeat	0.4	0.3141	0.6737	0.0046	0.0007	0.0	0.0	0.0	0.6737	0.6725	0.0069	0.001	0.6729	0.0015	0.0	0.5044	0.0022	0.0
50perc_10repeat	0.2	0.3175	0.6726	0.0031	0.0004	0.019	0.0	0.0	0.6729	0.6756	0.0124	0.0018	0.678	0.0031	0.0	0.4936	0.0041	0.0
15perc_5repeat	0.4	0.3164	0.6717	0.0047	0.0007	0.001	0.0	0.0	0.672	0.6755	0.0071	0.001	0.6747	0.0018	0.0	0.4973	0.003	0.0
30perc_10repeat	0.2	0.3168	0.6731	0.0027	0.0004	0.0	0.0	0.0	0.6735	0.6739	0.0107	0.0015	0.676	0.003	0.0	0.4988	0.0043	0.0
60perc_10repeat	0.2	0.3169	0.6727	0.0038	0.0005	0.0	0.0	0.0	0.6725	0.6754	0.0154	0.0022	0.673	0.0032	0.0	0.4908	0.005	0.0
40perc_5repeat	0.4	0.3161	0.6725	0.0054	0.0008	0.0	0.0	0.0	0.6722	0.6743	0.0082	0.0012	0.6781	0.0017	0.0	0.4973	0.0025	0.0
60perc_5repeat	0.4	0.3152	0.6727	0.005	0.0007	0.0	0.0	0.0	0.6726	0.674	0.0076	0.0011	0.6743	0.0016	0.0	0.5017	0.0026	0.0
30perc_5repeat	0.4	0.3136	0.6742	0.0044	0.0006	0.016	0.0	0.0	0.6743	0.6718	0.0066	0.0009	0.6716	0.0015	0.0	0.5026	0.0022	0.0
50perc_5repeat	0.4	0.3139	0.6741	0.0046	0.0006	0.0	0.0	0.0	0.6747	0.6719	0.0069	0.001	0.6753	0.0016	0.0	0.5033	0.0026	0.0
70perc_10repeat	0.2	0.3158	0.6737	0.003	0.0004	0.0	0.0	0.0	0.6739	0.6711	0.0118	0.0017	0.6725	0.0032	0.0	0.4974	0.0037	0.0
90perc_10repeat	0.2	0.3165	0.6733	0.0031	0.0004	0.0	0.0	0.0	0.6732	0.6729	0.0122	0.0017	0.6725	0.0028	0.0	0.492	0.0046	0.0
100perc_10repeat	0.2	0.315	0.6741	0.003	0.0004	0.006	0.0	0.0	0.6736	0.6698	0.0119	0.0017	0.6682	0.0032	0.0	0.5042	0.0036	0.0
70perc_5repeat	0.4	0.3161	0.672	0.0054	0.0008	0.0	0.0	0.0	0.6723	0.675	0.0081	0.0011	0.6752	0.0017	0.0	0.5011	0.0025	0.0
90perc_5repeat	0.4	0.3157	0.6725	0.0045	0.0006	0.0	0.0	0.0	0.6723	0.6743	0.0068	0.001	0.6742	0.0015	0.0	0.496	0.0024	0.0
70perc_5repeat	0.2	0.3156	0.6736	0.0029	0.0004	0.0	0.0	0.0	0.6732	0.6718	0.0117	0.0017	0.6716	0.0033	0.0	0.5083	0.0045	0.0
40perc_10repeat	0.2	0.3146	0.6741	0.0028	0.0004	0.0	0.0	0.0	0.6743	0.6696	0.0112	0.0016	0.6655	0.0031	0.0	0.5009	0.0041	0.0
05perc_10repeat	0.4	0.3137	0.6743	0.0056	0.0008	0.0	0.0	0.0	0.6729	0.6716	0.0083	0.0012	0.6741	0.0016	0.0	0.4992	0.0022	0.0
60perc_10repeat	0.4	0.3154	0.6728	0.0055	0.0008	0.0	0.0	0.0	0.6726	0.6738	0.0083	0.0012	0.6729	0.0016	0.0	0.4932	0.0026	0.0
40perc_10repeat	0.4	0.3148	0.6732	0.0055	0.0008	0.0	0.0	0.0	0.6726	0.6732	0.0083	0.0012	0.6738	0.0017	0.0	0.4987	0.0029	0.0
30perc_10repeat	0.4	0.3129	0.6746	0.0045	0.0006	0.0	0.0	0.0	0.6746	0.6711	0.0068	0.001	0.6703	0.0017	0.0	0.5008	0.0024	0.0
50perc_10repeat	0.4	0.3159	0.6725	0.0048	0.0007	0.0	0.0	0.0	0.6723	0.6742	0.0071	0.001	0.6783	0.0016	0.0	0.4995	0.0027	0.0
70perc_10repeat	0.4	0.3155	0.6728	0.0046	0.0006	0.0	0.0	0.0	0.6734	0.6738	0.0069	0.001	0.6756	0.0014	0.0	0.4976	0.0025	0.0
15perc_10repeat	0.4	0.3161	0.672	0.005	0.0007	0.0	0.0	0.0	0.6717	0.6751	0.0075	0.0011	0.6744	0.0017	0.0	0.4987	0.0021	0.0
90perc_10repeat	0.4	0.3144	0.6738	0.0047	0.0007	0.0	0.0	0.0	0.6734	0.6723	0.007	0.001	0.6748	0.0015	0.0	0.4996	0.0023	0.0
05perc_2repeat	0.7	0.3112	0.6732	0.0111	0.0016	0.0	0.0	0.0	0.6739	0.6732	0.0048	0.0007	0.6741	0.001	0.0	0.4992	0.0012	0.0
15perc_2repeat	0.7	0.3102	0.6745	0.0103	0.0015	0.0	0.0	0.0	0.6762	0.6727	0.0044	0.0006	0.675	0.0009	0.0	0.5016	0.0011	0.0
30perc_2repeat	0.7	0.3131	0.6715	0.009	0.0013	0.0	0.0	0.0	0.6714	0.6739	0.0039	0.0005	0.6747	0.0008	0.0	0.5001	0.0012	0.0
100perc_2repeat	0.5	0.3117	0.6749	0.0049	0.0007	0.0	0.0	0.0	0.6746	0.6715	0.0049	0.0007	0.67	0.0013	0.0	0.499	0.0019	0.0
100perc_2repeat	0.4	0.3159	0.6724	0.0047	0.0007	0.0	0.0	0.0	0.6733	0.6744	0.0071	0.001	0.6758	0.0018	0.0	0.4971	0.0022	0.0
60perc_2repeat	0.5	0.3142	0.6731	0.0059	0.0008	0.0	0.0	0.0	0.6734	0.6734	0.0059	0.0008	0.6737	0.0013	0.0	0.4968	0.0018	0.0
90perc_2repeat	0.5	0.3151	0.672	0.0058	0.0008	0.0	0.0	0.0	0.672	0.6744	0.0058	0.0008	0.6761	0.0011	0.0	0.4997	0.0021	0.0
40perc_2repeat	0.7	0.3143	0.6706	0.0093	0.0013	0.0	0.0	0.0	0.67	0.6743	0.004	0.0006	0.677	0.0009	0.0	0.4983	0.0014	0.0
05perc_5repeat	0.7	0.3118	0.6721	0.0101	0.0014	0.0	0.0	0.0	0.6731	0.6737	0.0043	0.0006	0.6736	0.001	0.0	0.4982	0.0015	0.0
15perc_5repeat	0.5	0.3133	0.6737	0.0059	0.0008	0.0	0.0	0.0	0.6747	0.6727	0.0059	0.0008	0.6742	0.0013	0.0	0.4992	0.002	0.0
70perc_2repeat	0.7	0.3122	0.672	0.0108	0.0015	0.0	0.0	0.0	0.6708	0.6738	0.0046	0.0007	0.6741	0.001	0.0	0.4991	0.0012	0.0
60perc_2repeat	0.7	0.3103	0.674	0.008	0.0011	0.0	0.0	0.0	0.6748	0.6729	0.0034	0.0005	0.6746	0.0008	0.0	0.5016	0.0013	0.0
05perc_2repeat	0.8	0.312	0.6706	0.0126	0.0018	0.01	0.0	0.0001	0.6706	0.6739	0.0031	0.0004	0.6746	0.0007	0.0	0.4985	0.0009	0.0
70perc_5repeat	0.5	0.3127	0.6743	0.0058	0.0008	0.018	0.0	0.0	0.6732	0.6722	0.0058	0.0008	0.6719	0.0015	0.0	0.4972	0.0024	0.0
60perc_5repeat	0.5	0.314	0.6727	0.0061	0.0009	0.0	0.0	0.0	0.6724	0.6737	0.0061	0.0009	0.6726	0.0014	0.0	0.5007	0.0021	0.0
50perc_2repeat	0.7	0.3129	0.6716	0.0104	0.0015	0.0	0.0	0.0	0.6719	0.6739	0.0045	0.0006	0.6747	0.0009	0.0	0.501	0.0011	0.0
100perc_5repeat	0.5	0.3129	0.6738	0.0054	0.0008	0.0	0.0	0.0	0.6736	0.6726	0.0054	0.0008	0.673	0.0014	0.0	0.5017	0.0019	0.0
15perc_5repeat	0.7	0.3101	0.6746	0.0087	0.0012	0.0	0.0	0.0	0.6739	0.6726	0.0037	0.0005	0.6743	0.0008	0.0	0.5005	0.0012	0.0
90perc_5repeat	0.5	0.3128	0.6739	0.0045	0.0006	0.0	0.0	0.0	0.6747	0.6725	0.0045	0.0006	0.6728	0.001	0.0	0.5029	0.002	0.0
30perc_5repeat	0.7	0.311	0.6735	0.0088	0.0012	0.0	0.0	0.0	0.6731	0.6731	0.0038	0.0005	0.6741	0.0009	0.0	0.4984	0.0013	0.0
90perc_2repeat	0.7	0.3112	0.6733	0.0085	0.0012	0.0	0.0	0.0	0.6711	0.6732	0.0037	0.0005	0.6738	0.0008	0.0	0.4989	0.0014	0.0
15perc_2repeat	0.8	0.3106	0.6718	0.0117	0.0017	0.0	0.0	0.0	0.6749	0.6736	0.0029	0.0004	0.6742	0.0006	0.0	0.5	0.0011	0.0
40perc_5repeat	0.7	0.3093	0.6748	0.0099	0.0014	0.0	0.0	0.0	0.6733	0.6725	0.0042	0.0006	0.674	0.0009	0.0	0.5012	0.0012	0.0
100perc_2repeat	0.7	0.31	0.6745	0.0099	0.0014	0.0057	0.0	0.0	0.6745	0.6727	0.0042	0.0006	0.6735	0.0008	0.0	0.5022	0.0011	0.0
100perc_10repeat	0.5	0.3144	0.6731	0.0062	0.0009	0.018	0.0	0.0	0.673	0.6733	0.0062	0.0009	0.6769	0.0012	0.0	0.4992	0.0022	0.0
60perc_10repeat	0.5	0.3131	0.6739	0.0063	0.0009	0.0	0.0	0.0	0.6741	0.6725	0.0063	0.0009	0.6744	0.0014	0.0	0.4978	0.0019	0.0
05perc_5repeat	0.8	0.3112	0.6714	0.014	0.002	0.0	0.0	0.0	0.6715	0.6737	0.0035	0.0005	0.6754	0.0008	0.0	0.4989	0.0011	0.0
40perc_10repeat	0.5	0.3131	0.6737	0.0061	0.0009	0.0	0.0	0.0	0.6749	0.6727	0.0061	0.0009	0.6732	0.0012	0.0	0.5025	0.0017	0.0
50perc_10repeat	0.5	0.3116	0.6752	0.0065	0.0009	0.0	0.0	0.0	0.6747	0.6712	0.0065	0.0009	0.6722	0.0013	0.0	0.5021	0.0022	0.0
05perc_10repeat	0.7	0.3112	0.6733	0.0095	0.0013	0.0	0.0	0.0	0.6739	0.6732	0.0041	0.0006	0.6749	0.0008	0.0	0.4999	0.0013	0.0
05perc_2repeat	0.5	0.316	0.6714	0.0061	0.0009	0.0	0.0	0.0	0.6714	0.675	0.0061	0.0009	0.6758	0.0014	0.0	0.4977	0.0018	0.0
50perc_5repeat	0.7	0.3106	0.6737	0.0093	0.0013	0.0	0.0	0.0	0.6722	0.673	0.004	0.0006	0.6742	0.0009	0.0	0.5007	0.0012	0.0
15perc_2repeat	0.5	0.3148	0.6722	0.0057	0.0008	0.0	0.0	0.0	0.6732	0.6742	0.0057	0.0008	0.6741	0.0013	0.0	0.4975	0.0023	0.0
60perc_5repeat	0.7	0.3112	0.6733	0.009	0.0013	0.0	0.0	0.0	0.6731	0.6732	0.0038	0.0005	0.6742	0.0011	0.0	0.5016	0.0015	0.0
90perc_10repeat	0.5	0.3139	0.6735	0.0066	0.0009	0.0	0.0	0.0	0.6744	0.6729	0.0066	0.0009	0.6753	0.0015	0.0	0.4982	0.0019	0.0
30perc_2repeat	0.5	0.3162	0.6713	0.0046	0.0007	0.0	0.0	0.0	0.6717	0.6752	0.0046	0.0007	0.6755	0.0011	0.0	0.4943	0.0018	0.0
40perc_2repeat	0.5	0.3129	0.6738	0.0053	0.0008	0.0	0.0	0.0	0.6734	0.6726	0.0053	0.0008	0.6714	0.0015	0.0	0.5012	0.0019	0.0
15perc_10repeat	0.7	0.3097	0.6747	0.0083	0.0012	0.012	0.0	0.0	0.6759	0.6726	0.0035	0.0005	0.674	0.0007	0.0	0.5013	0.0011	0.0
50perc_2repeat	0.5	0.3139	0.6732	0.0049	0.0007	0.0	0.0	0.0	0.6739	0.6732	0.0049	0.0007	0.6745	0.0013	0.0	0.4989	0.0017	0.0
30perc_2repeat	0.8	0.3113	0.6713	0.011	0.0016	0.0	0.0	0.0	0.6706	0.6737	0.0028	0.0004	0.6745	0.0007	0.0	0.4988	0.0008	0.0
70perc_2repeat	0.5	0.3151	0.6722	0.0055	0.0008	0.0	0.0	0.0	0.6729	0.6743	0.0055	0.0008	0.6746	0.0013	0.0	0.4993	0.0021	0.0
15perc_5repeat	0.8	0.3118	0.6709	0.0117	0.0017	0.0	0.0	0.0	0.6693	0.6738	0.0029	0.0004	0.6747	0.0007	0.0	0.4992	0.0011	0.0
100perc_5repeat	0.4	0.3142	0.6738	0.0049	0.0007	0.0	0.0	0.0	0.6751	0.6723	0.0074	0.001	0.6727	0.0017	0.0	0.4996	0.0023	0.0
70perc_5repeat	0.7	0.3149	0.6698	0.0112	0.0016	0.0	0.0	0.0	0.6683	0.6747	0.0048	0.0007	0.6765	0.001	0.0	0.4984	0.0013	0.0
30perc_10repeat	0.7	0.3083	0.6758	0.0083	0.0012	0.0	0.0	0.0	0.6765	0.6721	0.0036	0.0005	0.6727	0.0009	0.0	0.5012	0.0013	0.0
40perc_2repeat	0.8	0.3085	0.6742	0.0129	0.0018	0.0	0.0	0.0	0.6753	0.673	0.0032	0.0005	0.673	0.0007	0.0	0.4991	0.0008	0.0
05perc_5repeat	0.5	0.3127	0.6741	0.006	0.0008	0.0	0.0	0.0	0.6739	0.6724	0.006	0.0008	0.6726	0.0014	0.0	0.4994	0.0021	0.0
05perc_2repeat	0.9	0.3122	0.668	0.0147	0.0021	0.0	0.0	0.0	0.6669	0.6738	0.0016	0.0002	0.6746	0.0004	0.0	0.499	0.0005	0.0
30perc_5repeat	0.5	0.3131	0.6742	0.0064	0.0009	0.0	0.0	0.0	0.6756	0.6722	0.0064	0.0009	0.674	0.0014	0.0	0.5006	0.0019	0.0
90perc_5repeat	0.7	0.3106	0.6734	0.0082	0.0012	0.0	0.0	0.0	0.6736	0.6731	0.0035	0.0005	0.6739	0.0008	0.0	0.501	0.0012	0.0
50perc_2repeat	0.8	0.3087	0.6741	0.012	0.0017	0.0	0.0	0.0	0.6753	0.673	0.003	0.0004	0.6745	0.0007	0.0	0.4995	0.0012	0.0
05perc_10repeat	0.8	0.3086	0.6742	0.0116	0.0016	0.0	0.0	0.0	0.674	0.673	0.0029	0.0004	0.6732	0.0007	0.0	0.5003	0.0007	0.0
40perc_5repeat	0.5	0.3151	0.6723	0.0065	0.0009	0.0	0.0	0.0	0.6727	0.6741	0.0065	0.0009	0.6755	0.0014	0.0	0.496	0.0018	0.0
50perc_5repeat	0.5	0.314	0.6733	0.005	0.0007	0.0	0.0	0.0	0.673	0.6731	0.005	0.0007	0.6741	0.0014	0.0	0.4985	0.0019	0.0
40perc_10repeat	0.7	0.31	0.6741	0.0101	0.0014	0.0	0.0	0.0	0.6748	0.6728	0.0043	0.0006	0.6736	0.001	0.0	0.5015	0.0012	0.0
100perc_5repeat	0.7	0.3113	0.673	0.0091	0.0013	0.0	0.0	0.0	0.6733	0.6733	0.0039	0.0005	0.6744	0.0008	0.0	0.501	0.0013	0.0
100perc_10repeat	0.4	0.3162	0.6722	0.0043	0.0006	0.0	0.0	0.0	0.6726	0.6747	0.0064	0.0009	0.6756	0.0017	0.0	0.4954	0.0024	0.0
30perc_5repeat	0.8	0.3062	0.6761	0.0118	0.0017	0.0	0.0	0.0	0.6778	0.6725	0.003	0.0004	0.6731	0.0006	0.0	0.5002	0.0009	0.0
05perc_5repeat	0.9	0.3097	0.6707	0.0204	0.0029	0.0	0.0	0.0	0.6763	0.6735	0.0023	0.0003	0.6745	0.0005	0.0	0.4999	0.0007	0.0
60perc_2repeat	0.8	0.3093	0.673	0.0133	0.0019	0.0	0.0	0.0	0.6719	0.6733	0.0033	0.0005	0.6735	0.0007	0.0	0.4994	0.0009	0.0
15perc_2repeat	0.9	0.308	0.6731	0.0188	0.0027	0.0	0.0	0.0	0.672	0.6732	0.0021	0.0003	0.6745	0.0005	0.0	0.4995	0.0006	0.0
70perc_2repeat	0.8	0.3114	0.6715	0.0122	0.0017	0.02	0.0001	0.0001	0.6706	0.6736	0.003	0.0004	0.6751	0.0007	0.0	0.5014	0.001	0.0
60perc_10repeat	0.7	0.3124	0.6719	0.0087	0.0012	0.0	0.0	0.0	0.6728	0.6738	0.0037	0.0005	0.6744	0.0009	0.0	0.4986	0.0012	0.0
30perc_2repeat	0.9	0.3093	0.6718	0.0192	0.0027	0.0	0.0	0.0	0.6703	0.6734	0.0021	0.0003	0.6744	0.0005	0.0	0.4997	0.0007	0.0
15perc_5repeat	0.9	0.3064	0.675	0.0168	0.0024	0.0	0.0	0.0	0.6754	0.673	0.0019	0.0003	0.6745	0.0005	0.0	0.4994	0.0006	0.0
90perc_2repeat	0.8	0.307	0.6756	0.0123	0.0017	0.0	0.0	0.0	0.6753	0.6726	0.0031	0.0004	0.673	0.0007	0.0	0.5008	0.0009	0.0
50perc_10repeat	0.7	0.3092	0.6754	0.0111	0.0016	0.0	0.0	0.0	0.675	0.6723	0.0048	0.0007	0.6737	0.0009	0.0	0.5009	0.0012	0.0
15perc_10repeat	0.5	0.3149	0.6722	0.007	0.001	0.0	0.0	0.0	0.6722	0.6742	0.007	0.001	0.6745	0.0015	0.0	0.4992	0.002	0.0
30perc_10repeat	0.5	0.314	0.6734	0.0059	0.0008	0.0	0.0	0.0	0.6727	0.673	0.0059	0.0008	0.6756	0.0011	0.0	0.498	0.0019	0.0
50perc_5repeat	0.8	0.3115	0.6715	0.015	0.0021	0.0	0.0	0.0	0.6715	0.6737	0.0038	0.0005	0.6749	0.0007	0.0	0.4987	0.0013	0.0
05perc_10repeat	0.5	0.3142	0.6731	0.0066	0.0009	0.0	0.0	0.0	0.6744	0.6733	0.0066	0.0009	0.6751	0.0014	0.0	0.4981	0.0016	0.0
15perc_10repeat	0.8	0.3088	0.6743	0.0129	0.0018	0.0	0.0	0.0	0.6727	0.6729	0.0032	0.0005	0.6738	0.0007	0.0	0.5003	0.001	0.0
70perc_10repeat	0.5	0.313	0.6734	0.0057	0.0008	0.001	0.0	0.0	0.673	0.673	0.0057	0.0008	0.6722	0.0013	0.0	0.5022	0.002	0.0
40perc_5repeat	0.8	0.3076	0.6753	0.009	0.0013	0.0	0.0	0.0	0.6765	0.6727	0.0022	0.0003	0.6735	0.0006	0.0	0.5003	0.0009	0.0
100perc_2repeat	0.8	0.3081	0.6746	0.0123	0.0017	0.0	0.0	0.0	0.6732	0.6729	0.0031	0.0004	0.6746	0.0006	0.0	0.5021	0.0009	0.0
90perc_10repeat	0.7	0.3139	0.6707	0.0087	0.0012	0.0	0.0	0.0	0.6719	0.6743	0.0037	0.0005	0.6746	0.0008	0.0	0.497	0.0012	0.0
05perc_10repeat	0.9	0.3086	0.6721	0.0179	0.0025	0.0	0.0	0.0	0.6703	0.6733	0.002	0.0003	0.6742	0.0004	0.0	0.4995	0.0006	0.0
100perc_5repeat	0.8	0.3109	0.6724	0.0115	0.0016	0.008	0.0	0.0	0.6715	0.6734	0.0029	0.0004	0.6742	0.0006	0.0	0.4982	0.001	0.0
70perc_10repeat	0.7	0.3134	0.6713	0.0088	0.0013	0.0	0.0	0.0	0.6728	0.674	0.0038	0.0005	0.6763	0.0008	0.0	0.4995	0.0012	0.0
70perc_2repeat	0.9	0.3089	0.6722	0.0163	0.0023	0.0	0.0	0.0	0.6729	0.6733	0.0018	0.0003	0.6748	0.0005	0.0	0.4997	0.0007	0.0
15perc_10repeat	0.9	0.3118	0.6691	0.0143	0.002	0.0	0.0	0.0	0.6695	0.6737	0.0016	0.0002	0.6752	0.0005	0.0	0.4997	0.0007	0.0
90perc_2repeat	0.9	0.3077	0.6732	0.0158	0.0022	0.0	0.0	0.0	0.6729	0.6732	0.0017	0.0002	0.674	0.0004	0.0	0.4996	0.0007	0.0
40perc_5repeat	0.9	0.3114	0.6692	0.0219	0.0031	0.0	0.0	0.0	0.6703	0.6737	0.0024	0.0003	0.6746	0.0005	0.0	0.4994	0.0007	0.0
40perc_2repeat	0.9	0.308	0.6724	0.0137	0.0019	0.0	0.0	0.0	0.6763	0.6733	0.0015	0.0002	0.6744	0.0004	0.0	0.4991	0.0006	0.0
60perc_5repeat	0.8	0.3102	0.6726	0.0123	0.0017	0.0	0.0	0.0	0.6727	0.6734	0.0031	0.0004	0.674	0.0008	0.0	0.4993	0.0009	0.0
100perc_2repeat	0.9	0.3081	0.6723	0.0169	0.0024	0.0	0.0	0.0	0.6763	0.6733	0.0019	0.0003	0.6744	0.0005	0.0	0.4993	0.0007	0.0
100perc_10repeat	0.7	0.3114	0.6733	0.0082	0.0012	0.0	0.0	0.0	0.6733	0.6732	0.0035	0.0005	0.6753	0.001	0.0	0.4999	0.0011	0.0
50perc_2repeat	0.9	0.3065	0.6746	0.0163	0.0023	0.0	0.0	0.0	0.6754	0.6731	0.0018	0.0003	0.6744	0.0005	0.0	0.5004	0.0006	0.0
70perc_5repeat	0.8	0.3139	0.6691	0.0114	0.0016	0.004	0.0	0.0	0.6664	0.6742	0.0028	0.0004	0.676	0.0007	0.0	0.4984	0.0008	0.0
50perc_10repeat	0.8	0.3107	0.6727	0.0122	0.0017	0.0	0.0	0.0	0.6715	0.6734	0.003	0.0004	0.6747	0.0007	0.0	0.4981	0.0009	0.0
40perc_10repeat	0.8	0.3094	0.6727	0.0117	0.0017	0.0	0.0	0.0	0.6744	0.6733	0.0029	0.0004	0.6733	0.0006	0.0	0.5011	0.0008	0.0
30perc_5repeat	0.9	0.308	0.6733	0.0198	0.0028	0.0	0.0	0.0	0.6737	0.6732	0.0022	0.0003	0.6744	0.0005	0.0	0.5003	0.0006	0.0
90perc_5repeat	0.8	0.3094	0.6735	0.0141	0.002	0.0	0.0	0.0	0.6732	0.6731	0.0035	0.0005	0.675	0.0008	0.0	0.5007	0.001	0.0
60perc_2repeat	0.9	0.3043	0.6764	0.02	0.0028	0.0	0.0	0.0	0.6788	0.6729	0.0022	0.0003	0.6739	0.0005	0.0	0.5004	0.0007	0.0
30perc_10repeat	0.8	0.3079	0.6744	0.0115	0.0016	0.0	0.0	0.0	0.674	0.6729	0.0029	0.0004	0.673	0.0007	0.0	0.5029	0.001	0.0
60perc_10repeat	0.8	0.3087	0.6737	0.0136	0.0019	0.0	0.0	0.0	0.6723	0.6731	0.0034	0.0005	0.6741	0.0008	0.0	0.5012	0.0011	0.0
60perc_5repeat	0.9	0.3065	0.6736	0.0199	0.0028	0.0	0.0	0.0	0.6746	0.6732	0.0022	0.0003	0.6741	0.0005	0.0	0.5	0.0008	0.0
30perc_10repeat	0.9	0.3093	0.6711	0.0185	0.0026	0.0	0.0	0.0	0.6729	0.6735	0.0021	0.0003	0.6745	0.0004	0.0	0.4997	0.0007	0.0
100perc_10repeat	0.8	0.3083	0.6742	0.0111	0.0016	0.0	0.0	0.0	0.6727	0.673	0.0028	0.0004	0.6736	0.0007	0.0	0.5008	0.0008	0.0
50perc_5repeat	0.9	0.3088	0.6722	0.0164	0.0023	0.0	0.0	0.0	0.672	0.6733	0.0018	0.0003	0.6742	0.0004	0.0	0.4994	0.0006	0.0
70perc_10repeat	0.8	0.3087	0.674	0.0125	0.0018	0.0	0.0	0.0	0.6736	0.673	0.0031	0.0004	0.6747	0.0007	0.0	0.5003	0.0011	0.0
50perc_10repeat	0.9	0.3097	0.6715	0.0174	0.0025	0.0	0.0	0.0	0.6729	0.6734	0.0019	0.0003	0.6746	0.0004	0.0	0.4994	0.0006	0.0
70perc_5repeat	0.9	0.3093	0.6723	0.0195	0.0028	0.0	0.0	0.0	0.6703	0.6733	0.0022	0.0003	0.6753	0.0005	0.0	0.4995	0.0007	0.0
90perc_5repeat	0.9	0.3068	0.6737	0.0184	0.0026	0.002	0.0	0.0	0.6754	0.6732	0.002	0.0003	0.6742	0.0005	0.0	0.4997	0.0006	0.0
40perc_10repeat	0.9	0.3063	0.6744	0.0194	0.0027	0.006	0.0	0.0001	0.6746	0.6731	0.0021	0.0003	0.6748	0.0005	0.0	0.5004	0.0006	0.0
100perc_5repeat	0.9	0.3049	0.676	0.0158	0.0022	0.0	0.0	0.0	0.6771	0.6729	0.0018	0.0002	0.6744	0.0003	0.0	0.5005	0.0006	0.0
90perc_10repeat	0.8	0.3099	0.6725	0.0126	0.0018	0.0	0.0	0.0	0.674	0.6734	0.0032	0.0004	0.6757	0.0006	0.0	0.5009	0.0009	0.0
70perc_10repeat	0.9	0.3042	0.6765	0.0173	0.0024	0.0	0.0	0.0	0.678	0.6729	0.0019	0.0003	0.6741	0.0005	0.0	0.5002	0.0007	0.0
100perc_10repeat	0.9	0.3059	0.6742	0.0188	0.0027	0.0	0.0	0.0	0.6771	0.6731	0.0021	0.0003	0.674	0.0005	0.0	0.5002	0.0006	0.0
60perc_10repeat	0.9	0.313	0.6675	0.0194	0.0027	0.0	0.0	0.0	0.6678	0.6738	0.0022	0.0003	0.675	0.0005	0.0	0.4985	0.0007	0.0
90perc_10repeat	0.9	0.3034	0.6775	0.0147	0.0021	0.0	0.0	0.0	0.6814	0.6727	0.0016	0.0002	0.674	0.0005	0.0	0.5005	0.0006	0.0
