Label	trainingSize	SquaredLoss_Mean	Accuracy_Mean	Accuracy_SD	Accuracy_SE	Precision_Mean	Recall_Mean	F1	Accuracy_Median	PriorClass0_Mean	PriorClass0_SD	PriorClass0_SE	ProbabilityEstimate_0given0_Mean 	ProbabilityEstimate_0given0_SD 	ProbabilityEstimate_0given0_SE 	ProbabilityEstimate_1given1_Mean	ProbabilityEstimate_1given1_SD	ProbabilityEstimate_1given1_SE


original	0.9	0.3114	0.6697	0.0176	0.0025	0.0	0.0	0.0	0.6678	0.6736	0.002	0.0003	0.6747	0.0004	0.0	0.4998	0.0007	0.0
original	0.8	0.3127	0.6704	0.0126	0.0018	0.0	0.0	0.0	0.6693	0.6739	0.0032	0.0004	0.6754	0.0007	0.0	0.4989	0.0009	0.0
original	0.7	0.3111	0.6734	0.0084	0.0012	0.0	0.0	0.0	0.6742	0.6731	0.0036	0.0005	0.6749	0.0008	0.0	0.4996	0.0014	0.0
original	0.6	0.3128	0.6734	0.0066	0.0009	0.0	0.0	0.0	0.6734	0.6731	0.0044	0.0006	0.6757	0.0008	0.0	0.499	0.0015	0.0
original	0.5	0.3124	0.6744	0.0058	0.0008	0.0	0.0	0.0	0.6747	0.672	0.0058	0.0008	0.6738	0.0015	0.0	0.5013	0.0019	0.0
original	0.3	0.3161	0.6729	0.0038	0.0005	0.0	0.0	0.0	0.6736	0.674	0.0088	0.0012	0.6758	0.0022	0.0	0.4986	0.003	0.0
original	0.4	0.3134	0.6748	0.0049	0.0007	0.0	0.0	0.0	0.676	0.6708	0.0073	0.001	0.6713	0.0016	0.0	0.4982	0.0027	0.0
original	0.35	0.316	0.6728	0.0041	0.0006	0.002	0.0	0.0	0.6726	0.674	0.0077	0.0011	0.6773	0.0018	0.0	0.5016	0.0026	0.0
original	0.2	0.3162	0.6735	0.003	0.0004	0.0	0.0	0.0	0.6734	0.6721	0.0121	0.0017	0.6727	0.003	0.0	0.4947	0.0048	0.0
original	0.1	0.3182	0.6727	0.002	0.0003	0.0	0.0	0.0	0.6724	0.678	0.0176	0.0025	0.6811	0.0048	0.0	0.4904	0.0075	0.0
original	0.45	0.3153	0.6724	0.0049	0.0007	0.0	0.0	0.0	0.6726	0.6742	0.006	0.0008	0.6752	0.0014	0.0	0.5007	0.0021	0.0
original	0.25	0.3158	0.6733	0.0037	0.0005	0.0	0.0	0.0	0.673	0.6731	0.0111	0.0016	0.6727	0.0026	0.0	0.499	0.0032	0.0
original	0.05	0.3143	0.6731	0.0012	0.0002	0.0326	0.0001	0.0001	0.6729	0.6757	0.0235	0.0033	0.6746	0.0088	0.0	0.4838	0.0122	0.0


15perc_2repeat	0.2	0.3124	0.6725	0.0032	0.0004	0.0	0.0	0.0	0.6733	0.6402	0.0107	0.0015	0.6351	0.0025	0.0	0.4785	0.0039	0.0
100perc_2repeat	0.1	0.5615	0.3291	0.0019	0.0003	0.3272	0.9979	0.4928	0.3294	0.4429	0.0053	0.0007	0.5672	0.0039	0.0	0.6209	0.0045	0.0
50perc_2repeat	0.1	0.2896	0.6663	0.0436	0.0062	0.0971	0.0222	0.0361	0.6728	0.5567	0.0114	0.0016	0.5624	0.0031	0.0	0.5052	0.0029	0.0
40perc_2repeat	0.1	0.2957	0.6731	0.0018	0.0002	0.0223	0.0	0.0	0.673	0.5807	0.0107	0.0015	0.5797	0.0037	0.0	0.4895	0.0032	0.0
90perc_5repeat	0.1	0.576	0.3274	0.0017	0.0002	0.3272	0.9998	0.493	0.3276	0.4124	0.0085	0.0012	0.5216	0.0041	0.0	0.618	0.0037	0.0
70perc_5repeat	0.1	0.4226	0.341	0.0499	0.0071	0.3256	0.9677	0.4873	0.3305	0.4718	0.0069	0.001	0.517	0.0023	0.0	0.5472	0.0022	0.0
05perc_2repeat	0.2	0.3145	0.6735	0.0035	0.0005	0.0	0.0	0.0	0.6733	0.6603	0.0132	0.0019	0.6581	0.0033	0.0	0.4908	0.0041	0.0
15perc_2repeat	0.1	0.3096	0.6733	0.0021	0.0003	0.0054	0.0	0.0	0.6734	0.6395	0.0177	0.0025	0.6245	0.0046	0.0	0.4831	0.0054	0.0
30perc_2repeat	0.1	0.3046	0.673	0.0022	0.0003	0.0153	0.0	0.0	0.6731	0.6049	0.014	0.002	0.6032	0.0039	0.0	0.4768	0.0049	0.0
30perc_5repeat	0.1	0.293	0.6732	0.002	0.0003	0.0098	0.0	0.0001	0.6733	0.5861	0.0106	0.0015	0.5712	0.0033	0.0	0.4743	0.0037	0.0
40perc_5repeat	0.1	0.2831	0.6727	0.0016	0.0002	0.0458	0.001	0.002	0.6726	0.5601	0.0089	0.0013	0.5532	0.0024	0.0	0.478	0.0031	0.0
90perc_2repeat	0.1	0.5188	0.3312	0.0024	0.0003	0.3278	0.9964	0.4934	0.331	0.4652	0.0054	0.0008	0.5597	0.0035	0.0	0.5942	0.004	0.0
05perc_5repeat	0.1	0.3136	0.6734	0.0019	0.0003	0.001	0.0	0.0	0.6735	0.6567	0.0155	0.0022	0.6462	0.0045	0.0	0.4865	0.0069	0.0
40perc_5repeat	0.05	0.2816	0.6652	0.0434	0.0061	0.1002	0.0301	0.0462	0.6725	0.5569	0.0101	0.0014	0.5523	0.0051	0.0	0.4834	0.0048	0.0
50perc_5repeat	0.05	0.2894	0.6195	0.1127	0.0159	0.2234	0.1591	0.1858	0.6708	0.5312	0.0123	0.0017	0.5359	0.004	0.0	0.5026	0.0046	0.0
40perc_10repeat	0.1	0.276	0.6698	0.0213	0.003	0.0821	0.0137	0.0235	0.6726	0.548	0.0071	0.001	0.5429	0.002	0.0	0.4826	0.0024	0.0
30perc_2repeat	0.2	0.3039	0.6727	0.0031	0.0004	0.0	0.0	0.0	0.6734	0.6062	0.0091	0.0013	0.5997	0.0025	0.0	0.4802	0.0027	0.0
50perc_10repeat	0.1	0.2569	0.614	0.0887	0.0125	0.2699	0.2039	0.2323	0.6667	0.516	0.0061	0.0009	0.5193	0.0016	0.0	0.5	0.0019	0.0
05perc_2repeat	0.1	0.316	0.6732	0.0021	0.0003	0.009	0.0	0.0	0.6731	0.6615	0.0175	0.0025	0.6667	0.0044	0.0	0.489	0.0059	0.0
40perc_10repeat	0.05	0.28	0.6374	0.0891	0.0126	0.1429	0.1205	0.1307	0.6725	0.5461	0.011	0.0016	0.5366	0.0036	0.0	0.4892	0.0043	0.0
90perc_5repeat	0.05	0.5656	0.3391	0.0594	0.0084	0.3225	0.9621	0.4831	0.3272	0.4134	0.0142	0.002	0.5078	0.007	0.0	0.6143	0.0065	0.0
15perc_10repeat	0.05	0.3054	0.6735	0.0014	0.0002	0.0053	0.0	0.0	0.6735	0.6243	0.0206	0.0029	0.6188	0.0072	0.0	0.4694	0.0073	0.0
100perc_5repeat	0.05	0.6067	0.3275	0.0013	0.0002	0.3273	0.9997	0.4931	0.3275	0.3793	0.0165	0.0023	0.5483	0.0102	0.0	0.6647	0.0077	0.0
50perc_10repeat	0.05	0.2819	0.5839	0.1296	0.0183	0.2623	0.2669	0.2646	0.6655	0.5153	0.0085	0.0012	0.5159	0.0031	0.0	0.4966	0.0039	0.0
100perc_10repeat	0.1	0.6161	0.3271	0.0019	0.0003	0.3271	1.0	0.4929	0.3268	0.3563	0.014	0.002	0.5157	0.0048	0.0	0.6654	0.0048	0.0
70perc_2repeat	0.1	0.3131	0.5829	0.1368	0.0193	0.2938	0.274	0.2835	0.6666	0.5114	0.0097	0.0014	0.551	0.0034	0.0	0.5412	0.0036	0.0
70perc_2repeat	0.05	0.3648	0.5284	0.163	0.0231	0.2746	0.4212	0.3325	0.6616	0.5092	0.0122	0.0017	0.5588	0.0061	0.0	0.5539	0.0067	0.0
90perc_10repeat	0.05	0.5604	0.3475	0.0797	0.0113	0.3175	0.9354	0.4741	0.3269	0.3945	0.0184	0.0026	0.5072	0.0082	0.0	0.6143	0.0068	0.0
15perc_5repeat	0.1	0.3101	0.6731	0.002	0.0003	0.0	0.0	0.0	0.6736	0.6305	0.0135	0.0019	0.6234	0.0036	0.0	0.4777	0.0054	0.0
40perc_2repeat	0.05	0.3228	0.6247	0.1115	0.0158	0.0737	0.152	0.0993	0.6727	0.5802	0.0192	0.0027	0.5797	0.0054	0.0	0.4911	0.0087	0.0
30perc_2repeat	0.05	0.305	0.6659	0.0471	0.0067	0.0175	0.0197	0.0186	0.6726	0.6119	0.0209	0.003	0.5899	0.0055	0.0	0.4685	0.008	0.0
50perc_2repeat	0.05	0.2995	0.6457	0.0832	0.0118	0.1036	0.0902	0.0964	0.6729	0.5578	0.015	0.0021	0.5669	0.0053	0.0	0.4973	0.0054	0.0
15perc_5repeat	0.2	0.3096	0.6732	0.0032	0.0005	0.0	0.0	0.0	0.6731	0.6305	0.011	0.0016	0.6221	0.0023	0.0	0.4738	0.0036	0.0
30perc_10repeat	0.05	0.2977	0.6554	0.0712	0.0101	0.0251	0.0565	0.0348	0.6731	0.576	0.0144	0.002	0.5641	0.0045	0.0	0.4702	0.0059	0.0
05perc_5repeat	0.05	0.3268	0.6454	0.0856	0.0121	0.0412	0.0914	0.0568	0.6731	0.6541	0.0285	0.004	0.6345	0.0096	0.0	0.492	0.0128	0.0
05perc_10repeat	0.05	0.319	0.6668	0.0432	0.0061	0.0321	0.0192	0.0241	0.6729	0.6616	0.0257	0.0036	0.6571	0.0076	0.0	0.4938	0.0116	0.0
15perc_10repeat	0.1	0.3103	0.6728	0.002	0.0003	0.001	0.0	0.0	0.6728	0.6286	0.014	0.002	0.6227	0.0037	0.0	0.4759	0.005	0.0
30perc_10repeat	0.1	0.293	0.6736	0.0034	0.0005	0.011	0.0061	0.0079	0.6734	0.5792	0.0093	0.0013	0.57	0.0026	0.0	0.4725	0.0032	0.0
05perc_10repeat	0.2	0.3139	0.6733	0.0026	0.0004	0.0	0.0	0.0	0.6734	0.6571	0.01	0.0014	0.6503	0.0025	0.0	0.4859	0.0035	0.0
15perc_5repeat	0.05	0.3224	0.6452	0.0853	0.0121	0.0388	0.0908	0.0543	0.673	0.6312	0.022	0.0031	0.6067	0.0071	0.0	0.4697	0.0109	0.0
15perc_10repeat	0.2	0.3085	0.6733	0.0024	0.0003	0.0	0.0	0.0	0.6732	0.6256	0.0071	0.001	0.6159	0.0019	0.0	0.475	0.0024	0.0
70perc_10repeat	0.05	0.4466	0.3485	0.0744	0.0105	0.3195	0.9312	0.4757	0.3276	0.4533	0.0104	0.0015	0.4964	0.0044	0.0	0.5479	0.0036	0.0
100perc_2repeat	0.05	0.5633	0.3351	0.0478	0.0068	0.325	0.9791	0.488	0.3283	0.4402	0.0089	0.0013	0.5761	0.0092	0.0	0.6365	0.0088	0.0
100perc_5repeat	0.1	0.5968	0.327	0.0018	0.0003	0.3268	0.9998	0.4926	0.327	0.3845	0.0121	0.0017	0.5224	0.0057	0.0	0.6424	0.0049	0.0
90perc_2repeat	0.05	0.4979	0.3779	0.116	0.0164	0.3079	0.8482	0.4518	0.3288	0.4646	0.0112	0.0016	0.5583	0.006	0.0	0.5969	0.0063	0.0
70perc_5repeat	0.05	0.4446	0.3628	0.0995	0.0141	0.3174	0.898	0.469	0.3282	0.4691	0.0125	0.0018	0.509	0.0041	0.0	0.553	0.0046	0.0
05perc_5repeat	0.2	0.3152	0.6731	0.003	0.0004	0.0	0.0	0.0	0.6731	0.6589	0.011	0.0016	0.6583	0.0023	0.0	0.4848	0.0033	0.0
100perc_10repeat	0.05	0.6083	0.3268	0.0015	0.0002	0.3267	0.9999	0.4925	0.3268	0.3594	0.0238	0.0034	0.5028	0.0115	0.0	0.6601	0.0094	0.0
90perc_10repeat	0.1	0.5879	0.3293	0.013	0.0018	0.3269	0.9944	0.492	0.3277	0.3879	0.0114	0.0016	0.5064	0.0045	0.0	0.6267	0.0038	0.0
15perc_2repeat	0.05	0.3207	0.6545	0.076	0.0107	0.0536	0.0583	0.0558	0.6734	0.6291	0.0254	0.0036	0.6216	0.007	0.0	0.4923	0.0109	0.0
70perc_10repeat	0.1	0.465	0.3274	0.002	0.0003	0.3269	0.9994	0.4927	0.3271	0.4528	0.0059	0.0008	0.4988	0.0023	0.0	0.5526	0.002	0.0
50perc_5repeat	0.1	0.2685	0.6618	0.0475	0.0067	0.2114	0.0403	0.0677	0.6715	0.5302	0.0069	0.001	0.5349	0.0019	0.0	0.5001	0.0026	0.0
30perc_5repeat	0.05	0.2975	0.6563	0.067	0.0095	0.0525	0.0562	0.0543	0.6731	0.587	0.0145	0.002	0.5717	0.0066	0.0	0.4772	0.0062	0.0
15perc_2repeat	0.4	0.3085	0.6739	0.0049	0.0007	0.0	0.0	0.0	0.6734	0.638	0.0067	0.001	0.6292	0.0016	0.0	0.4817	0.0019	0.0
05perc_2repeat	0.05	0.3108	0.6731	0.0012	0.0002	0.0	0.0	0.0	0.6731	0.664	0.0222	0.0031	0.646	0.0089	0.0	0.4608	0.0091	0.0
40perc_2repeat	0.2	0.2974	0.6729	0.0031	0.0004	0.0135	0.0	0.0	0.6728	0.582	0.0095	0.0013	0.5815	0.0021	0.0	0.483	0.0024	0.0
05perc_2repeat	0.4	0.3133	0.6733	0.0051	0.0007	0.0	0.0	0.0	0.6733	0.6621	0.0072	0.001	0.6602	0.0016	0.0	0.4927	0.0022	0.0
50perc_2repeat	0.2	0.2867	0.6736	0.0029	0.0004	0.0806	0.0002	0.0003	0.6733	0.5573	0.0068	0.001	0.5642	0.0018	0.0	0.4991	0.0018	0.0
05perc_10repeat	0.1	0.3157	0.6728	0.0017	0.0002	0.0	0.0	0.0	0.6728	0.6615	0.0137	0.0019	0.659	0.005	0.0	0.4734	0.005	0.0
90perc_2repeat	0.2	0.5058	0.338	0.0057	0.0008	0.3298	0.9911	0.4949	0.3374	0.465	0.0043	0.0006	0.5593	0.0019	0.0	0.5963	0.0021	0.0
30perc_2repeat	0.4	0.2983	0.6743	0.0045	0.0006	0.0	0.0	0.0	0.6736	0.602	0.0058	0.0008	0.5936	0.0013	0.0	0.4853	0.0017	0.0
30perc_5repeat	0.2	0.2965	0.6729	0.0032	0.0005	0.0	0.0	0.0	0.6725	0.5882	0.0073	0.001	0.5761	0.0017	0.0	0.4773	0.0019	0.0
40perc_2repeat	0.4	0.2917	0.674	0.0047	0.0007	0.009	0.0	0.0	0.6747	0.579	0.0051	0.0007	0.5772	0.0012	0.0	0.4892	0.0015	0.0
100perc_2repeat	0.2	0.5571	0.3345	0.0034	0.0005	0.3283	0.9932	0.4935	0.3343	0.4428	0.0041	0.0006	0.58	0.0023	0.0	0.6338	0.0025	0.0
50perc_2repeat	0.4	0.2824	0.6738	0.0046	0.0007	0.1286	0.0002	0.0004	0.6743	0.5567	0.0047	0.0007	0.5647	0.0012	0.0	0.5002	0.0011	0.0
40perc_5repeat	0.2	0.2826	0.6738	0.003	0.0004	0.0352	0.0	0.0001	0.6734	0.5582	0.0069	0.001	0.5543	0.0015	0.0	0.4845	0.0018	0.0
70perc_2repeat	0.4	0.2589	0.6657	0.0134	0.0019	0.3763	0.058	0.1006	0.6674	0.5126	0.004	0.0006	0.5552	0.001	0.0	0.538	0.0011	0.0
70perc_5repeat	0.2	0.4202	0.3361	0.0405	0.0057	0.3269	0.9791	0.4901	0.3298	0.4699	0.0047	0.0007	0.5107	0.0014	0.0	0.5479	0.0017	0.0
90perc_2repeat	0.4	0.4268	0.3819	0.0299	0.0042	0.3413	0.9602	0.5036	0.374	0.4656	0.0032	0.0005	0.5603	0.001	0.0	0.595	0.0012	0.0
90perc_5repeat	0.2	0.5651	0.3269	0.003	0.0004	0.3266	0.9996	0.4923	0.3268	0.414	0.0072	0.001	0.5248	0.0019	0.0	0.6163	0.0023	0.0
05perc_5repeat	0.4	0.312	0.6738	0.0037	0.0005	0.0	0.0	0.0	0.6734	0.658	0.0051	0.0007	0.6538	0.0017	0.0	0.4925	0.0021	0.0
70perc_2repeat	0.2	0.2937	0.6033	0.116	0.0164	0.3201	0.2332	0.2698	0.6664	0.5102	0.0061	0.0009	0.5514	0.0017	0.0	0.5435	0.0017	0.0
30perc_10repeat	0.2	0.2923	0.6734	0.0028	0.0004	0.004	0.0	0.0	0.6736	0.5786	0.0055	0.0008	0.5674	0.0016	0.0	0.4729	0.0018	0.0
50perc_5repeat	0.2	0.2625	0.6709	0.004	0.0006	0.2363	0.004	0.0079	0.6716	0.5288	0.0045	0.0006	0.5345	0.0012	0.0	0.5014	0.0015	0.0
15perc_5repeat	0.4	0.3067	0.6739	0.004	0.0006	0.0	0.0	0.0	0.6736	0.6291	0.0053	0.0007	0.6199	0.0013	0.0	0.4798	0.0017	0.0
30perc_5repeat	0.4	0.2944	0.6729	0.006	0.0008	0.0	0.0	0.0	0.6736	0.5866	0.0055	0.0008	0.5764	0.0011	0.0	0.4777	0.0015	0.0
70perc_10repeat	0.2	0.4512	0.3276	0.0044	0.0006	0.3268	0.9991	0.4925	0.3272	0.4534	0.0051	0.0007	0.4964	0.0015	0.0	0.55	0.0016	0.0
50perc_10repeat	0.2	0.2499	0.6609	0.0253	0.0036	0.2443	0.035	0.0612	0.668	0.5169	0.0039	0.0006	0.5203	0.001	0.0	0.4987	0.0009	0.0
50perc_5repeat	0.4	0.2585	0.6719	0.0046	0.0007	0.2611	0.0024	0.0047	0.6718	0.5282	0.0033	0.0005	0.5342	0.0008	0.0	0.4996	0.0008	0.0
40perc_10repeat	0.2	0.2758	0.6727	0.0028	0.0004	0.0756	0.0001	0.0002	0.6727	0.5476	0.005	0.0007	0.5425	0.0012	0.0	0.4818	0.0013	0.0
40perc_5repeat	0.4	0.2794	0.6725	0.0052	0.0007	0.0402	0.0001	0.0001	0.672	0.5583	0.0047	0.0007	0.5523	0.001	0.0	0.486	0.0012	0.0
90perc_10repeat	0.2	0.582	0.3269	0.0031	0.0004	0.3269	1.0	0.4927	0.3266	0.3901	0.0075	0.0011	0.4994	0.0029	0.0	0.6219	0.0023	0.0
100perc_10repeat	0.2	0.6098	0.327	0.0024	0.0003	0.3269	0.9999	0.4927	0.3271	0.3579	0.0084	0.0012	0.5221	0.0034	0.0	0.6636	0.0024	0.0
100perc_5repeat	0.2	0.5949	0.3274	0.0031	0.0004	0.327	0.9996	0.4928	0.3271	0.3842	0.008	0.0011	0.5432	0.0027	0.0	0.6535	0.0032	0.0
70perc_5repeat	0.4	0.3791	0.3412	0.0106	0.0015	0.3311	0.9888	0.4961	0.3399	0.4707	0.0034	0.0005	0.514	0.0008	0.0	0.5474	0.0009	0.0
90perc_5repeat	0.4	0.5339	0.3276	0.0045	0.0006	0.3266	0.9989	0.4922	0.3273	0.4142	0.004	0.0006	0.5255	0.0012	0.0	0.6138	0.0013	0.0
15perc_10repeat	0.4	0.3038	0.675	0.0045	0.0006	0.0	0.0	0.0	0.6758	0.6238	0.0053	0.0007	0.6126	0.0011	0.0	0.4821	0.0017	0.0
05perc_10repeat	0.4	0.3123	0.6736	0.0046	0.0007	0.0	0.0	0.0	0.6737	0.6568	0.0063	0.0009	0.6522	0.0012	0.0	0.4875	0.0019	0.0
30perc_10repeat	0.4	0.2878	0.674	0.0051	0.0007	0.0	0.0	0.0	0.6736	0.5778	0.0045	0.0006	0.5635	0.001	0.0	0.4758	0.0013	0.0
50perc_10repeat	0.4	0.2443	0.6648	0.007	0.001	0.2639	0.0168	0.0316	0.6659	0.5166	0.0026	0.0004	0.5197	0.0006	0.0	0.4996	0.0006	0.0
40perc_10repeat	0.4	0.2703	0.6728	0.0041	0.0006	0.0792	0.0001	0.0002	0.6725	0.5472	0.003	0.0004	0.5394	0.0007	0.0	0.4839	0.0008	0.0
70perc_10repeat	0.4	0.4356	0.3275	0.005	0.0007	0.327	0.9995	0.4928	0.3273	0.4528	0.0032	0.0005	0.4974	0.0008	0.0	0.5509	0.0008	0.0
15perc_2repeat	0.7	0.3074	0.671	0.0077	0.0011	0.0	0.0	0.0	0.67	0.6394	0.0032	0.0004	0.632	0.0008	0.0	0.4812	0.0012	0.0
90perc_10repeat	0.4	0.566	0.3283	0.0048	0.0007	0.3283	1.0	0.4943	0.3278	0.3885	0.0047	0.0007	0.4995	0.0012	0.0	0.625	0.0014	0.0
05perc_2repeat	0.7	0.311	0.6719	0.007	0.001	0.0	0.0	0.0	0.6722	0.6623	0.0034	0.0005	0.6605	0.0007	0.0	0.4917	0.0013	0.0
30perc_2repeat	0.7	0.2968	0.6724	0.0077	0.0011	0.0	0.0	0.0	0.6719	0.6046	0.0037	0.0005	0.597	0.0009	0.0	0.4807	0.0011	0.0
50perc_2repeat	0.5	0.2832	0.6722	0.0058	0.0008	0.1154	0.0002	0.0004	0.6725	0.5586	0.0039	0.0006	0.567	0.001	0.0	0.4986	0.001	0.0
50perc_2repeat	0.7	0.2744	0.6735	0.0102	0.0014	0.0954	0.0003	0.0006	0.6728	0.5572	0.0037	0.0005	0.5651	0.0008	0.0	0.5005	0.0008	0.0
100perc_2repeat	0.4	0.5006	0.3568	0.0082	0.0012	0.3352	0.9781	0.4993	0.3564	0.4417	0.0029	0.0004	0.5752	0.0013	0.0	0.6319	0.0017	0.0
70perc_2repeat	0.5	0.2395	0.6717	0.0113	0.0016	0.4648	0.1515	0.2285	0.6712	0.5114	0.0036	0.0005	0.5526	0.0009	0.0	0.5417	0.0008	0.0
40perc_2repeat	0.7	0.2886	0.6736	0.0087	0.0012	0.0	0.0	0.0	0.6722	0.5809	0.0035	0.0005	0.5804	0.0007	0.0	0.487	0.001	0.0
90perc_2repeat	0.5	0.3578	0.4552	0.0383	0.0054	0.3678	0.9134	0.5244	0.4561	0.466	0.002	0.0003	0.5622	0.0009	0.0	0.5962	0.0008	0.0
70perc_2repeat	0.7	0.224	0.682	0.0126	0.0018	0.5304	0.1944	0.2845	0.6826	0.5118	0.0028	0.0004	0.5528	0.0008	0.0	0.539	0.0007	0.0
90perc_2repeat	0.7	0.2752	0.5766	0.0241	0.0034	0.4243	0.802	0.555	0.5745	0.465	0.0025	0.0003	0.5621	0.0006	0.0	0.5982	0.0009	0.0
100perc_2repeat	0.5	0.4511	0.3901	0.0163	0.0023	0.3446	0.9553	0.5065	0.3883	0.442	0.002	0.0003	0.5755	0.0009	0.0	0.6319	0.0012	0.0
05perc_5repeat	0.7	0.3092	0.6733	0.0104	0.0015	0.0	0.0	0.0	0.6742	0.6588	0.0041	0.0006	0.6554	0.0009	0.0	0.4902	0.0012	0.0
15perc_5repeat	0.7	0.3017	0.6754	0.0104	0.0015	0.0	0.0	0.0	0.6748	0.6294	0.0037	0.0005	0.6186	0.0008	0.0	0.4784	0.0009	0.0
05perc_2repeat	0.8	0.3085	0.6724	0.013	0.0018	0.0	0.0	0.0	0.6706	0.662	0.0035	0.0005	0.6587	0.0007	0.0	0.4928	0.001	0.0
70perc_5repeat	0.5	0.3636	0.3498	0.0219	0.0031	0.3329	0.9823	0.4973	0.3423	0.471	0.003	0.0004	0.5136	0.0007	0.0	0.5483	0.0008	0.0
50perc_5repeat	0.7	0.2489	0.6694	0.0101	0.0014	0.2827	0.0035	0.007	0.67	0.5286	0.0027	0.0004	0.5331	0.0006	0.0	0.5004	0.0005	0.0
30perc_5repeat	0.7	0.2903	0.6725	0.0084	0.0012	0.0	0.0	0.0	0.6739	0.5859	0.0035	0.0005	0.5764	0.0007	0.0	0.4766	0.0009	0.0
100perc_5repeat	0.5	0.5533	0.33	0.0057	0.0008	0.3273	0.9969	0.4929	0.3304	0.3847	0.0044	0.0006	0.5414	0.0012	0.0	0.655	0.0012	0.0
40perc_5repeat	0.7	0.277	0.6708	0.0091	0.0013	0.013	0.0	0.0001	0.6717	0.5581	0.0023	0.0003	0.5531	0.0006	0.0	0.4839	0.0007	0.0
90perc_5repeat	0.5	0.52	0.3294	0.005	0.0007	0.3279	0.9982	0.4936	0.33	0.4132	0.0033	0.0005	0.5218	0.001	0.0	0.6151	0.0011	0.0
100perc_2repeat	0.7	0.3233	0.529	0.0176	0.0025	0.3984	0.8626	0.5451	0.5294	0.4423	0.0012	0.0002	0.5759	0.0007	0.0	0.6317	0.0007	0.0
70perc_5repeat	0.7	0.3185	0.3933	0.0494	0.007	0.3452	0.9535	0.5069	0.3838	0.4714	0.0027	0.0004	0.5147	0.0006	0.0	0.5477	0.0006	0.0
15perc_2repeat	0.8	0.3046	0.673	0.0119	0.0017	0.0	0.0	0.0	0.6727	0.6386	0.0036	0.0005	0.6328	0.0009	0.0	0.4821	0.001	0.0
30perc_2repeat	0.8	0.2974	0.671	0.0122	0.0017	0.0	0.0	0.0	0.6693	0.6044	0.0033	0.0005	0.598	0.0006	0.0	0.4797	0.0009	0.0
05perc_5repeat	0.8	0.3074	0.6732	0.013	0.0018	0.0	0.0	0.0	0.674	0.6585	0.0033	0.0005	0.6554	0.0007	0.0	0.4906	0.001	0.0
90perc_5repeat	0.7	0.4681	0.3351	0.0097	0.0014	0.3279	0.9932	0.4931	0.336	0.414	0.0028	0.0004	0.5232	0.0006	0.0	0.614	0.0008	0.0
05perc_2repeat	0.5	0.3119	0.6731	0.0056	0.0008	0.0	0.0	0.0	0.6727	0.6616	0.0052	0.0007	0.6572	0.0012	0.0	0.4935	0.0022	0.0
50perc_10repeat	0.5	0.2423	0.6649	0.0071	0.001	0.2669	0.0178	0.0334	0.6639	0.5157	0.0019	0.0003	0.5191	0.0005	0.0	0.4995	0.0006	0.0
15perc_2repeat	0.5	0.3076	0.6731	0.0064	0.0009	0.0	0.0	0.0	0.6737	0.6376	0.006	0.0009	0.6299	0.0015	0.0	0.485	0.0016	0.0
30perc_2repeat	0.5	0.2995	0.6739	0.0059	0.0008	0.0	0.0	0.0	0.6737	0.6042	0.0054	0.0008	0.5991	0.0011	0.0	0.4814	0.0014	0.0
50perc_2repeat	0.8	0.27	0.6731	0.0114	0.0016	0.1368	0.0006	0.0012	0.6724	0.5573	0.0032	0.0005	0.5647	0.0006	0.0	0.5009	0.0008	0.0
05perc_10repeat	0.7	0.3085	0.6735	0.0093	0.0013	0.0	0.0	0.0	0.6745	0.6576	0.0037	0.0005	0.6524	0.0008	0.0	0.4893	0.0009	0.0
40perc_2repeat	0.5	0.2918	0.6736	0.0052	0.0007	0.004	0.0	0.0	0.6732	0.5809	0.0049	0.0007	0.5791	0.001	0.0	0.485	0.0013	0.0
100perc_5repeat	0.7	0.4983	0.3444	0.0091	0.0013	0.331	0.9895	0.4961	0.3452	0.3847	0.0024	0.0003	0.5416	0.0008	0.0	0.6544	0.0009	0.0
90perc_10repeat	0.5	0.5513	0.3276	0.0063	0.0009	0.3276	1.0	0.4935	0.3262	0.3889	0.0042	0.0006	0.5032	0.0011	0.0	0.6226	0.001	0.0
15perc_10repeat	0.7	0.301	0.6752	0.0096	0.0014	0.0	0.0	0.0	0.6753	0.6253	0.0035	0.0005	0.6146	0.0009	0.0	0.4758	0.001	0.0
70perc_2repeat	0.8	0.2165	0.6894	0.0122	0.0017	0.5511	0.2586	0.352	0.6886	0.5113	0.0028	0.0004	0.5528	0.0007	0.0	0.5407	0.0006	0.0
70perc_10repeat	0.5	0.4304	0.327	0.0065	0.0009	0.3266	0.9996	0.4923	0.3288	0.4522	0.0029	0.0004	0.495	0.0006	0.0	0.5515	0.0007	0.0
100perc_10repeat	0.5	0.5773	0.327	0.0061	0.0009	0.3266	0.9997	0.4924	0.3268	0.3585	0.0053	0.0007	0.5234	0.0016	0.0	0.6623	0.0011	0.0
40perc_10repeat	0.7	0.268	0.6703	0.0089	0.0013	0.058	0.0001	0.0002	0.672	0.5477	0.0021	0.0003	0.5403	0.0004	0.0	0.4836	0.0004	0.0
05perc_2repeat	0.9	0.3038	0.6754	0.0164	0.0023	0.0	0.0	0.0	0.678	0.6614	0.0021	0.0003	0.6593	0.0005	0.0	0.4929	0.0007	0.0
30perc_10repeat	0.7	0.2866	0.6724	0.0089	0.0013	0.0	0.0	0.0	0.6733	0.5792	0.0022	0.0003	0.567	0.0005	0.0	0.4741	0.0005	0.0
30perc_5repeat	0.8	0.2888	0.6733	0.0124	0.0018	0.0	0.0	0.0	0.6749	0.5867	0.0028	0.0004	0.5771	0.0006	0.0	0.4759	0.0007	0.0
15perc_2repeat	0.9	0.3029	0.6725	0.0207	0.0029	0.0	0.0	0.0	0.6737	0.638	0.0029	0.0004	0.6314	0.0005	0.0	0.4832	0.0008	0.0
40perc_2repeat	0.8	0.2845	0.6729	0.0132	0.0019	0.002	0.0	0.0	0.6732	0.5807	0.0031	0.0004	0.5788	0.0007	0.0	0.4879	0.0008	0.0
40perc_5repeat	0.8	0.2696	0.6754	0.011	0.0016	0.006	0.0	0.0	0.6757	0.5571	0.0029	0.0004	0.5519	0.0006	0.0	0.4855	0.0007	0.0
15perc_5repeat	0.8	0.302	0.673	0.0121	0.0017	0.0	0.0	0.0	0.6723	0.6303	0.0027	0.0004	0.6207	0.0005	0.0	0.4786	0.0008	0.0
90perc_2repeat	0.8	0.2554	0.6078	0.0183	0.0026	0.4409	0.7522	0.5559	0.612	0.4653	0.0022	0.0003	0.5615	0.0005	0.0	0.5973	0.0006	0.0
50perc_10repeat	0.7	0.2377	0.666	0.0094	0.0013	0.278	0.0181	0.034	0.6659	0.5161	0.0021	0.0003	0.5193	0.0004	0.0	0.4998	0.0005	0.0
50perc_5repeat	0.8	0.2451	0.6704	0.0121	0.0017	0.2961	0.006	0.0117	0.6704	0.5286	0.0025	0.0004	0.5329	0.0005	0.0	0.5005	0.0006	0.0
30perc_2repeat	0.9	0.2925	0.6732	0.0224	0.0032	0.0	0.0	0.0	0.6703	0.6039	0.0027	0.0004	0.5975	0.0005	0.0	0.4812	0.0008	0.0
90perc_10repeat	0.7	0.5189	0.3288	0.0099	0.0014	0.3287	0.9999	0.4948	0.3286	0.3894	0.0031	0.0004	0.5036	0.0009	0.0	0.6222	0.0007	0.0
100perc_2repeat	0.8	0.2891	0.5733	0.0136	0.0019	0.4217	0.8087	0.5544	0.5745	0.4421	0.001	0.0001	0.5756	0.0005	0.0	0.6317	0.0006	0.0
70perc_10repeat	0.7	0.4015	0.3286	0.0086	0.0012	0.3279	0.9991	0.4937	0.3281	0.4527	0.0024	0.0003	0.4959	0.0006	0.0	0.5508	0.0005	0.0
05perc_5repeat	0.5	0.3136	0.6719	0.0071	0.001	0.0	0.0	0.0	0.6707	0.6604	0.0064	0.0009	0.6577	0.0012	0.0	0.4874	0.0019	0.0
05perc_10repeat	0.8	0.3073	0.6733	0.0107	0.0015	0.0	0.0	0.0	0.6744	0.6575	0.0026	0.0004	0.6533	0.0007	0.0	0.4889	0.0009	0.0
70perc_5repeat	0.8	0.2992	0.4236	0.0403	0.0057	0.3548	0.9395	0.5151	0.4165	0.4713	0.0019	0.0003	0.5147	0.0004	0.0	0.5471	0.0005	0.0
15perc_5repeat	0.5	0.3053	0.6743	0.0055	0.0008	0.0	0.0	0.0	0.6734	0.6289	0.0046	0.0007	0.6203	0.0012	0.0	0.4786	0.0016	0.0
100perc_5repeat	0.4	0.571	0.3294	0.0046	0.0007	0.3279	0.9987	0.4937	0.3291	0.3839	0.0046	0.0007	0.5408	0.0021	0.0	0.6556	0.0015	0.0
40perc_2repeat	0.9	0.2848	0.6716	0.017	0.0024	0.0	0.0	0.0	0.6729	0.5812	0.0029	0.0004	0.5803	0.0006	0.0	0.4867	0.0007	0.0
05perc_5repeat	0.9	0.3002	0.6788	0.0203	0.0029	0.0	0.0	0.0	0.678	0.6584	0.0021	0.0003	0.6547	0.0005	0.0	0.4902	0.0005	0.0
30perc_5repeat	0.5	0.2927	0.6735	0.0063	0.0009	0.0	0.0	0.0	0.6736	0.5866	0.0043	0.0006	0.5769	0.0011	0.0	0.4763	0.0015	0.0
40perc_5repeat	0.5	0.2795	0.6738	0.006	0.0009	0.03	0.0	0.0001	0.6736	0.5577	0.0037	0.0005	0.5544	0.0009	0.0	0.4833	0.0011	0.0
15perc_5repeat	0.9	0.2988	0.6745	0.0199	0.0028	0.0	0.0	0.0	0.6729	0.63	0.0025	0.0004	0.6202	0.0006	0.0	0.4778	0.0007	0.0
50perc_2repeat	0.9	0.2674	0.6745	0.0169	0.0024	0.084	0.0005	0.001	0.678	0.5581	0.0031	0.0004	0.5663	0.0006	0.0	0.4987	0.0007	0.0
90perc_5repeat	0.8	0.4358	0.348	0.0142	0.002	0.3316	0.9862	0.4963	0.3521	0.4133	0.0021	0.0003	0.5242	0.0006	0.0	0.6148	0.0006	0.0
70perc_2repeat	0.9	0.2125	0.694	0.0178	0.0025	0.5771	0.2769	0.3743	0.6935	0.512	0.0032	0.0004	0.553	0.0005	0.0	0.5397	0.0006	0.0
90perc_2repeat	0.9	0.2401	0.6307	0.0182	0.0026	0.4624	0.7172	0.5623	0.629	0.4652	0.0019	0.0003	0.561	0.0004	0.0	0.5967	0.0006	0.0
50perc_5repeat	0.5	0.2564	0.6709	0.0055	0.0008	0.2669	0.0029	0.0058	0.6713	0.5294	0.0037	0.0005	0.5347	0.0009	0.0	0.4992	0.0009	0.0
100perc_5repeat	0.8	0.4581	0.3617	0.0118	0.0017	0.3349	0.9792	0.4991	0.3601	0.3849	0.002	0.0003	0.5411	0.0007	0.0	0.6534	0.0006	0.0
100perc_2repeat	0.9	0.269	0.601	0.0186	0.0026	0.437	0.7686	0.5572	0.6035	0.4423	0.0008	0.0001	0.5757	0.0003	0.0	0.6316	0.0004	0.0
30perc_5repeat	0.9	0.2911	0.6684	0.02	0.0028	0.0	0.0	0.0	0.6695	0.5867	0.0021	0.0003	0.5768	0.0004	0.0	0.4759	0.0005	0.0
100perc_10repeat	0.7	0.5416	0.3281	0.0072	0.001	0.3266	0.9986	0.4922	0.3276	0.3585	0.0028	0.0004	0.5236	0.001	0.0	0.6633	0.0008	0.0
15perc_10repeat	0.8	0.2996	0.6745	0.0115	0.0016	0.0	0.0	0.0	0.6749	0.6257	0.0026	0.0004	0.6145	0.0006	0.0	0.4773	0.0007	0.0
30perc_10repeat	0.8	0.2848	0.6729	0.0098	0.0014	0.0	0.0	0.0	0.6727	0.579	0.0023	0.0003	0.5667	0.0005	0.0	0.4739	0.0006	0.0
40perc_10repeat	0.8	0.2645	0.6744	0.0105	0.0015	0.0233	0.0001	0.0002	0.6724	0.5473	0.0022	0.0003	0.5397	0.0005	0.0	0.4841	0.0005	0.0
50perc_5repeat	0.9	0.2457	0.6666	0.0187	0.0026	0.2792	0.0053	0.0104	0.6655	0.5286	0.0029	0.0004	0.5342	0.0004	0.0	0.5003	0.0005	0.0
70perc_5repeat	0.9	0.2842	0.4614	0.0534	0.0076	0.373	0.9122	0.5295	0.4655	0.4716	0.002	0.0003	0.5149	0.0005	0.0	0.5477	0.0004	0.0
50perc_10repeat	0.8	0.2373	0.6631	0.0131	0.0018	0.2973	0.0219	0.0407	0.6642	0.5159	0.0022	0.0003	0.5195	0.0004	0.0	0.4996	0.0005	0.0
90perc_5repeat	0.9	0.4027	0.3713	0.0183	0.0026	0.3409	0.9781	0.5056	0.3703	0.4132	0.002	0.0003	0.523	0.0004	0.0	0.6154	0.0004	0.0
05perc_10repeat	0.9	0.3052	0.673	0.0155	0.0022	0.0	0.0	0.0	0.6729	0.6574	0.0018	0.0003	0.6533	0.0004	0.0	0.4901	0.0006	0.0
100perc_5repeat	0.9	0.4132	0.4011	0.0156	0.0022	0.3489	0.9581	0.5115	0.4005	0.3845	0.0014	0.0002	0.5415	0.0005	0.0	0.6548	0.0003	0.0
15perc_10repeat	0.9	0.303	0.6704	0.0196	0.0028	0.0	0.0	0.0	0.6686	0.6265	0.0021	0.0003	0.6163	0.0004	0.0	0.4752	0.0006	0.0
70perc_10repeat	0.8	0.3883	0.3274	0.0103	0.0015	0.3264	0.9988	0.492	0.3282	0.4531	0.0017	0.0002	0.4961	0.0006	0.0	0.5504	0.0004	0.0
100perc_10repeat	0.4	0.5907	0.3262	0.0051	0.0007	0.326	0.9998	0.4917	0.3261	0.3593	0.0063	0.0009	0.5258	0.0018	0.0	0.6649	0.0017	0.0
90perc_10repeat	0.8	0.4977	0.3271	0.0122	0.0017	0.3269	0.9999	0.4927	0.3273	0.3899	0.0025	0.0004	0.505	0.0007	0.0	0.6218	0.0005	0.0
05perc_10repeat	0.5	0.3129	0.6722	0.0053	0.0007	0.0	0.0	0.0	0.672	0.6585	0.0046	0.0007	0.6538	0.0012	0.0	0.4869	0.0017	0.0
15perc_10repeat	0.5	0.3039	0.6741	0.0066	0.0009	0.0	0.0	0.0	0.6736	0.6252	0.005	0.0007	0.6136	0.0012	0.0	0.477	0.0014	0.0
40perc_5repeat	0.9	0.2722	0.6714	0.0196	0.0028	0.006	0.0	0.0001	0.6686	0.5584	0.0019	0.0003	0.553	0.0004	0.0	0.4843	0.0005	0.0
100perc_10repeat	0.8	0.5157	0.3296	0.0115	0.0016	0.326	0.9974	0.4914	0.3285	0.3587	0.0025	0.0004	0.5231	0.0006	0.0	0.6634	0.0006	0.0
30perc_10repeat	0.5	0.2894	0.6734	0.0072	0.001	0.0	0.0	0.0	0.6747	0.5793	0.004	0.0006	0.5672	0.0009	0.0	0.4743	0.001	0.0
40perc_10repeat	0.5	0.2702	0.6731	0.0061	0.0009	0.0623	0.0001	0.0002	0.6728	0.5474	0.003	0.0004	0.5404	0.0006	0.0	0.4827	0.0007	0.0
70perc_10repeat	0.9	0.3752	0.3304	0.0216	0.0031	0.3295	0.999	0.4955	0.3335	0.4528	0.0019	0.0003	0.4956	0.0005	0.0	0.5508	0.0004	0.0
100perc_10repeat	0.9	0.4841	0.3361	0.0156	0.0022	0.3271	0.9937	0.4921	0.3376	0.3586	0.0015	0.0002	0.5239	0.0005	0.0	0.6634	0.0004	0.0
90perc_10repeat	0.9	0.4714	0.3277	0.0197	0.0028	0.3273	0.9999	0.4932	0.3275	0.3899	0.0023	0.0003	0.5048	0.0004	0.0	0.6215	0.0005	0.0
30perc_10repeat	0.9	0.2829	0.6741	0.0164	0.0023	0.0	0.0	0.0	0.6737	0.5792	0.0018	0.0003	0.5668	0.0004	0.0	0.4736	0.0004	0.0
40perc_10repeat	0.9	0.2614	0.6734	0.0184	0.0026	0.018	0.0001	0.0002	0.6695	0.5472	0.002	0.0003	0.5397	0.0004	0.0	0.484	0.0005	0.0
50perc_10repeat	0.9	0.2338	0.6658	0.018	0.0025	0.2983	0.0213	0.0397	0.665	0.5159	0.0017	0.0002	0.5186	0.0003	0.0	0.4998	0.0003	0.0
80perc_2repeat	0.9	0.217	0.6675	0.0218	0.0031	0.4962	0.5799	0.5348	0.6665	0.488	0.0019	0.0003	0.5535	0.0005	0.0	0.5669	0.0005	0.0
80perc_2repeat	0.8	0.2184	0.6657	0.0162	0.0023	0.4906	0.5671	0.5261	0.6682	0.4887	0.0022	0.0003	0.5549	0.0006	0.0	0.5662	0.0006	0.0
80perc_5repeat	0.9	0.3563	0.3763	0.0256	0.0036	0.3416	0.9705	0.5053	0.376	0.4423	0.002	0.0003	0.5155	0.0004	0.0	0.579	0.0005	0.0
80perc_2repeat	0.7	0.2236	0.6543	0.0272	0.0038	0.4812	0.5999	0.5341	0.6602	0.4884	0.0024	0.0003	0.5543	0.0006	0.0	0.5666	0.0007	0.0
80perc_5repeat	0.8	0.3829	0.3564	0.0262	0.0037	0.335	0.9825	0.4997	0.3499	0.4422	0.0021	0.0003	0.5157	0.0007	0.0	0.5789	0.0005	0.0
80perc_2repeat	0.5	0.247	0.6094	0.0624	0.0088	0.4523	0.6856	0.545	0.6182	0.4881	0.0036	0.0005	0.5546	0.0008	0.0	0.5668	0.001	0.0
80perc_5repeat	0.7	0.4088	0.3419	0.0105	0.0015	0.3314	0.991	0.4967	0.3408	0.4423	0.0027	0.0004	0.5154	0.0006	0.0	0.578	0.0007	0.0
80perc_10repeat	0.9	0.4464	0.3252	0.0171	0.0024	0.3252	1.0	0.4908	0.3254	0.421	0.0017	0.0002	0.495	0.0003	0.0	0.5843	0.0004	0.0
80perc_2repeat	0.4	0.2742	0.576	0.0974	0.0138	0.4275	0.6622	0.5196	0.6151	0.4887	0.0033	0.0005	0.5581	0.001	0.0	0.5684	0.0013	0.0
80perc_5repeat	0.05	0.5072	0.3542	0.0861	0.0122	0.3159	0.9158	0.4697	0.3273	0.445	0.0121	0.0017	0.518	0.0056	0.0	0.58	0.0051	0.0
80perc_5repeat	0.5	0.464	0.3314	0.0065	0.0009	0.3293	0.9971	0.4951	0.3314	0.4415	0.0027	0.0004	0.5141	0.0007	0.0	0.5803	0.0009	0.0
80perc_2repeat	0.2	0.4028	0.408	0.1094	0.0155	0.3286	0.8205	0.4693	0.3502	0.4876	0.0061	0.0009	0.5548	0.0017	0.0	0.5687	0.002	0.0
80perc_5repeat	0.4	0.4809	0.3287	0.0039	0.0006	0.3269	0.9981	0.4925	0.3291	0.4421	0.0038	0.0005	0.5144	0.0011	0.0	0.579	0.0012	0.0
80perc_5repeat	0.2	0.5107	0.3276	0.0026	0.0004	0.3267	0.999	0.4924	0.3273	0.4425	0.0051	0.0007	0.5191	0.0017	0.0	0.5802	0.0016	0.0
80perc_10repeat	0.8	0.4612	0.3251	0.0128	0.0018	0.325	1.0	0.4906	0.3252	0.4215	0.0025	0.0004	0.4955	0.0005	0.0	0.5845	0.0005	0.0
80perc_2repeat	0.1	0.4092	0.4333	0.1485	0.021	0.2985	0.7001	0.4185	0.339	0.4893	0.0065	0.0009	0.5538	0.0029	0.0	0.5664	0.0031	0.0
80perc_5repeat	0.1	0.5234	0.3276	0.002	0.0003	0.3271	0.9993	0.4929	0.3276	0.441	0.0089	0.0013	0.5184	0.0031	0.0	0.5839	0.0036	0.0
80perc_2repeat	0.05	0.4106	0.4576	0.1574	0.0223	0.2916	0.6275	0.3981	0.3375	0.4917	0.0094	0.0013	0.5635	0.0056	0.0	0.5709	0.005	0.0
80perc_10repeat	0.1	0.5515	0.3272	0.0017	0.0002	0.3271	1.0	0.493	0.3273	0.4206	0.0078	0.0011	0.4942	0.0027	0.0	0.5909	0.0027	0.0
80perc_10repeat	0.05	0.5324	0.3447	0.0696	0.0098	0.3204	0.9439	0.4784	0.3276	0.4197	0.0147	0.0021	0.493	0.0051	0.0	0.5871	0.0049	0.0
80perc_10repeat	0.2	0.5366	0.3268	0.0032	0.0005	0.3267	1.0	0.4925	0.3267	0.4214	0.0061	0.0009	0.4964	0.0019	0.0	0.5847	0.0015	0.0
80perc_10repeat	0.7	0.4772	0.3263	0.0096	0.0014	0.3263	1.0	0.492	0.3278	0.4211	0.0026	0.0004	0.4955	0.0005	0.0	0.5839	0.0006	0.0
80perc_10repeat	0.4	0.5181	0.3279	0.0052	0.0007	0.3279	1.0	0.4939	0.3287	0.4201	0.0039	0.0006	0.4948	0.0011	0.0	0.5855	0.001	0.0
80perc_10repeat	0.5	0.503	0.3273	0.0059	0.0008	0.3272	1.0	0.4931	0.3275	0.4211	0.0036	0.0005	0.4957	0.0011	0.0	0.5838	0.0009	0.0

60perc_2repeat	0.05	0.3	0.6425	0.0904	0.0128	0.1893	0.0901	0.1221	0.6719	0.5377	0.0123	0.0017	0.5612	0.0058	0.0	0.5078	0.0056	0.0
60perc_2repeat	0.1	0.2917	0.6351	0.0927	0.0131	0.2365	0.1242	0.1629	0.6715	0.5346	0.0102	0.0014	0.5572	0.004	0.0	0.5212	0.0033	0.0
60perc_2repeat	0.2	0.2775	0.6725	0.003	0.0004	0.2816	0.0027	0.0053	0.6724	0.534	0.0068	0.001	0.5564	0.0018	0.0	0.5178	0.0021	0.0
60perc_2repeat	0.4	0.2727	0.6711	0.0045	0.0006	0.3268	0.0057	0.0112	0.6717	0.5354	0.0049	0.0007	0.5583	0.0012	0.0	0.518	0.0011	0.0
60perc_2repeat	0.5	0.2704	0.6702	0.0065	0.0009	0.3356	0.0056	0.011	0.6704	0.5356	0.0044	0.0006	0.5582	0.0008	0.0	0.5162	0.001	0.0
60perc_2repeat	0.7	0.2566	0.6711	0.0093	0.0013	0.4119	0.0145	0.0281	0.6724	0.5351	0.0033	0.0005	0.5568	0.0008	0.0	0.5171	0.0008	0.0
60perc_2repeat	0.8	0.2505	0.6707	0.0117	0.0017	0.4567	0.023	0.0438	0.6699	0.5346	0.0025	0.0004	0.5569	0.0006	0.0	0.5176	0.0007	0.0
60perc_2repeat	0.9	0.2428	0.6753	0.0168	0.0024	0.4997	0.0362	0.0675	0.6801	0.5347	0.0028	0.0004	0.5568	0.0005	0.0	0.5175	0.0007	0.0
60perc_5repeat	0.05	0.3217	0.5144	0.1571	0.0222	0.2699	0.4569	0.3393	0.6321	0.5006	0.0097	0.0014	0.5199	0.0041	0.0	0.5193	0.0038	0.0
60perc_5repeat	0.1	0.2987	0.5214	0.1467	0.0207	0.2824	0.4564	0.3489	0.6063	0.5	0.0067	0.0009	0.5231	0.002	0.0	0.5197	0.0027	0.0
60perc_5repeat	0.2	0.28	0.5252	0.1362	0.0193	0.3051	0.4967	0.378	0.5842	0.5001	0.0045	0.0006	0.5217	0.0014	0.0	0.5203	0.0018	0.0
60perc_5repeat	0.4	0.2446	0.5915	0.0919	0.013	0.3845	0.4279	0.405	0.6463	0.5004	0.0044	0.0006	0.5209	0.0008	0.0	0.5201	0.0009	0.0
60perc_5repeat	0.5	0.2349	0.6213	0.0669	0.0095	0.4225	0.429	0.4257	0.6528	0.5001	0.0029	0.0004	0.5214	0.0006	0.0	0.5207	0.0007	0.0
60perc_5repeat	0.7	0.2264	0.647	0.0439	0.0062	0.4757	0.4859	0.4807	0.6608	0.4998	0.0023	0.0003	0.5205	0.0005	0.0	0.5219	0.0006	0.0
60perc_5repeat	0.8	0.2204	0.6669	0.0279	0.0039	0.497	0.3874	0.4354	0.6749	0.5008	0.0023	0.0003	0.5224	0.0005	0.0	0.5202	0.0006	0.0
60perc_5repeat	0.9	0.2213	0.6641	0.0258	0.0037	0.4948	0.4521	0.4725	0.6714	0.4998	0.0022	0.0003	0.5211	0.0005	0.0	0.5216	0.0006	0.0
60perc_10repeat	0.05	0.3362	0.4375	0.1391	0.0197	0.299	0.674	0.4142	0.3423	0.4849	0.0079	0.0011	0.506	0.0035	0.0	0.5204	0.0036	0.0
60perc_10repeat	0.1	0.3339	0.3933	0.1075	0.0152	0.3176	0.813	0.4567	0.3351	0.4845	0.0073	0.001	0.5048	0.0019	0.0	0.5232	0.0019	0.0
60perc_10repeat	0.2	0.328	0.3771	0.0892	0.0126	0.3284	0.8787	0.4781	0.3374	0.4844	0.0051	0.0007	0.5031	0.0012	0.0	0.5235	0.0013	0.0
60perc_10repeat	0.4	0.3026	0.3644	0.0461	0.0065	0.3363	0.961	0.4983	0.3471	0.4844	0.0027	0.0004	0.504	0.0007	0.0	0.5221	0.0008	0.0
60perc_10repeat	0.5	0.303	0.3609	0.0324	0.0046	0.3363	0.9704	0.4995	0.352	0.4836	0.0024	0.0003	0.5033	0.0006	0.0	0.5234	0.0005	0.0
60perc_10repeat	0.7	0.2827	0.3818	0.0366	0.0052	0.3412	0.9547	0.5027	0.3691	0.4842	0.0021	0.0003	0.504	0.0004	0.0	0.5223	0.0004	0.0
60perc_10repeat	0.8	0.2727	0.416	0.0612	0.0087	0.3531	0.9272	0.5114	0.3938	0.4847	0.0018	0.0003	0.5048	0.0005	0.0	0.5218	0.0004	0.0
60perc_10repeat	0.9	0.2719	0.4133	0.0477	0.0067	0.3553	0.941	0.5159	0.4068	0.4845	0.0019	0.0003	0.5037	0.0003	0.0	0.5229	0.0004	0.0