Label	trainingSize	SquaredLoss_Mean	Accuracy_Mean	Accuracy_SD	Accuracy_SE	Precision_Mean	Recall_Mean	F1	Accuracy_Median	PriorClass0_Mean	PriorClass0_SD	PriorClass0_SE	ProbabilityEstimate_0given0_Mean 	ProbabilityEstimate_0given0_SD 	ProbabilityEstimate_0given0_SE 	ProbabilityEstimate_1given1_Mean	ProbabilityEstimate_1given1_SD	ProbabilityEstimate_1given1_SE

original	0.9	0.0425	0.9495	0.0177	0.0013	0.9304	0.9774	0.9533	0.9507	0.4802	0.0047	0.0003	0.9029	0.0004	0.0	0.9083	0.0003	0.0
original	0.8	0.0441	0.948	0.0133	0.0009	0.9272	0.9769	0.9514	0.9475	0.4796	0.0067	0.0005	0.9023	0.0005	0.0	0.9083	0.0004	0.0
original	0.7	0.0428	0.9497	0.0096	0.0007	0.9311	0.9758	0.9529	0.9507	0.4798	0.0091	0.0006	0.9012	0.0007	0.0	0.9075	0.0006	0.0
original	0.5	0.044	0.9491	0.0069	0.0005	0.9306	0.9752	0.9524	0.9494	0.481	0.0147	0.001	0.9016	0.0011	0.0	0.9072	0.001	0.0
original	0.4	0.0448	0.9482	0.0065	0.0005	0.928	0.976	0.9514	0.9479	0.4781	0.0175	0.0012	0.9009	0.0012	0.0	0.9081	0.0011	0.0
original	0.1	0.0776	0.9156	0.1081	0.0076	0.8962	0.9639	0.9288	0.9468	0.4815	0.0433	0.0031	0.8831	0.0041	0.0	0.8962	0.0033	0.0
original	0.2	0.0467	0.9469	0.0058	0.0004	0.9267	0.9752	0.9504	0.9471	0.4776	0.0262	0.0019	0.8953	0.0025	0.0	0.9072	0.002	0.0
original	0.05	0.1605	0.832	0.1876	0.0133	0.8162	0.8878	0.8505	0.9437	0.4857	0.0662	0.0047	0.8573	0.0071	0.0	0.8774	0.0056	0.0

15perc_2repeat	0.1	0.1371	0.8532	0.1742	0.0123	0.86	0.8814	0.8706	0.9439	0.487	0.0385	0.0027	0.7541	0.0052	0.0	0.7562	0.0046	0.0
40perc_5repeat	0.1	0.2829	0.6777	0.2048	0.0145	0.6953	0.7649	0.7285	0.5282	0.4893	0.0196	0.0014	0.5688	0.0032	0.0	0.5844	0.0031	0.0
40perc_2repeat	0.1	0.2325	0.7475	0.2093	0.0148	0.7605	0.8304	0.794	0.8976	0.4878	0.0308	0.0022	0.6239	0.0042	0.0	0.6493	0.0039	0.0
30perc_2repeat	0.1	0.2121	0.7717	0.2095	0.0148	0.7844	0.8161	0.8	0.9337	0.4849	0.0299	0.0021	0.6617	0.0049	0.0	0.6759	0.0046	0.0
50perc_5repeat	0.1	0.2609	0.7006	0.2061	0.0146	0.7101	0.7994	0.7521	0.5338	0.4944	0.0177	0.0013	0.5552	0.0026	0.0	0.5718	0.0024	0.0
60perc_2repeat	0.1	0.1571	0.8309	0.1865	0.0132	0.8475	0.821	0.8341	0.9417	0.4968	0.023	0.0016	0.6416	0.0029	0.0	0.6359	0.0029	0.0
15perc_5repeat	0.1	0.1712	0.8168	0.1957	0.0138	0.832	0.8488	0.8403	0.9405	0.4821	0.0347	0.0025	0.717	0.0054	0.0	0.7286	0.0046	0.0
05perc_5repeat	0.1	0.0887	0.9037	0.1238	0.0088	0.8888	0.9284	0.9081	0.9462	0.4773	0.04	0.0028	0.8295	0.0042	0.0	0.8331	0.0043	0.0
70perc_10repeat	0.1	0.226	0.7501	0.208	0.0147	0.8087	0.7417	0.7738	0.894	0.5064	0.0162	0.0011	0.5944	0.0027	0.0	0.5882	0.0026	0.0
30perc_2repeat	0.05	0.3149	0.6607	0.2046	0.0145	0.6093	0.7179	0.6592	0.5227	0.4884	0.0453	0.0032	0.6438	0.008	0.0	0.6666	0.0079	0.0
05perc_10repeat	0.1	0.0929	0.8991	0.1305	0.0092	0.8804	0.9261	0.9027	0.9443	0.4806	0.0393	0.0028	0.8193	0.0045	0.0	0.8304	0.004	0.0
40perc_2repeat	0.05	0.3314	0.6372	0.1985	0.014	0.6232	0.6834	0.6519	0.5206	0.4874	0.0409	0.0029	0.6213	0.0072	0.0	0.6409	0.0063	0.0
15perc_2repeat	0.05	0.2334	0.7544	0.2178	0.0154	0.7301	0.7834	0.7558	0.9325	0.4885	0.0597	0.0042	0.7332	0.0091	0.0	0.7482	0.0073	0.0
90perc_2repeat	0.05	0.0542	0.9389	0.0622	0.0044	0.9176	0.9587	0.9377	0.9489	0.5053	0.0212	0.0015	0.7839	0.0046	0.0	0.7793	0.0047	0.0
30perc_5repeat	0.05	0.3602	0.6018	0.1771	0.0125	0.537	0.6487	0.5876	0.5196	0.4923	0.0403	0.0029	0.5942	0.0069	0.0	0.6051	0.0069	0.0
50perc_5repeat	0.05	0.3502	0.5883	0.1681	0.0119	0.5447	0.6236	0.5815	0.519	0.4951	0.0253	0.0018	0.5506	0.0041	0.0	0.5576	0.0042	0.0
40perc_5repeat	0.05	0.383	0.5619	0.1494	0.0106	0.5007	0.5756	0.5355	0.5172	0.4935	0.033	0.0023	0.5655	0.0056	0.0	0.5717	0.0055	0.0
100perc_5repeat	0.05	0.0573	0.9363	0.0688	0.0049	0.9236	0.9517	0.9375	0.9484	0.5162	0.0449	0.0032	0.8954	0.005	0.0	0.8897	0.0054	0.0
90perc_10repeat	0.05	0.1598	0.8282	0.1907	0.0135	0.8191	0.8423	0.8306	0.944	0.511	0.0369	0.0026	0.7432	0.0058	0.0	0.7403	0.0061	0.0
70perc_2repeat	0.1	0.0808	0.9136	0.1115	0.0079	0.9091	0.9367	0.9227	0.9475	0.4988	0.0213	0.0015	0.6728	0.0028	0.0	0.6716	0.0028	0.0
50perc_2repeat	0.1	0.1983	0.7847	0.2027	0.0143	0.7962	0.8411	0.818	0.9358	0.4912	0.025	0.0018	0.6227	0.0035	0.0	0.6384	0.0031	0.0
70perc_2repeat	0.05	0.1892	0.7915	0.2041	0.0144	0.7794	0.8151	0.7968	0.9383	0.4973	0.0268	0.0019	0.6581	0.0044	0.0	0.6601	0.0047	0.0
100perc_2repeat	0.05	0.0501	0.9435	0.0458	0.0032	0.93	0.9658	0.9476	0.9494	0.508	0.0215	0.0015	0.8954	0.0053	0.0	0.8906	0.0056	0.0
60perc_10repeat	0.1	0.2779	0.6707	0.2004	0.0142	0.7323	0.6288	0.6766	0.5335	0.5006	0.0124	0.0009	0.5482	0.0017	0.0	0.5446	0.0018	0.0
30perc_10repeat	0.05	0.3581	0.6	0.1725	0.0122	0.5614	0.6865	0.6177	0.5191	0.4901	0.0331	0.0023	0.5601	0.0069	0.0	0.5988	0.006	0.0
50perc_10repeat	0.05	0.354	0.5467	0.1214	0.0086	0.4968	0.5648	0.5287	0.5188	0.4962	0.0193	0.0014	0.5235	0.0029	0.0	0.5294	0.003	0.0
15perc_10repeat	0.05	0.2805	0.7025	0.2151	0.0152	0.6636	0.7266	0.6936	0.5272	0.4852	0.0508	0.0036	0.6955	0.0075	0.0	0.7011	0.0072	0.0
40perc_10repeat	0.05	0.3795	0.5455	0.1259	0.0089	0.4816	0.585	0.5283	0.5167	0.4909	0.0242	0.0017	0.5325	0.0048	0.0	0.5498	0.0044	0.0
05perc_2repeat	0.1	0.0802	0.9123	0.1119	0.0079	0.9043	0.9534	0.9282	0.9468	0.4837	0.0386	0.0027	0.8371	0.0048	0.0	0.8496	0.0036	0.0
90perc_2repeat	0.1	0.0443	0.949	0.0035	0.0002	0.9314	0.9739	0.9521	0.9492	0.5039	0.015	0.0011	0.8032	0.0028	0.0	0.8017	0.0031	0.0
90perc_5repeat	0.1	0.0531	0.9403	0.0555	0.0039	0.9314	0.9555	0.9433	0.9483	0.5104	0.023	0.0016	0.7798	0.0031	0.0	0.773	0.0034	0.0
90perc_10repeat	0.1	0.0756	0.9175	0.113	0.008	0.9287	0.9046	0.9165	0.9486	0.5157	0.0264	0.0019	0.7713	0.0035	0.0	0.7426	0.0038	0.0
05perc_10repeat	0.05	0.1888	0.8013	0.2041	0.0144	0.7981	0.8128	0.8054	0.9413	0.4772	0.0566	0.004	0.8055	0.0073	0.0	0.809	0.0072	0.0
60perc_5repeat	0.05	0.3062	0.6433	0.1994	0.0141	0.6228	0.593	0.6075	0.5219	0.5004	0.022	0.0016	0.5747	0.0037	0.0	0.5638	0.0036	0.0
100perc_2repeat	0.1	0.0442	0.9496	0.0034	0.0002	0.932	0.9742	0.9526	0.9498	0.5083	0.0125	0.0009	0.9019	0.0028	0.0	0.899	0.003	0.0
30perc_5repeat	0.1	0.2806	0.6908	0.21	0.0148	0.734	0.7788	0.7557	0.5299	0.4863	0.0277	0.002	0.5927	0.0048	0.0	0.6292	0.0039	0.0
60perc_5repeat	0.1	0.2162	0.7584	0.2089	0.0148	0.7966	0.7781	0.7872	0.9177	0.4985	0.0155	0.0011	0.5738	0.0021	0.0	0.5773	0.0022	0.0
70perc_5repeat	0.1	0.1159	0.8788	0.1504	0.0106	0.8846	0.8865	0.8855	0.9455	0.5032	0.0169	0.0012	0.6177	0.0024	0.0	0.6161	0.0025	0.0
30perc_10repeat	0.1	0.282	0.6865	0.2113	0.0149	0.6912	0.7452	0.7172	0.526	0.4882	0.0232	0.0016	0.5828	0.0042	0.0	0.6004	0.0038	0.0
15perc_10repeat	0.1	0.1531	0.8359	0.1847	0.0131	0.8456	0.8676	0.8565	0.9429	0.4869	0.0317	0.0022	0.7011	0.0041	0.0	0.7111	0.0043	0.0
40perc_10repeat	0.1	0.3424	0.5906	0.1682	0.0119	0.5784	0.639	0.6072	0.5194	0.4944	0.0166	0.0012	0.5441	0.003	0.0	0.5474	0.0027	0.0
05perc_5repeat	0.05	0.1943	0.7969	0.2061	0.0146	0.8013	0.8251	0.813	0.9416	0.4879	0.0595	0.0042	0.8166	0.0076	0.0	0.8275	0.0064	0.0
90perc_5repeat	0.05	0.1168	0.8729	0.1556	0.011	0.8775	0.8695	0.8735	0.947	0.5098	0.0304	0.0021	0.7639	0.0047	0.0	0.7494	0.0051	0.0
60perc_2repeat	0.05	0.2837	0.6857	0.2138	0.0151	0.65	0.6812	0.6652	0.525	0.5007	0.0316	0.0022	0.6321	0.0049	0.0	0.6268	0.0051	0.0
60perc_10repeat	0.05	0.3353	0.5765	0.1563	0.0111	0.5481	0.6008	0.5733	0.5218	0.502	0.0163	0.0011	0.5373	0.0026	0.0	0.5378	0.0028	0.0
70perc_10repeat	0.05	0.3262	0.625	0.1922	0.0136	0.5975	0.6157	0.6065	0.5238	0.5067	0.0218	0.0015	0.5831	0.0039	0.0	0.5751	0.0041	0.0
50perc_10repeat	0.1	0.3311	0.5801	0.1515	0.0107	0.5799	0.6382	0.6076	0.5215	0.4976	0.013	0.0009	0.5286	0.0019	0.0	0.5347	0.0019	0.0
15perc_5repeat	0.05	0.2791	0.7038	0.2134	0.0151	0.6973	0.794	0.7425	0.5289	0.477	0.0489	0.0035	0.681	0.0091	0.0	0.731	0.0065	0.0
05perc_2repeat	0.05	0.1849	0.8058	0.1995	0.0141	0.7894	0.8571	0.8219	0.9397	0.4801	0.0602	0.0043	0.8137	0.0086	0.0	0.8376	0.0069	0.0
70perc_5repeat	0.05	0.2578	0.7114	0.2138	0.0151	0.724	0.672	0.6971	0.6105	0.5027	0.0236	0.0017	0.6121	0.0036	0.0	0.606	0.004	0.0
50perc_2repeat	0.05	0.32	0.6463	0.2045	0.0145	0.6281	0.6745	0.6505	0.5208	0.4886	0.0359	0.0025	0.6081	0.0062	0.0	0.6232	0.0055	0.0
05perc_2repeat	0.2	0.0526	0.9403	0.0522	0.0037	0.9201	0.9757	0.9471	0.947	0.4773	0.0266	0.0019	0.8411	0.0028	0.0	0.8579	0.0024	0.0
15perc_2repeat	0.2	0.0613	0.9315	0.0754	0.0053	0.9132	0.968	0.9398	0.947	0.4828	0.025	0.0018	0.7599	0.0034	0.0	0.7696	0.0029	0.0
40perc_2repeat	0.2	0.1195	0.8727	0.1547	0.0109	0.8613	0.937	0.8976	0.9428	0.4868	0.0203	0.0014	0.6276	0.0027	0.0	0.6497	0.0026	0.0
05perc_5repeat	0.2	0.0501	0.9427	0.038	0.0027	0.9235	0.9743	0.9483	0.9477	0.4814	0.0283	0.002	0.8319	0.003	0.0	0.842	0.0023	0.0
30perc_2repeat	0.2	0.0969	0.8957	0.1309	0.0093	0.8869	0.9396	0.9125	0.9449	0.4876	0.0207	0.0015	0.6643	0.0031	0.0	0.6811	0.003	0.0
15perc_5repeat	0.2	0.0706	0.9224	0.0922	0.0065	0.9038	0.9701	0.9357	0.9453	0.4829	0.0227	0.0016	0.7217	0.0032	0.0	0.7428	0.0026	0.0
60perc_2repeat	0.2	0.0598	0.9403	0.0361	0.0026	0.9227	0.9686	0.9451	0.9469	0.497	0.0163	0.0012	0.6424	0.0017	0.0	0.6465	0.0018	0.0
50perc_2repeat	0.2	0.0865	0.9104	0.1108	0.0078	0.9085	0.9372	0.9226	0.9456	0.4929	0.0167	0.0012	0.6311	0.0021	0.0	0.6365	0.0021	0.0
30perc_5repeat	0.2	0.1648	0.8213	0.1914	0.0135	0.8259	0.9	0.8613	0.9381	0.4868	0.0185	0.0013	0.6073	0.0029	0.0	0.6276	0.0027	0.0
40perc_5repeat	0.2	0.2368	0.7325	0.211	0.0149	0.7764	0.8008	0.7884	0.833	0.4933	0.0145	0.001	0.5699	0.0023	0.0	0.5835	0.0023	0.0
50perc_5repeat	0.2	0.1972	0.7818	0.2053	0.0145	0.8093	0.8153	0.8123	0.924	0.4952	0.0136	0.001	0.5629	0.0017	0.0	0.5678	0.0017	0.0
05perc_10repeat	0.2	0.0464	0.9467	0.008	0.0006	0.9278	0.974	0.9503	0.9472	0.4827	0.0265	0.0019	0.8274	0.0025	0.0	0.834	0.0023	0.0
100perc_5repeat	0.1	0.0445	0.9492	0.0043	0.0003	0.9335	0.972	0.9523	0.9494	0.5147	0.0295	0.0021	0.913	0.0025	0.0	0.9057	0.0031	0.0
60perc_5repeat	0.2	0.1097	0.8919	0.1356	0.0096	0.8891	0.9147	0.9017	0.9448	0.5004	0.0111	0.0008	0.5785	0.0014	0.0	0.5802	0.0014	0.0
15perc_10repeat	0.2	0.0851	0.9075	0.1141	0.0081	0.901	0.949	0.9244	0.9445	0.4817	0.0228	0.0016	0.7048	0.0034	0.0	0.721	0.0032	0.0
100perc_10repeat	0.1	0.0472	0.9466	0.0331	0.0023	0.9323	0.9668	0.9492	0.9494	0.5192	0.0365	0.0026	0.9034	0.003	0.0	0.897	0.0035	0.0
30perc_10repeat	0.2	0.1964	0.7831	0.2046	0.0145	0.8072	0.847	0.8266	0.9268	0.4905	0.0144	0.001	0.5837	0.0027	0.0	0.6009	0.0025	0.0
40perc_10repeat	0.2	0.2509	0.7083	0.21	0.0148	0.7495	0.7706	0.76	0.5396	0.4948	0.0123	0.0009	0.5443	0.0019	0.0	0.5544	0.0019	0.0
70perc_2repeat	0.2	0.0508	0.9475	0.0131	0.0009	0.9309	0.9708	0.9504	0.9491	0.5002	0.0142	0.001	0.6781	0.0018	0.0	0.6758	0.0016	0.0
50perc_10repeat	0.2	0.254	0.6926	0.2061	0.0146	0.7349	0.7304	0.7327	0.5458	0.4983	0.0096	0.0007	0.5349	0.0013	0.0	0.5372	0.0013	0.0
90perc_2repeat	0.2	0.0437	0.9497	0.0041	0.0003	0.9325	0.9739	0.9527	0.9498	0.5044	0.0105	0.0007	0.8047	0.0019	0.0	0.8012	0.0018	0.0
100perc_2repeat	0.2	0.0441	0.9498	0.0038	0.0003	0.933	0.9735	0.9528	0.95	0.5074	0.0096	0.0007	0.9063	0.0017	0.0	0.9041	0.0018	0.0
70perc_5repeat	0.2	0.0694	0.9346	0.0754	0.0053	0.9264	0.9501	0.9381	0.9483	0.5033	0.0123	0.0009	0.6227	0.0016	0.0	0.6153	0.0017	0.0
90perc_5repeat	0.2	0.0441	0.9495	0.0047	0.0003	0.9343	0.9715	0.9525	0.9495	0.5119	0.0158	0.0011	0.7863	0.002	0.0	0.7777	0.0022	0.0
60perc_10repeat	0.2	0.1833	0.801	0.1964	0.0139	0.8421	0.7728	0.806	0.9295	0.5024	0.0092	0.0006	0.5514	0.0013	0.0	0.547	0.0013	0.0
100perc_5repeat	0.2	0.0444	0.9494	0.0044	0.0003	0.9334	0.9721	0.9524	0.9498	0.5161	0.0197	0.0014	0.9086	0.0018	0.0	0.9046	0.0019	0.0
70perc_10repeat	0.2	0.1162	0.8821	0.151	0.0107	0.9071	0.8633	0.8847	0.9461	0.5057	0.0109	0.0008	0.5987	0.0017	0.0	0.5877	0.0018	0.0
05perc_2repeat	0.4	0.0447	0.9481	0.0062	0.0004	0.9284	0.9757	0.9515	0.9485	0.4811	0.016	0.0011	0.8467	0.0016	0.0	0.8593	0.0015	0.0
90perc_10repeat	0.2	0.047	0.947	0.0326	0.0023	0.9332	0.9662	0.9495	0.9497	0.5117	0.0185	0.0013	0.7697	0.0022	0.0	0.7619	0.0023	0.0
15perc_2repeat	0.4	0.0464	0.9478	0.007	0.0005	0.9278	0.9758	0.9512	0.9479	0.4837	0.0159	0.0011	0.7581	0.0019	0.0	0.772	0.0017	0.0
100perc_10repeat	0.2	0.0441	0.9496	0.0048	0.0003	0.9336	0.9725	0.9527	0.9495	0.5154	0.0247	0.0017	0.9073	0.0019	0.0	0.903	0.0021	0.0
05perc_5repeat	0.4	0.0451	0.9482	0.0065	0.0005	0.9293	0.9749	0.9515	0.9482	0.4814	0.0166	0.0012	0.837	0.0017	0.0	0.844	0.0016	0.0
15perc_5repeat	0.4	0.0479	0.9474	0.008	0.0006	0.9271	0.9756	0.9507	0.9479	0.4831	0.0153	0.0011	0.7258	0.0018	0.0	0.7383	0.0017	0.0
15perc_10repeat	0.4	0.0487	0.947	0.0088	0.0006	0.9265	0.9758	0.9505	0.9483	0.4858	0.0134	0.0009	0.7091	0.0019	0.0	0.723	0.0017	0.0
05perc_10repeat	0.4	0.045	0.9477	0.0073	0.0005	0.9269	0.9765	0.951	0.9481	0.4805	0.0156	0.0011	0.827	0.0016	0.0	0.8412	0.0014	0.0
05perc_2repeat	0.5	0.0445	0.9481	0.0068	0.0005	0.9281	0.9762	0.9515	0.9479	0.4824	0.0147	0.001	0.8502	0.0014	0.0	0.8593	0.0012	0.0
15perc_2repeat	0.5	0.046	0.9481	0.0078	0.0006	0.9287	0.9751	0.9513	0.9486	0.4827	0.0141	0.001	0.76	0.0018	0.0	0.7732	0.0016	0.0
30perc_2repeat	0.5	0.0554	0.9426	0.0432	0.0031	0.9237	0.9743	0.9483	0.9464	0.4876	0.0117	0.0008	0.6718	0.0016	0.0	0.6824	0.0017	0.0
40perc_2repeat	0.5	0.055	0.9469	0.0106	0.0008	0.9265	0.9756	0.9504	0.9482	0.4899	0.0113	0.0008	0.6366	0.0014	0.0	0.6507	0.0014	0.0
100perc_2repeat	0.4	0.0433	0.9508	0.006	0.0004	0.9352	0.973	0.9537	0.951	0.5069	0.0056	0.0004	0.9042	0.0009	0.0	0.9022	0.001	0.0
50perc_2repeat	0.5	0.0563	0.9469	0.0094	0.0007	0.9277	0.974	0.9503	0.9482	0.4929	0.0116	0.0008	0.629	0.0013	0.0	0.6384	0.0013	0.0
05perc_5repeat	0.5	0.0443	0.9485	0.008	0.0006	0.9293	0.9753	0.9517	0.9484	0.4815	0.0136	0.001	0.8372	0.0013	0.0	0.845	0.0012	0.0
90perc_5repeat	0.4	0.0433	0.9508	0.0061	0.0004	0.9364	0.9718	0.9538	0.951	0.5102	0.01	0.0007	0.7857	0.0012	0.0	0.7781	0.0013	0.0
15perc_5repeat	0.5	0.0473	0.9482	0.0081	0.0006	0.9289	0.9755	0.9516	0.9485	0.4857	0.0123	0.0009	0.7258	0.0016	0.0	0.7396	0.0014	0.0
30perc_5repeat	0.5	0.0641	0.9393	0.0445	0.0031	0.918	0.9748	0.9455	0.9466	0.4895	0.0103	0.0007	0.6137	0.0016	0.0	0.6283	0.0014	0.0
30perc_2repeat	0.4	0.0528	0.9454	0.011	0.0008	0.9262	0.973	0.949	0.947	0.4852	0.0144	0.001	0.6711	0.0019	0.0	0.6819	0.0019	0.0
100perc_5repeat	0.4	0.0434	0.9506	0.0056	0.0004	0.9356	0.9721	0.9535	0.9504	0.5133	0.0122	0.0009	0.9075	0.0011	0.0	0.9036	0.0012	0.0
40perc_5repeat	0.5	0.0802	0.9289	0.0741	0.0052	0.9091	0.9645	0.936	0.946	0.4932	0.0087	0.0006	0.5756	0.0012	0.0	0.5841	0.0011	0.0
60perc_2repeat	0.5	0.0537	0.9487	0.0079	0.0006	0.9304	0.9741	0.9518	0.9478	0.4955	0.0101	0.0007	0.6414	0.0011	0.0	0.6472	0.0011	0.0
40perc_2repeat	0.4	0.0576	0.9436	0.0312	0.0022	0.9262	0.9721	0.9486	0.9474	0.493	0.0126	0.0009	0.6408	0.0018	0.0	0.6457	0.0017	0.0
50perc_2repeat	0.4	0.0615	0.9405	0.0431	0.003	0.922	0.9724	0.9465	0.9469	0.4928	0.0133	0.0009	0.6301	0.0015	0.0	0.6389	0.0016	0.0
70perc_2repeat	0.5	0.0484	0.9506	0.0068	0.0005	0.9351	0.973	0.9537	0.9506	0.4998	0.0097	0.0007	0.6783	0.0011	0.0	0.6779	0.001	0.0
90perc_10repeat	0.4	0.043	0.951	0.006	0.0004	0.9373	0.9709	0.9538	0.951	0.5139	0.0113	0.0008	0.7773	0.0014	0.0	0.7655	0.0015	0.0
50perc_5repeat	0.5	0.0824	0.9313	0.0682	0.0048	0.9155	0.9659	0.94	0.9457	0.4971	0.0075	0.0005	0.5645	0.001	0.0	0.569	0.001	0.0
05perc_10repeat	0.5	0.0445	0.9482	0.0075	0.0005	0.9293	0.9747	0.9515	0.9488	0.4814	0.0133	0.0009	0.8305	0.0012	0.0	0.841	0.0012	0.0
60perc_2repeat	0.4	0.0546	0.947	0.0084	0.0006	0.9272	0.9748	0.9504	0.9473	0.4944	0.0106	0.0007	0.6405	0.0012	0.0	0.6489	0.0011	0.0
70perc_2repeat	0.4	0.0495	0.9492	0.0066	0.0005	0.932	0.9739	0.9525	0.9492	0.4988	0.01	0.0007	0.6775	0.0012	0.0	0.6776	0.0012	0.0
100perc_10repeat	0.4	0.0433	0.9509	0.006	0.0004	0.9369	0.9712	0.9537	0.9509	0.5174	0.013	0.0009	0.9075	0.0011	0.0	0.8995	0.0013	0.0
30perc_5repeat	0.4	0.0784	0.9218	0.0892	0.0063	0.9037	0.963	0.9324	0.944	0.4891	0.0122	0.0009	0.6122	0.0018	0.0	0.6276	0.0017	0.0
90perc_2repeat	0.4	0.0429	0.9508	0.0055	0.0004	0.9353	0.9727	0.9537	0.9511	0.5044	0.0082	0.0006	0.8083	0.0011	0.0	0.8055	0.0013	0.0
90perc_2repeat	0.5	0.0431	0.9504	0.0063	0.0004	0.9341	0.9734	0.9533	0.9507	0.5033	0.0055	0.0004	0.807	0.001	0.0	0.8052	0.001	0.0
15perc_10repeat	0.5	0.0489	0.9469	0.0087	0.0006	0.9283	0.9737	0.9504	0.9472	0.4865	0.0105	0.0007	0.7106	0.0017	0.0	0.7232	0.0016	0.0
30perc_10repeat	0.5	0.0744	0.9324	0.0673	0.0048	0.9138	0.9689	0.9405	0.9444	0.4898	0.0084	0.0006	0.5907	0.0014	0.0	0.6002	0.0014	0.0
40perc_5repeat	0.4	0.0962	0.9068	0.11	0.0078	0.8903	0.9609	0.9243	0.9427	0.4925	0.0105	0.0007	0.5749	0.0014	0.0	0.5862	0.0013	0.0
60perc_5repeat	0.5	0.0678	0.947	0.0097	0.0007	0.9313	0.9703	0.9504	0.9478	0.4996	0.0069	0.0005	0.5803	0.0009	0.0	0.58	0.0009	0.0
70perc_5repeat	0.5	0.0565	0.9497	0.0066	0.0005	0.9351	0.9713	0.9529	0.9501	0.5031	0.0069	0.0005	0.6222	0.0008	0.0	0.6181	0.0009	0.0
40perc_10repeat	0.5	0.1095	0.8978	0.12	0.0085	0.8915	0.9406	0.9154	0.9399	0.4953	0.0067	0.0005	0.5488	0.001	0.0	0.5537	0.001	0.0
50perc_10repeat	0.5	0.1293	0.8737	0.1393	0.0099	0.8715	0.9289	0.8993	0.9339	0.4987	0.0061	0.0004	0.5342	0.0007	0.0	0.5374	0.0007	0.0
05perc_2repeat	0.7	0.0436	0.9486	0.0099	0.0007	0.9297	0.975	0.9518	0.9483	0.4809	0.0096	0.0007	0.8489	0.0009	0.0	0.8582	0.0008	0.0
50perc_5repeat	0.4	0.0959	0.9133	0.108	0.0076	0.9085	0.9423	0.9251	0.9452	0.4975	0.0086	0.0006	0.5656	0.001	0.0	0.5679	0.0011	0.0
05perc_5repeat	0.7	0.0439	0.9486	0.0094	0.0007	0.9291	0.9762	0.9521	0.9483	0.4815	0.0082	0.0006	0.8385	0.0009	0.0	0.8469	0.0008	0.0
60perc_5repeat	0.4	0.0713	0.9432	0.0423	0.003	0.9301	0.9661	0.9477	0.948	0.4995	0.0083	0.0006	0.58	0.0009	0.0	0.5788	0.001	0.0
70perc_5repeat	0.4	0.0569	0.9492	0.0073	0.0005	0.9343	0.9714	0.9525	0.9495	0.503	0.0081	0.0006	0.6221	0.0011	0.0	0.6195	0.0012	0.0
15perc_2repeat	0.7	0.045	0.9488	0.0096	0.0007	0.9283	0.9765	0.9518	0.9486	0.4828	0.0091	0.0006	0.7596	0.0011	0.0	0.7733	0.001	0.0
60perc_10repeat	0.5	0.0878	0.9343	0.0588	0.0042	0.9262	0.9523	0.9391	0.9457	0.5014	0.0059	0.0004	0.5513	0.0007	0.0	0.5498	0.0007	0.0
100perc_2repeat	0.5	0.0439	0.9501	0.0065	0.0005	0.9347	0.9726	0.9533	0.9497	0.506	0.0051	0.0004	0.9072	0.0007	0.0	0.9059	0.0008	0.0
30perc_10repeat	0.4	0.1051	0.8928	0.1322	0.0093	0.881	0.9455	0.9121	0.9409	0.4898	0.0095	0.0007	0.586	0.0019	0.0	0.6033	0.0017	0.0
40perc_10repeat	0.4	0.1591	0.8284	0.1828	0.0129	0.8372	0.9014	0.8681	0.9352	0.4948	0.0079	0.0006	0.5469	0.0012	0.0	0.5542	0.0012	0.0
70perc_10repeat	0.5	0.0626	0.9497	0.0078	0.0006	0.9381	0.9676	0.9526	0.9506	0.5057	0.0067	0.0005	0.5978	0.001	0.0	0.5912	0.0011	0.0
30perc_2repeat	0.7	0.0496	0.9492	0.0105	0.0007	0.9304	0.9751	0.9522	0.9495	0.4889	0.009	0.0006	0.6706	0.0011	0.0	0.684	0.0011	0.0
90perc_5repeat	0.5	0.0424	0.9519	0.0071	0.0005	0.9375	0.9725	0.9547	0.9523	0.511	0.009	0.0006	0.7866	0.001	0.0	0.7788	0.0011	0.0
100perc_5repeat	0.5	0.0428	0.9517	0.0064	0.0005	0.9377	0.972	0.9545	0.9523	0.5136	0.01	0.0007	0.9074	0.0008	0.0	0.903	0.0009	0.0
40perc_2repeat	0.7	0.0534	0.949	0.0098	0.0007	0.9307	0.9751	0.9524	0.949	0.491	0.0087	0.0006	0.6406	0.001	0.0	0.6496	0.0009	0.0
50perc_10repeat	0.4	0.1573	0.8306	0.1749	0.0124	0.8526	0.861	0.8568	0.9254	0.4981	0.007	0.0005	0.5351	0.0008	0.0	0.5367	0.0009	0.0
90perc_10repeat	0.5	0.0427	0.952	0.0067	0.0005	0.9378	0.9725	0.9548	0.9521	0.5126	0.01	0.0007	0.7749	0.001	0.0	0.7652	0.0012	0.0
60perc_10repeat	0.4	0.0973	0.9193	0.0925	0.0065	0.921	0.9274	0.9242	0.9433	0.5022	0.0068	0.0005	0.552	0.0008	0.0	0.5487	0.0008	0.0
70perc_10repeat	0.4	0.0648	0.9469	0.0309	0.0022	0.9369	0.9637	0.9501	0.9494	0.5049	0.0073	0.0005	0.5975	0.0011	0.0	0.5912	0.0011	0.0
50perc_2repeat	0.7	0.055	0.9485	0.0098	0.0007	0.9302	0.9744	0.9518	0.9479	0.493	0.0088	0.0006	0.6311	0.0009	0.0	0.6392	0.0008	0.0
15perc_5repeat	0.7	0.0457	0.9496	0.0105	0.0007	0.9298	0.9769	0.9528	0.9508	0.4844	0.0087	0.0006	0.7259	0.0011	0.0	0.7397	0.0011	0.0
60perc_2repeat	0.7	0.0529	0.9498	0.0099	0.0007	0.9333	0.9733	0.9529	0.9495	0.4966	0.0077	0.0005	0.643	0.0008	0.0	0.6474	0.0008	0.0
30perc_5repeat	0.7	0.0589	0.9464	0.011	0.0008	0.9261	0.9753	0.9501	0.9457	0.4901	0.0068	0.0005	0.6146	0.0011	0.0	0.6278	0.001	0.0
15perc_2repeat	0.8	0.0436	0.95	0.0131	0.0009	0.9317	0.9754	0.953	0.9507	0.4832	0.0078	0.0006	0.7642	0.001	0.0	0.7743	0.001	0.0
40perc_5repeat	0.7	0.0681	0.9464	0.0127	0.0009	0.9268	0.9746	0.9501	0.947	0.4939	0.0069	0.0005	0.5765	0.0008	0.0	0.5849	0.0008	0.0
30perc_2repeat	0.8	0.0494	0.9498	0.0137	0.001	0.9305	0.9767	0.9531	0.9507	0.4882	0.0084	0.0006	0.6705	0.001	0.0	0.6847	0.0009	0.0
90perc_2repeat	0.7	0.0428	0.9512	0.0095	0.0007	0.9365	0.9721	0.954	0.9507	0.5043	0.0055	0.0004	0.8096	0.0008	0.0	0.8067	0.0008	0.0
60perc_5repeat	0.7	0.0667	0.9494	0.01	0.0007	0.9344	0.9718	0.9527	0.9497	0.5	0.0063	0.0004	0.5793	0.0007	0.0	0.581	0.0007	0.0
40perc_2repeat	0.8	0.0535	0.9485	0.0123	0.0009	0.9292	0.9751	0.9516	0.9477	0.491	0.0078	0.0005	0.6414	0.0008	0.0	0.65	0.0008	0.0
05perc_5repeat	0.8	0.0435	0.9489	0.0114	0.0008	0.9312	0.9745	0.9524	0.9506	0.4823	0.0073	0.0005	0.8389	0.0007	0.0	0.8469	0.0007	0.0
30perc_5repeat	0.8	0.0572	0.9489	0.0137	0.001	0.9295	0.9762	0.9523	0.9498	0.4909	0.0067	0.0005	0.615	0.0009	0.0	0.6274	0.0009	0.0
90perc_5repeat	0.7	0.0418	0.9531	0.0096	0.0007	0.9396	0.9727	0.9559	0.9537	0.5101	0.0063	0.0004	0.7885	0.0008	0.0	0.7792	0.0009	0.0
05perc_2repeat	0.8	0.0424	0.95	0.0122	0.0009	0.931	0.9763	0.9531	0.9509	0.4812	0.0081	0.0006	0.8512	0.0008	0.0	0.8583	0.0007	0.0
15perc_10repeat	0.7	0.0472	0.9488	0.0102	0.0007	0.9287	0.9763	0.9519	0.9507	0.4844	0.0085	0.0006	0.7099	0.001	0.0	0.7248	0.001	0.0
100perc_5repeat	0.7	0.0421	0.9526	0.0097	0.0007	0.9403	0.9713	0.9555	0.9535	0.5129	0.0056	0.0004	0.9066	0.0006	0.0	0.9033	0.0006	0.0
15perc_2repeat	0.9	0.0436	0.9492	0.0173	0.0012	0.9301	0.9761	0.9525	0.95	0.4841	0.0064	0.0005	0.761	0.0007	0.0	0.7727	0.0007	0.0
60perc_2repeat	0.8	0.052	0.9518	0.0125	0.0009	0.9356	0.9747	0.9548	0.952	0.4951	0.0083	0.0006	0.6429	0.0009	0.0	0.6482	0.0009	0.0
70perc_5repeat	0.7	0.055	0.9521	0.0091	0.0006	0.9385	0.9722	0.955	0.953	0.504	0.006	0.0004	0.6235	0.0007	0.0	0.6182	0.0007	0.0
100perc_10repeat	0.5	0.0426	0.9516	0.0063	0.0004	0.9372	0.9723	0.9544	0.9517	0.5169	0.0125	0.0009	0.9078	0.0009	0.0	0.9032	0.0009	0.0
30perc_10repeat	0.7	0.0646	0.9459	0.0125	0.0009	0.9256	0.9749	0.9496	0.9465	0.4909	0.0058	0.0004	0.5895	0.001	0.0	0.6017	0.0009	0.0
50perc_2repeat	0.8	0.0545	0.9502	0.0118	0.0008	0.9319	0.9753	0.9531	0.9502	0.493	0.0075	0.0005	0.6304	0.0008	0.0	0.6391	0.0007	0.0
40perc_10repeat	0.7	0.0868	0.9328	0.0562	0.004	0.9112	0.9732	0.9412	0.9422	0.4951	0.0049	0.0003	0.5476	0.0007	0.0	0.5549	0.0007	0.0
70perc_2repeat	0.7	0.048	0.951	0.009	0.0006	0.9345	0.9743	0.954	0.9507	0.4991	0.0073	0.0005	0.6783	0.0008	0.0	0.6788	0.0008	0.0
05perc_10repeat	0.7	0.0434	0.9492	0.0101	0.0007	0.9302	0.9762	0.9526	0.949	0.4822	0.0085	0.0006	0.8324	0.0008	0.0	0.841	0.0007	0.0
30perc_2repeat	0.9	0.0491	0.9493	0.0188	0.0013	0.9298	0.9762	0.9525	0.9508	0.4881	0.0069	0.0005	0.673	0.0008	0.0	0.6844	0.0008	0.0
50perc_10repeat	0.7	0.0997	0.9219	0.0602	0.0043	0.902	0.9621	0.931	0.9338	0.4975	0.0047	0.0003	0.5339	0.0006	0.0	0.5385	0.0006	0.0
05perc_2repeat	0.9	0.0434	0.948	0.0188	0.0013	0.9277	0.9757	0.9511	0.9508	0.481	0.0055	0.0004	0.8496	0.0007	0.0	0.8581	0.0005	0.0
100perc_2repeat	0.7	0.0425	0.9523	0.0099	0.0007	0.9375	0.9732	0.955	0.9526	0.5069	0.0031	0.0002	0.9061	0.0005	0.0	0.9042	0.0005	0.0
90perc_2repeat	0.8	0.0415	0.9524	0.0121	0.0009	0.9395	0.972	0.9555	0.9524	0.5042	0.0044	0.0003	0.8079	0.0007	0.0	0.8056	0.0007	0.0
05perc_5repeat	0.9	0.0432	0.9483	0.0198	0.0014	0.9273	0.9775	0.9517	0.9507	0.4814	0.005	0.0004	0.8369	0.0006	0.0	0.8455	0.0005	0.0
05perc_10repeat	0.8	0.0443	0.9478	0.014	0.001	0.9272	0.9761	0.951	0.9474	0.4813	0.0071	0.0005	0.831	0.0007	0.0	0.8419	0.0006	0.0
70perc_10repeat	0.7	0.061	0.9517	0.0089	0.0006	0.9395	0.9701	0.9545	0.9519	0.5053	0.0051	0.0004	0.5991	0.0007	0.0	0.5924	0.0008	0.0
15perc_5repeat	0.9	0.0459	0.9476	0.0195	0.0014	0.9285	0.9752	0.9513	0.9508	0.4846	0.0051	0.0004	0.7266	0.0007	0.0	0.7391	0.0007	0.0
70perc_2repeat	0.8	0.0481	0.9507	0.0129	0.0009	0.9361	0.9715	0.9535	0.9511	0.4995	0.0067	0.0005	0.6782	0.0008	0.0	0.6781	0.0008	0.0
50perc_5repeat	0.7	0.0733	0.9452	0.0137	0.001	0.9272	0.972	0.9491	0.9472	0.4966	0.0067	0.0005	0.5639	0.0008	0.0	0.5704	0.0008	0.0
70perc_5repeat	0.8	0.0556	0.9517	0.0112	0.0008	0.9393	0.9705	0.9547	0.9517	0.5028	0.006	0.0004	0.6233	0.0008	0.0	0.6197	0.0007	0.0
15perc_5repeat	0.8	0.0465	0.9482	0.0126	0.0009	0.9275	0.9771	0.9516	0.9489	0.4845	0.0064	0.0005	0.7267	0.001	0.0	0.7409	0.0008	0.0
30perc_10repeat	0.8	0.0642	0.9467	0.0144	0.001	0.9253	0.9757	0.9498	0.9483	0.4903	0.0057	0.0004	0.5882	0.0009	0.0	0.602	0.0008	0.0
50perc_2repeat	0.9	0.0555	0.9468	0.0183	0.0013	0.9268	0.9744	0.95	0.95	0.4929	0.0068	0.0005	0.6309	0.0007	0.0	0.6385	0.0007	0.0
40perc_2repeat	0.9	0.0529	0.949	0.0181	0.0013	0.927	0.978	0.9518	0.9508	0.4895	0.0067	0.0005	0.6387	0.0008	0.0	0.6519	0.0007	0.0
60perc_5repeat	0.8	0.0652	0.9514	0.013	0.0009	0.9371	0.9718	0.9541	0.9516	0.5001	0.006	0.0004	0.5813	0.0006	0.0	0.58	0.0006	0.0
15perc_10repeat	0.8	0.0473	0.9481	0.0129	0.0009	0.9295	0.9738	0.9511	0.948	0.4847	0.0069	0.0005	0.7105	0.0009	0.0	0.7244	0.0008	0.0
60perc_2repeat	0.9	0.0528	0.9485	0.0185	0.0013	0.9313	0.9726	0.9515	0.9508	0.4949	0.0073	0.0005	0.6419	0.0007	0.0	0.6487	0.0007	0.0
40perc_10repeat	0.8	0.0818	0.9402	0.0202	0.0014	0.9165	0.9753	0.945	0.9426	0.4941	0.005	0.0004	0.5471	0.0006	0.0	0.5556	0.0006	0.0
90perc_5repeat	0.8	0.0417	0.9534	0.0117	0.0008	0.9413	0.9719	0.9564	0.9547	0.5097	0.005	0.0004	0.7867	0.0007	0.0	0.7804	0.0007	0.0
100perc_5repeat	0.8	0.0432	0.9519	0.0125	0.0009	0.9393	0.9701	0.9545	0.953	0.5139	0.0044	0.0003	0.9083	0.0004	0.0	0.9036	0.0005	0.0
40perc_5repeat	0.8	0.0681	0.9461	0.0144	0.001	0.9252	0.9754	0.9496	0.9464	0.493	0.0065	0.0005	0.5768	0.0008	0.0	0.5841	0.0008	0.0
100perc_2repeat	0.8	0.0422	0.953	0.0129	0.0009	0.9401	0.9714	0.9555	0.9538	0.5068	0.0026	0.0002	0.9072	0.0004	0.0	0.9052	0.0004	0.0
90perc_2repeat	0.9	0.0428	0.951	0.0184	0.0013	0.9372	0.971	0.9538	0.9508	0.504	0.0046	0.0003	0.8095	0.0006	0.0	0.8073	0.0006	0.0
30perc_5repeat	0.9	0.0572	0.9479	0.02	0.0014	0.9286	0.9749	0.9512	0.9493	0.489	0.0055	0.0004	0.6141	0.0007	0.0	0.6273	0.0007	0.0
70perc_2repeat	0.9	0.0479	0.9516	0.0164	0.0012	0.9355	0.974	0.9544	0.9518	0.4991	0.0066	0.0005	0.6771	0.0007	0.0	0.6787	0.0007	0.0
50perc_5repeat	0.8	0.073	0.9467	0.0158	0.0011	0.9286	0.9726	0.9501	0.9481	0.4963	0.006	0.0004	0.5654	0.0007	0.0	0.5689	0.0007	0.0
50perc_10repeat	0.8	0.0946	0.934	0.0321	0.0023	0.9153	0.9647	0.9394	0.9389	0.498	0.005	0.0004	0.535	0.0006	0.0	0.5377	0.0005	0.0
50perc_5repeat	0.9	0.073	0.9454	0.0201	0.0014	0.9273	0.9714	0.9488	0.9464	0.4965	0.0055	0.0004	0.5642	0.0007	0.0	0.5699	0.0007	0.0
05perc_10repeat	0.9	0.0434	0.9483	0.0177	0.0013	0.9291	0.9748	0.9514	0.9508	0.4815	0.0052	0.0004	0.831	0.0005	0.0	0.8403	0.0004	0.0
70perc_10repeat	0.8	0.0612	0.9516	0.0106	0.0008	0.9392	0.9699	0.9543	0.9525	0.5053	0.0049	0.0003	0.5985	0.0006	0.0	0.5911	0.0007	0.0
60perc_5repeat	0.9	0.0659	0.951	0.0189	0.0013	0.9352	0.9739	0.9541	0.9513	0.4991	0.0054	0.0004	0.5798	0.0006	0.0	0.5814	0.0006	0.0
90perc_10repeat	0.8	0.0426	0.9527	0.0126	0.0009	0.9414	0.9699	0.9554	0.9523	0.5127	0.0053	0.0004	0.7767	0.0006	0.0	0.7674	0.0006	0.0
100perc_5repeat	0.9	0.0423	0.9532	0.0164	0.0012	0.9413	0.9701	0.9554	0.9511	0.5138	0.0035	0.0002	0.9077	0.0003	0.0	0.9038	0.0003	0.0
15perc_10repeat	0.9	0.0463	0.9495	0.0207	0.0015	0.9283	0.9776	0.9523	0.9513	0.4849	0.0046	0.0003	0.71	0.0006	0.0	0.7241	0.0005	0.0
70perc_5repeat	0.9	0.0551	0.9518	0.0182	0.0013	0.9393	0.9702	0.9545	0.9528	0.5033	0.0052	0.0004	0.6227	0.0006	0.0	0.6202	0.0006	0.0
100perc_2repeat	0.9	0.043	0.9519	0.0177	0.0012	0.9392	0.9698	0.9543	0.9525	0.507	0.0016	0.0001	0.9071	0.0003	0.0	0.905	0.0003	0.0
40perc_5repeat	0.9	0.0689	0.9458	0.0195	0.0014	0.9259	0.9734	0.9491	0.9469	0.4929	0.0062	0.0004	0.576	0.0007	0.0	0.5849	0.0007	0.0
30perc_10repeat	0.9	0.0631	0.948	0.0184	0.0013	0.9283	0.9762	0.9517	0.9498	0.4906	0.0044	0.0003	0.5901	0.0006	0.0	0.6007	0.0006	0.0
70perc_10repeat	0.9	0.0605	0.9532	0.0185	0.0013	0.9411	0.9708	0.9557	0.9564	0.506	0.0048	0.0003	0.5995	0.0005	0.0	0.5919	0.0005	0.0
60perc_10repeat	0.7	0.0804	0.9481	0.011	0.0008	0.9384	0.9644	0.9512	0.9489	0.5018	0.0048	0.0003	0.5532	0.0006	0.0	0.5482	0.0006	0.0
60perc_10repeat	0.9	0.0789	0.9507	0.0152	0.0011	0.9392	0.9674	0.9531	0.95	0.5017	0.0041	0.0003	0.5527	0.0005	0.0	0.5498	0.0005	0.0
40perc_10repeat	0.9	0.0811	0.9439	0.0197	0.0014	0.9233	0.9733	0.9476	0.9438	0.4945	0.0043	0.0003	0.5475	0.0005	0.0	0.5543	0.0006	0.0
90perc_5repeat	0.9	0.0449	0.9497	0.0182	0.0013	0.9362	0.9696	0.9526	0.9508	0.5104	0.0043	0.0003	0.7874	0.0005	0.0	0.7798	0.0006	0.0
90perc_10repeat	0.7	0.0424	0.9531	0.0092	0.0006	0.9409	0.9712	0.9558	0.9534	0.5126	0.006	0.0004	0.7758	0.0008	0.0	0.7677	0.0008	0.0
100perc_10repeat	0.7	0.0424	0.9527	0.0093	0.0007	0.9393	0.9721	0.9554	0.953	0.5167	0.0079	0.0006	0.9083	0.0006	0.0	0.9036	0.0006	0.0
90perc_10repeat	0.9	0.0426	0.953	0.0183	0.0013	0.942	0.9703	0.9559	0.9564	0.513	0.0036	0.0003	0.7773	0.0005	0.0	0.768	0.0005	0.0
100perc_10repeat	0.9	0.0413	0.9545	0.0188	0.0013	0.9426	0.9715	0.9569	0.9562	0.5169	0.004	0.0003	0.9081	0.0003	0.0	0.9032	0.0003	0.0
60perc_10repeat	0.8	0.0805	0.9459	0.0126	0.0009	0.9345	0.9637	0.9489	0.9464	0.5014	0.0046	0.0003	0.5523	0.0005	0.0	0.5499	0.0005	0.0
100perc_10repeat	0.8	0.0409	0.9546	0.0119	0.0008	0.9428	0.9719	0.9571	0.9549	0.5165	0.0056	0.0004	0.9076	0.0004	0.0	0.9026	0.0005	0.0
50perc_10repeat	0.9	0.0929	0.9367	0.0222	0.0016	0.9188	0.9655	0.9416	0.9382	0.4981	0.0044	0.0003	0.5353	0.0005	0.0	0.5377	0.0005	0.0
