Label	trainingSize	SquaredLoss_Mean	Accuracy_Mean	Accuracy_SD	Accuracy_SE	Precision_Mean	Recall_Mean	F1	Accuracy_Median	PriorClass0_Mean	PriorClass0_SD	PriorClass0_SE	ProbabilityEstimate_0given0_Mean 	ProbabilityEstimate_0given0_SD 	ProbabilityEstimate_0given0_SE 	ProbabilityEstimate_1given1_Mean	ProbabilityEstimate_1given1_SD	ProbabilityEstimate_1given1_SE

original	0.9	0.0425	0.9495	0.0177	0.0013	0.9304	0.9774	0.9533	0.9507	0.4802	0.0047	0.0003	0.9029	0.0004	0.0	0.9083	0.0003	0.0
original	0.8	0.0441	0.948	0.0133	0.0009	0.9272	0.9769	0.9514	0.9475	0.4796	0.0067	0.0005	0.9023	0.0005	0.0	0.9083	0.0004	0.0
original	0.7	0.0428	0.9497	0.0096	0.0007	0.9311	0.9758	0.9529	0.9507	0.4798	0.0091	0.0006	0.9012	0.0007	0.0	0.9075	0.0006	0.0
original	0.5	0.044	0.9491	0.0069	0.0005	0.9306	0.9752	0.9524	0.9494	0.481	0.0147	0.001	0.9016	0.0011	0.0	0.9072	0.001	0.0
original	0.4	0.0448	0.9482	0.0065	0.0005	0.928	0.976	0.9514	0.9479	0.4781	0.0175	0.0012	0.9009	0.0012	0.0	0.9081	0.0011	0.0
original	0.1	0.0776	0.9156	0.1081	0.0076	0.8962	0.9639	0.9288	0.9468	0.4815	0.0433	0.0031	0.8831	0.0041	0.0	0.8962	0.0033	0.0
original	0.2	0.0467	0.9469	0.0058	0.0004	0.9267	0.9752	0.9504	0.9471	0.4776	0.0262	0.0019	0.8953	0.0025	0.0	0.9072	0.002	0.0
original	0.05	0.1605	0.832	0.1876	0.0133	0.8162	0.8878	0.8505	0.9437	0.4857	0.0662	0.0047	0.8573	0.0071	0.0	0.8774	0.0056	0.0

40perc_2repeat	0.1	0.1305	0.8603	0.1612	0.0114	0.8625	0.923	0.8917	0.9421	0.4808	0.0415	0.0029	0.767	0.005	0.0	0.7977	0.004	0.0
30perc_2repeat	0.1	0.1041	0.8875	0.1444	0.0102	0.8847	0.9216	0.9028	0.9463	0.4854	0.0427	0.003	0.8117	0.0045	0.0	0.8198	0.0039	0.0
60perc_2repeat	0.1	0.1763	0.8121	0.1959	0.0138	0.8083	0.8589	0.8328	0.9408	0.4791	0.0448	0.0032	0.7259	0.005	0.0	0.7354	0.0047	0.0
15perc_2repeat	0.1	0.0746	0.9182	0.1056	0.0075	0.9055	0.9391	0.922	0.9469	0.4833	0.0415	0.0029	0.8546	0.0039	0.0	0.8604	0.0037	0.0
40perc_5repeat	0.1	0.1583	0.8308	0.1855	0.0131	0.8441	0.8815	0.8624	0.9416	0.4775	0.0444	0.0031	0.7429	0.0056	0.0	0.7659	0.0046	0.0
50perc_5repeat	0.1	0.1675	0.8213	0.1932	0.0137	0.8116	0.8482	0.8295	0.9399	0.4824	0.045	0.0032	0.7183	0.0051	0.0	0.7314	0.0051	0.0
05perc_5repeat	0.1	0.0641	0.929	0.0793	0.0056	0.9115	0.9551	0.9328	0.9463	0.4784	0.0388	0.0027	0.8787	0.0034	0.0	0.8854	0.0035	0.0
15perc_5repeat	0.1	0.0805	0.9117	0.111	0.0078	0.8915	0.9486	0.9192	0.9459	0.4749	0.0421	0.003	0.8393	0.004	0.0	0.8564	0.0037	0.0
70perc_10repeat	0.1	0.3102	0.6639	0.2099	0.0148	0.6553	0.6935	0.6739	0.5234	0.4815	0.0453	0.0032	0.6285	0.0058	0.0	0.6403	0.0059	0.0
40perc_2repeat	0.05	0.2209	0.7671	0.2133	0.0151	0.7702	0.8091	0.7891	0.9357	0.4815	0.0586	0.0041	0.7675	0.0083	0.0	0.7896	0.0068	0.0
30perc_2repeat	0.05	0.2066	0.7836	0.209	0.0148	0.7693	0.8028	0.7857	0.9366	0.4842	0.0628	0.0044	0.7808	0.0098	0.0	0.8002	0.0072	0.0
05perc_10repeat	0.1	0.0764	0.9166	0.1001	0.0071	0.9013	0.9631	0.9312	0.9462	0.4766	0.0426	0.003	0.8646	0.0043	0.0	0.8888	0.0032	0.0
90perc_2repeat	0.05	0.3705	0.6022	0.1819	0.0129	0.5554	0.6508	0.5993	0.5187	0.4864	0.0657	0.0046	0.6219	0.0091	0.0	0.6415	0.0094	0.0
15perc_2repeat	0.05	0.1691	0.8228	0.1916	0.0135	0.8049	0.8779	0.8398	0.9431	0.4788	0.0641	0.0045	0.8353	0.0078	0.0	0.8552	0.0066	0.0
40perc_5repeat	0.05	0.2581	0.7286	0.214	0.0151	0.7159	0.8017	0.7564	0.7633	0.4732	0.0591	0.0042	0.7225	0.0089	0.0	0.7567	0.0087	0.0
30perc_5repeat	0.05	0.2505	0.738	0.2156	0.0152	0.7448	0.7689	0.7567	0.8757	0.4922	0.0598	0.0042	0.77	0.0088	0.0	0.7758	0.0091	0.0
50perc_5repeat	0.05	0.3162	0.6666	0.2109	0.0149	0.6431	0.7222	0.6803	0.5207	0.4789	0.0632	0.0045	0.6892	0.0093	0.0	0.7173	0.0083	0.0
100perc_5repeat	0.05	0.4103	0.5342	0.1113	0.0079	0.4147	0.598	0.4897	0.5164	0.4796	0.0626	0.0044	0.5356	0.0084	0.0	0.5633	0.0086	0.0
90perc_10repeat	0.05	0.4102	0.5412	0.1231	0.0087	0.4088	0.5965	0.4851	0.5155	0.4819	0.069	0.0049	0.5439	0.009	0.0	0.5662	0.0088	0.0
100perc_10repeat	0.05	0.4169	0.5098	0.0679	0.0048	0.3684	0.5373	0.4371	0.5155	0.48	0.0606	0.0043	0.5034	0.0091	0.0	0.5219	0.0089	0.0
70perc_2repeat	0.1	0.2033	0.7826	0.2048	0.0145	0.7848	0.8327	0.8081	0.9261	0.4761	0.0434	0.0031	0.6909	0.0051	0.0	0.7152	0.005	0.0
50perc_2repeat	0.1	0.1371	0.8529	0.1722	0.0122	0.8498	0.8822	0.8657	0.942	0.477	0.0428	0.003	0.7447	0.0049	0.0	0.7661	0.0043	0.0
60perc_10repeat	0.1	0.2439	0.7386	0.2126	0.015	0.74	0.8085	0.7727	0.8821	0.48	0.0445	0.0031	0.657	0.0055	0.0	0.6898	0.0051	0.0
70perc_2repeat	0.05	0.3023	0.6786	0.2102	0.0149	0.6647	0.7048	0.6842	0.5241	0.4785	0.0589	0.0042	0.6784	0.0081	0.0	0.6974	0.0077	0.0
100perc_2repeat	0.05	0.3737	0.5936	0.1776	0.0126	0.5264	0.6223	0.5704	0.5172	0.4785	0.0636	0.0045	0.5975	0.0087	0.0	0.62	0.0087	0.0
05perc_2repeat	0.1	0.0737	0.9191	0.0953	0.0067	0.8964	0.9714	0.9324	0.9455	0.4761	0.0442	0.0031	0.8672	0.004	0.0	0.8929	0.0033	0.0
30perc_10repeat	0.05	0.2266	0.7623	0.2097	0.0148	0.7723	0.8141	0.7926	0.9227	0.4802	0.0587	0.0042	0.7645	0.0072	0.0	0.7823	0.0078	0.0
50perc_10repeat	0.05	0.2976	0.6863	0.2122	0.015	0.6419	0.7236	0.6803	0.5239	0.4752	0.0653	0.0046	0.6825	0.0087	0.0	0.7045	0.0085	0.0
15perc_10repeat	0.05	0.1815	0.81	0.2008	0.0142	0.7845	0.8347	0.8088	0.9406	0.4819	0.0628	0.0044	0.8244	0.0084	0.0	0.8339	0.0073	0.0
40perc_10repeat	0.05	0.2503	0.7372	0.2192	0.0155	0.7307	0.7516	0.741	0.9092	0.4888	0.0611	0.0043	0.7324	0.0083	0.0	0.738	0.008	0.0
90perc_2repeat	0.1	0.2496	0.7316	0.2179	0.0154	0.7381	0.7609	0.7493	0.8802	0.484	0.0441	0.0031	0.6477	0.0056	0.0	0.6523	0.0057	0.0
90perc_5repeat	0.1	0.3406	0.6243	0.1927	0.0136	0.6239	0.7346	0.6748	0.5186	0.4744	0.0467	0.0033	0.563	0.0064	0.0	0.6213	0.0053	0.0
90perc_10repeat	0.1	0.3769	0.5727	0.1569	0.0111	0.5436	0.6599	0.5961	0.5168	0.4776	0.0415	0.0029	0.5437	0.0059	0.0	0.5832	0.0057	0.0
05perc_10repeat	0.05	0.1601	0.8327	0.1863	0.0132	0.8262	0.8648	0.8451	0.9423	0.4777	0.059	0.0042	0.8622	0.0083	0.0	0.8748	0.006	0.0
60perc_5repeat	0.05	0.3291	0.6521	0.2038	0.0144	0.6065	0.679	0.6407	0.5207	0.4785	0.0654	0.0046	0.6631	0.0093	0.0	0.689	0.0086	0.0
60perc_5repeat	0.1	0.2069	0.7793	0.2089	0.0148	0.7726	0.8254	0.7981	0.9319	0.4824	0.0423	0.003	0.6805	0.0058	0.0	0.6957	0.0052	0.0
30perc_5repeat	0.1	0.1192	0.8721	0.1591	0.0113	0.8732	0.9124	0.8924	0.9443	0.478	0.0434	0.0031	0.785	0.0043	0.0	0.7974	0.0044	0.0
70perc_5repeat	0.1	0.2534	0.7265	0.2106	0.0149	0.7262	0.8224	0.7713	0.7884	0.4759	0.0445	0.0031	0.6406	0.0052	0.0	0.6757	0.0052	0.0
50perc_10repeat	0.1	0.1599	0.8286	0.186	0.0132	0.8411	0.8574	0.8492	0.9371	0.481	0.0398	0.0028	0.7042	0.0049	0.0	0.7159	0.0042	0.0
05perc_2repeat	0.05	0.1394	0.8537	0.1752	0.0124	0.8451	0.9225	0.8821	0.9447	0.4683	0.0627	0.0044	0.8654	0.0072	0.0	0.8928	0.0049	0.0
30perc_10repeat	0.1	0.1228	0.8681	0.1621	0.0115	0.8629	0.9178	0.8895	0.9446	0.4788	0.0439	0.0031	0.7721	0.0047	0.0	0.7926	0.0041	0.0
15perc_10repeat	0.1	0.0853	0.9073	0.1204	0.0085	0.8961	0.9524	0.9234	0.9469	0.4839	0.0464	0.0033	0.8364	0.0045	0.0	0.8485	0.0036	0.0
60perc_2repeat	0.05	0.2746	0.71	0.2164	0.0153	0.6722	0.7671	0.7165	0.5329	0.4785	0.0619	0.0044	0.6931	0.0085	0.0	0.7244	0.008	0.0
90perc_5repeat	0.05	0.3909	0.5701	0.1526	0.0108	0.4694	0.6537	0.5464	0.5173	0.4753	0.0647	0.0046	0.5591	0.009	0.0	0.6046	0.008	0.0
50perc_2repeat	0.05	0.2686	0.7174	0.2151	0.0152	0.6775	0.7587	0.7158	0.6921	0.4783	0.0659	0.0047	0.7336	0.0079	0.0	0.7492	0.0077	0.0
40perc_10repeat	0.1	0.1362	0.8539	0.1731	0.0122	0.8436	0.8846	0.8636	0.9423	0.4787	0.0397	0.0028	0.7428	0.0045	0.0	0.759	0.0045	0.0
15perc_5repeat	0.05	0.1617	0.8297	0.1903	0.0135	0.8245	0.8603	0.842	0.9426	0.4788	0.0571	0.004	0.8225	0.0082	0.0	0.8414	0.0064	0.0
05perc_5repeat	0.05	0.1593	0.8336	0.1915	0.0135	0.8006	0.8407	0.8202	0.9452	0.4857	0.0629	0.0044	0.8728	0.0071	0.0	0.8653	0.0074	0.0
70perc_5repeat	0.05	0.3498	0.6262	0.1969	0.0139	0.5822	0.6625	0.6198	0.519	0.4848	0.0626	0.0044	0.6318	0.0094	0.0	0.6555	0.0088	0.0
70perc_10repeat	0.05	0.3453	0.629	0.1974	0.014	0.5595	0.6576	0.6046	0.5181	0.4879	0.0611	0.0043	0.6199	0.008	0.0	0.6333	0.0084	0.0
60perc_10repeat	0.05	0.3293	0.6484	0.2039	0.0144	0.5892	0.6978	0.6389	0.5202	0.4813	0.0608	0.0043	0.6425	0.0086	0.0	0.6673	0.0091	0.0
05perc_2repeat	0.2	0.0474	0.9459	0.0196	0.0014	0.9268	0.9746	0.9501	0.9476	0.4812	0.0275	0.0019	0.8845	0.0024	0.0	0.8929	0.0021	0.0
15perc_2repeat	0.2	0.0477	0.9452	0.0279	0.002	0.9263	0.9707	0.948	0.9478	0.4815	0.0289	0.002	0.8604	0.0023	0.0	0.8666	0.0023	0.0
05perc_5repeat	0.2	0.0468	0.9465	0.0072	0.0005	0.9261	0.9752	0.95	0.9474	0.4779	0.0282	0.002	0.8797	0.0025	0.0	0.8909	0.0018	0.0
30perc_2repeat	0.2	0.0525	0.9405	0.0435	0.0031	0.9193	0.9755	0.9466	0.9467	0.4767	0.0282	0.002	0.8091	0.0029	0.0	0.8309	0.0022	0.0
40perc_2repeat	0.2	0.0536	0.9396	0.0483	0.0034	0.9212	0.9707	0.9453	0.9477	0.4796	0.0281	0.002	0.7889	0.0029	0.0	0.7988	0.0027	0.0
50perc_2repeat	0.2	0.0625	0.9307	0.0777	0.0055	0.9175	0.9583	0.9375	0.9469	0.482	0.028	0.002	0.7589	0.0031	0.0	0.7676	0.003	0.0
60perc_2repeat	0.2	0.0784	0.9137	0.1022	0.0072	0.8957	0.9637	0.9284	0.9454	0.4792	0.0273	0.0019	0.7265	0.0033	0.0	0.748	0.003	0.0
15perc_5repeat	0.2	0.0467	0.9462	0.007	0.0005	0.9256	0.9752	0.9497	0.9464	0.4771	0.0273	0.0019	0.8493	0.0023	0.0	0.8598	0.0022	0.0
30perc_5repeat	0.2	0.0546	0.9379	0.052	0.0037	0.9172	0.9748	0.9451	0.9467	0.4787	0.0283	0.002	0.7909	0.003	0.0	0.809	0.0024	0.0
40perc_5repeat	0.2	0.0611	0.9321	0.0696	0.0049	0.9184	0.9638	0.9406	0.9467	0.4802	0.0291	0.0021	0.7594	0.0029	0.0	0.7696	0.0028	0.0
100perc_2repeat	0.1	0.2989	0.6766	0.2136	0.0151	0.6765	0.7344	0.7043	0.5231	0.4783	0.0438	0.0031	0.6088	0.0062	0.0	0.6399	0.0059	0.0
50perc_5repeat	0.2	0.0756	0.917	0.1023	0.0072	0.9049	0.9534	0.9285	0.9458	0.4837	0.0273	0.0019	0.7227	0.003	0.0	0.7362	0.003	0.0
100perc_5repeat	0.1	0.3712	0.5772	0.1611	0.0114	0.5365	0.6414	0.5843	0.5168	0.4802	0.0436	0.0031	0.5408	0.0063	0.0	0.5753	0.0059	0.0
60perc_5repeat	0.2	0.1085	0.8825	0.1443	0.0102	0.8678	0.9565	0.91	0.9433	0.4767	0.0283	0.002	0.6797	0.0034	0.0	0.7116	0.003	0.0
05perc_10repeat	0.2	0.0465	0.9468	0.0118	0.0008	0.9274	0.9748	0.9505	0.9478	0.4788	0.0287	0.002	0.8812	0.0023	0.0	0.8902	0.002	0.0
15perc_10repeat	0.2	0.0476	0.9453	0.0135	0.001	0.9252	0.9747	0.9493	0.9466	0.48	0.0283	0.002	0.8437	0.0026	0.0	0.8556	0.0022	0.0
100perc_10repeat	0.1	0.3977	0.5294	0.1017	0.0072	0.4472	0.6285	0.5226	0.515	0.4753	0.0444	0.0031	0.5078	0.0058	0.0	0.5507	0.0057	0.0
30perc_10repeat	0.2	0.0557	0.9374	0.0562	0.004	0.9168	0.9656	0.9406	0.9465	0.4786	0.0259	0.0018	0.7827	0.0026	0.0	0.7977	0.0026	0.0
50perc_10repeat	0.2	0.0823	0.9102	0.1123	0.0079	0.8952	0.9501	0.9219	0.9445	0.4806	0.0281	0.002	0.7066	0.0031	0.0	0.725	0.0029	0.0
40perc_10repeat	0.2	0.0718	0.9208	0.094	0.0066	0.9069	0.9529	0.9294	0.946	0.4798	0.0283	0.002	0.7431	0.0031	0.0	0.7632	0.0029	0.0
70perc_2repeat	0.2	0.0991	0.893	0.1344	0.0095	0.8832	0.9523	0.9164	0.9461	0.4784	0.0277	0.002	0.6978	0.0034	0.0	0.7227	0.0031	0.0
90perc_2repeat	0.2	0.1401	0.8489	0.1752	0.0124	0.855	0.9116	0.8824	0.9397	0.4801	0.0271	0.0019	0.65	0.0033	0.0	0.6705	0.0033	0.0
100perc_2repeat	0.2	0.174	0.8115	0.1955	0.0138	0.814	0.8882	0.8495	0.9348	0.4782	0.0292	0.0021	0.6175	0.0037	0.0	0.6455	0.0035	0.0
70perc_5repeat	0.2	0.1511	0.8371	0.1825	0.0129	0.8492	0.8769	0.8628	0.9384	0.4806	0.029	0.0021	0.6541	0.0035	0.0	0.6725	0.0036	0.0
05perc_2repeat	0.4	0.045	0.9481	0.007	0.0005	0.9295	0.9747	0.9515	0.9482	0.4816	0.0164	0.0012	0.8895	0.0014	0.0	0.8966	0.0012	0.0
60perc_10repeat	0.2	0.1378	0.8515	0.1717	0.0121	0.8482	0.9346	0.8893	0.9419	0.4787	0.0322	0.0023	0.6617	0.0037	0.0	0.6918	0.0033	0.0
100perc_5repeat	0.2	0.3105	0.6435	0.1973	0.0139	0.6814	0.792	0.7325	0.5207	0.4786	0.027	0.0019	0.5442	0.0037	0.0	0.5863	0.0035	0.0
70perc_10repeat	0.2	0.1668	0.8191	0.1892	0.0134	0.8208	0.8904	0.8542	0.9346	0.4804	0.0284	0.002	0.6268	0.0033	0.0	0.6565	0.0034	0.0
15perc_2repeat	0.4	0.0447	0.9482	0.0069	0.0005	0.9287	0.9756	0.9516	0.9483	0.4814	0.0181	0.0013	0.8608	0.0015	0.0	0.8688	0.0013	0.0
90perc_10repeat	0.2	0.2989	0.6593	0.2039	0.0144	0.6801	0.7674	0.7211	0.5255	0.4797	0.0304	0.0022	0.5555	0.0036	0.0	0.5843	0.0037	0.0
90perc_5repeat	0.2	0.2343	0.7399	0.211	0.0149	0.7589	0.844	0.7992	0.8894	0.4777	0.0261	0.0018	0.5826	0.0038	0.0	0.6102	0.0037	0.0
05perc_5repeat	0.4	0.0448	0.9482	0.0058	0.0004	0.9288	0.9755	0.9516	0.9482	0.4807	0.0156	0.0011	0.8825	0.0013	0.0	0.8919	0.0011	0.0
100perc_10repeat	0.2	0.3545	0.5685	0.146	0.0103	0.575	0.7053	0.6335	0.5176	0.4838	0.0263	0.0019	0.518	0.0037	0.0	0.5502	0.0035	0.0
15perc_5repeat	0.4	0.0449	0.9483	0.0058	0.0004	0.9277	0.9764	0.9514	0.9482	0.4768	0.0182	0.0013	0.8462	0.0014	0.0	0.8585	0.0012	0.0
05perc_10repeat	0.4	0.0444	0.9487	0.0063	0.0004	0.9299	0.9753	0.9521	0.9484	0.4804	0.0173	0.0012	0.884	0.0013	0.0	0.8885	0.0013	0.0
05perc_2repeat	0.5	0.0446	0.9481	0.0069	0.0005	0.9279	0.9761	0.9514	0.9476	0.4796	0.0142	0.001	0.8865	0.001	0.0	0.8953	0.0009	0.0
15perc_2repeat	0.5	0.0441	0.9484	0.0075	0.0005	0.9277	0.9769	0.9517	0.9487	0.4794	0.0139	0.001	0.8597	0.0011	0.0	0.87	0.0009	0.0
90perc_2repeat	0.4	0.0639	0.9337	0.063	0.0045	0.9148	0.97	0.9416	0.9457	0.4827	0.0177	0.0013	0.6503	0.0021	0.0	0.6709	0.0019	0.0
30perc_2repeat	0.5	0.0449	0.9478	0.0079	0.0006	0.9273	0.9764	0.9512	0.9486	0.4795	0.0144	0.001	0.8167	0.0012	0.0	0.8306	0.0012	0.0
40perc_2repeat	0.5	0.0448	0.9485	0.0074	0.0005	0.9286	0.9761	0.9518	0.948	0.4793	0.0141	0.001	0.7885	0.0013	0.0	0.8028	0.0012	0.0
100perc_2repeat	0.4	0.0751	0.9229	0.0869	0.0061	0.9082	0.9562	0.9316	0.9442	0.4812	0.0158	0.0011	0.627	0.0019	0.0	0.6447	0.0021	0.0
50perc_2repeat	0.5	0.0461	0.9478	0.0086	0.0006	0.9266	0.9771	0.9512	0.9481	0.4789	0.0141	0.001	0.7616	0.0015	0.0	0.7761	0.0014	0.0
05perc_5repeat	0.5	0.0441	0.949	0.0069	0.0005	0.9294	0.9761	0.9522	0.9493	0.4791	0.0137	0.001	0.8838	0.0011	0.0	0.8923	0.0009	0.0
15perc_5repeat	0.5	0.0435	0.9491	0.0069	0.0005	0.93	0.9759	0.9524	0.9493	0.4806	0.014	0.001	0.8485	0.0012	0.0	0.8573	0.001	0.0
90perc_5repeat	0.4	0.144	0.8429	0.1765	0.0125	0.8421	0.9197	0.8792	0.9362	0.4802	0.0189	0.0013	0.5873	0.0023	0.0	0.613	0.0023	0.0
30perc_5repeat	0.5	0.0448	0.9484	0.0069	0.0005	0.9283	0.9764	0.9517	0.9482	0.4793	0.0141	0.001	0.7941	0.0013	0.0	0.8095	0.0011	0.0
100perc_5repeat	0.4	0.2311	0.7295	0.2088	0.0148	0.7506	0.8629	0.8028	0.8508	0.481	0.0177	0.0013	0.5536	0.0024	0.0	0.5804	0.0025	0.0
30perc_2repeat	0.4	0.0459	0.9471	0.0078	0.0006	0.9267	0.9758	0.9506	0.9471	0.4791	0.0182	0.0013	0.8165	0.0017	0.0	0.83	0.0016	0.0
40perc_5repeat	0.5	0.0462	0.9477	0.0077	0.0005	0.9272	0.9762	0.9511	0.9487	0.4795	0.0148	0.001	0.761	0.0014	0.0	0.7765	0.0013	0.0
40perc_2repeat	0.4	0.0447	0.9491	0.0066	0.0005	0.9307	0.9753	0.9525	0.9486	0.4827	0.016	0.0011	0.7909	0.0016	0.0	0.7996	0.0015	0.0
50perc_5repeat	0.5	0.0483	0.9465	0.0088	0.0006	0.9254	0.9763	0.9502	0.9475	0.4808	0.0137	0.001	0.7243	0.0015	0.0	0.7449	0.0014	0.0
60perc_2repeat	0.5	0.0478	0.9469	0.009	0.0006	0.9247	0.9771	0.9502	0.9475	0.4774	0.0142	0.001	0.7323	0.0014	0.0	0.7515	0.0014	0.0
60perc_2repeat	0.4	0.0488	0.9456	0.0099	0.0007	0.9244	0.9756	0.9493	0.9466	0.4787	0.0176	0.0012	0.7337	0.0019	0.0	0.7496	0.0018	0.0
50perc_2repeat	0.4	0.0464	0.9477	0.0063	0.0004	0.9284	0.9753	0.9512	0.9481	0.4815	0.018	0.0013	0.7608	0.0018	0.0	0.7755	0.0015	0.0
70perc_2repeat	0.4	0.0493	0.9471	0.0089	0.0006	0.9281	0.9743	0.9507	0.9482	0.4811	0.0177	0.0012	0.7091	0.0019	0.0	0.7204	0.0018	0.0
30perc_5repeat	0.4	0.0461	0.9471	0.0063	0.0004	0.927	0.9752	0.9505	0.9471	0.4785	0.0173	0.0012	0.7947	0.0016	0.0	0.8092	0.0014	0.0
05perc_10repeat	0.5	0.0441	0.9488	0.0069	0.0005	0.9293	0.9759	0.952	0.9481	0.4788	0.0134	0.0009	0.8813	0.0012	0.0	0.8901	0.001	0.0
90perc_10repeat	0.4	0.1901	0.7836	0.1999	0.0141	0.7845	0.9321	0.852	0.9126	0.4792	0.0166	0.0012	0.5563	0.0022	0.0	0.5864	0.0022	0.0
15perc_10repeat	0.5	0.0448	0.9475	0.0074	0.0005	0.9279	0.9751	0.9509	0.9481	0.4799	0.0136	0.001	0.8459	0.0011	0.0	0.8545	0.0012	0.0
90perc_2repeat	0.5	0.0574	0.9411	0.0328	0.0023	0.9183	0.9761	0.9463	0.9456	0.4797	0.0141	0.001	0.6505	0.0017	0.0	0.6727	0.0017	0.0
100perc_10repeat	0.4	0.2854	0.6437	0.1887	0.0133	0.6692	0.8402	0.745	0.5289	0.4793	0.0159	0.0011	0.5185	0.0023	0.0	0.5529	0.0023	0.0
40perc_5repeat	0.4	0.0475	0.9463	0.0085	0.0006	0.9253	0.9758	0.9498	0.947	0.4791	0.0164	0.0012	0.758	0.0018	0.0	0.7775	0.0016	0.0
50perc_5repeat	0.4	0.0491	0.9459	0.0097	0.0007	0.9241	0.9763	0.9495	0.9467	0.4784	0.0178	0.0013	0.7218	0.0017	0.0	0.7455	0.0016	0.0
30perc_10repeat	0.5	0.0457	0.9477	0.0081	0.0006	0.9274	0.9759	0.951	0.948	0.4791	0.0159	0.0011	0.7859	0.0014	0.0	0.8008	0.0013	0.0
60perc_5repeat	0.5	0.0504	0.946	0.0089	0.0006	0.9239	0.977	0.9497	0.947	0.4796	0.0134	0.0009	0.6915	0.0015	0.0	0.7091	0.0014	0.0
70perc_2repeat	0.5	0.0491	0.9469	0.0091	0.0006	0.9254	0.9769	0.9504	0.9479	0.4791	0.0133	0.0009	0.7056	0.0016	0.0	0.7245	0.0015	0.0
60perc_5repeat	0.4	0.0522	0.9443	0.0114	0.0008	0.9229	0.9749	0.9482	0.9458	0.4799	0.0173	0.0012	0.6902	0.0018	0.0	0.7105	0.0019	0.0
70perc_5repeat	0.5	0.0543	0.9453	0.012	0.0009	0.9246	0.9748	0.9491	0.9469	0.48	0.0152	0.0011	0.6589	0.0017	0.0	0.6756	0.0017	0.0
05perc_2repeat	0.7	0.0439	0.9487	0.0097	0.0007	0.9297	0.9753	0.952	0.9484	0.4798	0.0091	0.0006	0.8876	0.0007	0.0	0.895	0.0006	0.0
40perc_10repeat	0.5	0.0464	0.948	0.0084	0.0006	0.9281	0.9759	0.9514	0.9486	0.4801	0.0146	0.001	0.7485	0.0014	0.0	0.763	0.0014	0.0
100perc_2repeat	0.5	0.066	0.9338	0.0551	0.0039	0.9089	0.9771	0.9417	0.9447	0.4791	0.0141	0.001	0.6223	0.0017	0.0	0.6488	0.0016	0.0
70perc_5repeat	0.4	0.0687	0.9266	0.0698	0.0049	0.9015	0.976	0.9373	0.944	0.4757	0.0176	0.0012	0.6496	0.0022	0.0	0.6814	0.0021	0.0
15perc_10repeat	0.4	0.0454	0.9473	0.0068	0.0005	0.927	0.9758	0.9508	0.9477	0.4812	0.0178	0.0013	0.8428	0.0015	0.0	0.8559	0.0012	0.0
50perc_10repeat	0.5	0.0493	0.9467	0.0104	0.0007	0.9261	0.9758	0.9503	0.9485	0.48	0.0138	0.001	0.7094	0.0016	0.0	0.7276	0.0016	0.0
15perc_2repeat	0.7	0.043	0.9492	0.0102	0.0007	0.9292	0.9769	0.9525	0.9507	0.4796	0.0099	0.0007	0.8607	0.0007	0.0	0.8692	0.0007	0.0
30perc_10repeat	0.4	0.0455	0.9478	0.0073	0.0005	0.9275	0.9763	0.9512	0.9481	0.4798	0.0161	0.0011	0.7886	0.0015	0.0	0.8001	0.0014	0.0
05perc_5repeat	0.7	0.0435	0.9488	0.0101	0.0007	0.9284	0.9771	0.9522	0.9501	0.4799	0.01	0.0007	0.8852	0.0007	0.0	0.8931	0.0006	0.0
90perc_5repeat	0.5	0.0988	0.8961	0.1176	0.0083	0.8735	0.9681	0.9184	0.9362	0.4785	0.0144	0.001	0.5863	0.0018	0.0	0.6145	0.0018	0.0
100perc_5repeat	0.5	0.1811	0.7901	0.1941	0.0137	0.7878	0.9309	0.8534	0.9117	0.4795	0.0139	0.001	0.5525	0.0018	0.0	0.5824	0.0019	0.0
60perc_10repeat	0.5	0.0532	0.9446	0.0113	0.0008	0.9231	0.9754	0.9485	0.9459	0.48	0.0134	0.0009	0.6708	0.0017	0.0	0.6925	0.0015	0.0
40perc_10repeat	0.4	0.0471	0.9471	0.0082	0.0006	0.9274	0.9751	0.9507	0.9475	0.4814	0.0169	0.0012	0.7454	0.002	0.0	0.7606	0.0017	0.0
50perc_10repeat	0.4	0.05	0.9458	0.0125	0.0009	0.9268	0.9741	0.9499	0.948	0.4839	0.0186	0.0013	0.7106	0.002	0.0	0.7261	0.0019	0.0
70perc_10repeat	0.5	0.0646	0.9345	0.0542	0.0038	0.9113	0.9755	0.9423	0.9443	0.4799	0.0145	0.001	0.6322	0.0019	0.0	0.6571	0.0017	0.0
60perc_10repeat	0.4	0.0606	0.936	0.0542	0.0038	0.9158	0.9699	0.9421	0.9447	0.4789	0.0185	0.0013	0.6707	0.0021	0.0	0.6921	0.0021	0.0
30perc_2repeat	0.7	0.0443	0.9478	0.0098	0.0007	0.9273	0.9759	0.951	0.9481	0.4791	0.0091	0.0006	0.8179	0.0008	0.0	0.8307	0.0007	0.0
70perc_10repeat	0.4	0.0743	0.9229	0.0845	0.006	0.9017	0.9699	0.9346	0.9454	0.4794	0.0178	0.0013	0.6335	0.002	0.0	0.6549	0.002	0.0
40perc_2repeat	0.7	0.0443	0.9486	0.0101	0.0007	0.929	0.9758	0.9518	0.9484	0.4798	0.01	0.0007	0.7904	0.0009	0.0	0.803	0.0008	0.0
90perc_10repeat	0.5	0.1597	0.8197	0.1833	0.013	0.8142	0.9337	0.8699	0.9231	0.4799	0.0136	0.001	0.5571	0.0019	0.0	0.587	0.0018	0.0
15perc_5repeat	0.7	0.0437	0.949	0.0103	0.0007	0.9286	0.9764	0.9519	0.9484	0.4783	0.0095	0.0007	0.8489	0.0008	0.0	0.8603	0.0007	0.0
05perc_2repeat	0.8	0.0429	0.9492	0.0128	0.0009	0.9298	0.9761	0.9524	0.9501	0.4798	0.0072	0.0005	0.889	0.0005	0.0	0.8958	0.0005	0.0
100perc_10repeat	0.5	0.2668	0.6581	0.1937	0.0137	0.6834	0.8708	0.7658	0.5301	0.48	0.0148	0.001	0.5183	0.0019	0.0	0.5545	0.0018	0.0
50perc_2repeat	0.7	0.0454	0.9484	0.0109	0.0008	0.9278	0.9767	0.9516	0.9481	0.4792	0.0094	0.0007	0.7618	0.0008	0.0	0.7769	0.0008	0.0
60perc_2repeat	0.7	0.0463	0.9486	0.0101	0.0007	0.9287	0.9766	0.952	0.9493	0.4802	0.0094	0.0007	0.7332	0.001	0.0	0.7519	0.0009	0.0
15perc_2repeat	0.8	0.0433	0.9485	0.0122	0.0009	0.9286	0.9762	0.9518	0.9504	0.4798	0.0076	0.0005	0.8604	0.0006	0.0	0.8693	0.0005	0.0
30perc_5repeat	0.7	0.0439	0.949	0.0096	0.0007	0.9296	0.9759	0.9522	0.9503	0.4793	0.0093	0.0007	0.7975	0.0008	0.0	0.8099	0.0008	0.0
70perc_2repeat	0.7	0.0478	0.9484	0.0096	0.0007	0.9276	0.9772	0.9517	0.9483	0.4792	0.0094	0.0007	0.7072	0.0011	0.0	0.7243	0.001	0.0
40perc_5repeat	0.7	0.044	0.9497	0.009	0.0006	0.9305	0.9768	0.9531	0.9506	0.4807	0.0097	0.0007	0.7629	0.001	0.0	0.7751	0.0009	0.0
05perc_10repeat	0.7	0.043	0.9495	0.0096	0.0007	0.9294	0.9773	0.9528	0.9499	0.4797	0.0095	0.0007	0.8826	0.0007	0.0	0.8898	0.0007	0.0
40perc_2repeat	0.8	0.0449	0.9476	0.0122	0.0009	0.9267	0.9763	0.9508	0.9473	0.4791	0.0065	0.0005	0.7897	0.0006	0.0	0.8042	0.0006	0.0
50perc_5repeat	0.7	0.0463	0.9487	0.0106	0.0007	0.9276	0.9773	0.9518	0.9484	0.4786	0.0096	0.0007	0.7249	0.0009	0.0	0.7452	0.0009	0.0
100perc_2repeat	0.7	0.0581	0.9445	0.0126	0.0009	0.9203	0.978	0.9483	0.9462	0.4798	0.0104	0.0007	0.6231	0.0012	0.0	0.6506	0.0011	0.0
15perc_10repeat	0.7	0.0436	0.9485	0.0092	0.0006	0.9292	0.9753	0.9517	0.9483	0.4795	0.0092	0.0007	0.8448	0.0008	0.0	0.855	0.0007	0.0
05perc_2repeat	0.9	0.0438	0.9477	0.0196	0.0014	0.9279	0.9755	0.9511	0.9508	0.4797	0.0047	0.0003	0.889	0.0004	0.0	0.8958	0.0003	0.0
15perc_5repeat	0.8	0.0434	0.9486	0.0144	0.001	0.928	0.976	0.9514	0.9494	0.4781	0.0071	0.0005	0.8494	0.0006	0.0	0.8593	0.0005	0.0
30perc_10repeat	0.7	0.045	0.9478	0.0112	0.0008	0.9275	0.976	0.9511	0.9486	0.4795	0.0088	0.0006	0.7874	0.0009	0.0	0.8006	0.0008	0.0
15perc_2repeat	0.9	0.0439	0.9474	0.0169	0.0012	0.9279	0.9744	0.9506	0.9482	0.4794	0.0049	0.0003	0.8604	0.0004	0.0	0.8693	0.0003	0.0
30perc_5repeat	0.8	0.0445	0.9472	0.0132	0.0009	0.9261	0.9756	0.9502	0.9467	0.4785	0.0072	0.0005	0.7959	0.0006	0.0	0.8104	0.0006	0.0
100perc_5repeat	0.7	0.1083	0.8837	0.1263	0.0089	0.8534	0.98	0.9123	0.9319	0.4806	0.0095	0.0007	0.553	0.0012	0.0	0.5835	0.0012	0.0
30perc_2repeat	0.8	0.044	0.9484	0.0122	0.0009	0.9284	0.9763	0.9518	0.948	0.4798	0.0075	0.0005	0.8194	0.0006	0.0	0.8299	0.0006	0.0
05perc_5repeat	0.9	0.0435	0.9484	0.0198	0.0014	0.9291	0.9761	0.952	0.9508	0.48	0.0047	0.0003	0.8855	0.0004	0.0	0.8926	0.0003	0.0
100perc_2repeat	0.8	0.0569	0.9465	0.0135	0.001	0.9237	0.9777	0.9499	0.9465	0.4794	0.0074	0.0005	0.6228	0.0008	0.0	0.6505	0.0008	0.0
30perc_2repeat	0.9	0.0443	0.9473	0.0189	0.0013	0.9275	0.9748	0.9506	0.9508	0.4795	0.0048	0.0003	0.8179	0.0004	0.0	0.8304	0.0004	0.0
05perc_5repeat	0.8	0.043	0.9492	0.0131	0.0009	0.93	0.9763	0.9526	0.9505	0.4802	0.0069	0.0005	0.8853	0.0005	0.0	0.8923	0.0004	0.0
40perc_10repeat	0.7	0.0456	0.9487	0.0104	0.0007	0.929	0.9761	0.952	0.9493	0.48	0.0093	0.0007	0.7491	0.0009	0.0	0.7646	0.0009	0.0
40perc_5repeat	0.8	0.045	0.9479	0.0122	0.0009	0.9272	0.9764	0.9512	0.9472	0.4794	0.0069	0.0005	0.7617	0.0006	0.0	0.7773	0.0006	0.0
70perc_2repeat	0.8	0.0462	0.9504	0.0131	0.0009	0.9302	0.9785	0.9537	0.9508	0.4801	0.0067	0.0005	0.7052	0.0008	0.0	0.7257	0.0008	0.0
90perc_2repeat	0.7	0.0539	0.9457	0.0111	0.0008	0.9233	0.9772	0.9495	0.9458	0.48	0.0088	0.0006	0.6505	0.0011	0.0	0.6752	0.0011	0.0
50perc_5repeat	0.8	0.0463	0.9484	0.0128	0.0009	0.9281	0.9761	0.9515	0.9498	0.479	0.007	0.0005	0.7257	0.0007	0.0	0.7446	0.0007	0.0
15perc_5repeat	0.9	0.0424	0.9492	0.0194	0.0014	0.9296	0.9771	0.9528	0.9511	0.4799	0.0049	0.0003	0.8502	0.0004	0.0	0.8593	0.0003	0.0
40perc_2repeat	0.9	0.045	0.9466	0.0186	0.0013	0.9251	0.9757	0.9497	0.9505	0.479	0.0047	0.0003	0.7893	0.0005	0.0	0.8043	0.0004	0.0
60perc_10repeat	0.7	0.0522	0.946	0.0105	0.0007	0.9231	0.9777	0.9496	0.9466	0.4792	0.0092	0.0007	0.6693	0.0011	0.0	0.6947	0.001	0.0
15perc_10repeat	0.8	0.0436	0.949	0.0115	0.0008	0.9294	0.9762	0.9522	0.9502	0.4798	0.007	0.0005	0.845	0.0006	0.0	0.8553	0.0005	0.0
60perc_5repeat	0.8	0.0488	0.9471	0.0125	0.0009	0.9253	0.9768	0.9503	0.9475	0.4792	0.0075	0.0005	0.6912	0.0008	0.0	0.7111	0.0008	0.0
50perc_2repeat	0.8	0.0445	0.9487	0.013	0.0009	0.929	0.9763	0.9521	0.9499	0.4796	0.007	0.0005	0.7614	0.0007	0.0	0.777	0.0007	0.0
60perc_5repeat	0.7	0.0489	0.9483	0.0106	0.0008	0.928	0.977	0.9519	0.9492	0.4808	0.0093	0.0007	0.6924	0.001	0.0	0.7108	0.001	0.0
50perc_2repeat	0.9	0.044	0.9494	0.0196	0.0014	0.9314	0.9746	0.9525	0.9508	0.4795	0.0049	0.0003	0.7622	0.0005	0.0	0.7777	0.0005	0.0
70perc_5repeat	0.7	0.0525	0.9477	0.0099	0.0007	0.9268	0.977	0.9513	0.9481	0.4802	0.0087	0.0006	0.6559	0.0011	0.0	0.6782	0.0011	0.0
30perc_5repeat	0.9	0.0437	0.9483	0.019	0.0013	0.9277	0.9768	0.9516	0.9464	0.4797	0.0048	0.0003	0.7972	0.0004	0.0	0.8102	0.0004	0.0
70perc_5repeat	0.8	0.0519	0.9479	0.0129	0.0009	0.9262	0.9776	0.9512	0.9502	0.4795	0.0075	0.0005	0.6564	0.0009	0.0	0.6798	0.0008	0.0
60perc_2repeat	0.8	0.0469	0.9473	0.0123	0.0009	0.927	0.9763	0.951	0.9497	0.4802	0.0067	0.0005	0.7352	0.0007	0.0	0.7507	0.0006	0.0
05perc_10repeat	0.9	0.042	0.9494	0.0175	0.0012	0.9287	0.9776	0.9525	0.9508	0.4795	0.0047	0.0003	0.8839	0.0003	0.0	0.8911	0.0003	0.0
90perc_10repeat	0.7	0.0931	0.9054	0.0926	0.0065	0.8726	0.9793	0.9229	0.9307	0.4792	0.0087	0.0006	0.5575	0.0011	0.0	0.5877	0.0011	0.0
90perc_5repeat	0.7	0.068	0.9375	0.0211	0.0015	0.9098	0.9778	0.9425	0.942	0.4797	0.009	0.0006	0.5863	0.0011	0.0	0.6157	0.0011	0.0
90perc_5repeat	0.8	0.0658	0.9411	0.0171	0.0012	0.9147	0.9783	0.9454	0.9424	0.4797	0.0076	0.0005	0.5868	0.0009	0.0	0.6155	0.0009	0.0
60perc_2repeat	0.9	0.0452	0.9486	0.0183	0.0013	0.9275	0.9772	0.9517	0.9508	0.4792	0.0045	0.0003	0.7336	0.0005	0.0	0.7524	0.0005	0.0
40perc_5repeat	0.9	0.0434	0.9491	0.019	0.0013	0.9278	0.9789	0.9526	0.9508	0.4798	0.0047	0.0003	0.7618	0.0005	0.0	0.7769	0.0005	0.0
100perc_10repeat	0.7	0.1771	0.7709	0.1822	0.0129	0.7488	0.9676	0.8443	0.8699	0.4805	0.0097	0.0007	0.5221	0.0012	0.0	0.552	0.0012	0.0
05perc_10repeat	0.8	0.0447	0.9468	0.0129	0.0009	0.9263	0.9752	0.9501	0.9468	0.4796	0.0075	0.0005	0.8835	0.0006	0.0	0.8909	0.0005	0.0
90perc_2repeat	0.8	0.053	0.9473	0.014	0.001	0.9244	0.9784	0.9507	0.947	0.4793	0.0065	0.0005	0.6496	0.0008	0.0	0.6766	0.0008	0.0
15perc_10repeat	0.9	0.0442	0.9472	0.0206	0.0015	0.9274	0.9756	0.9509	0.9505	0.48	0.0048	0.0003	0.8452	0.0004	0.0	0.8552	0.0003	0.0
70perc_2repeat	0.9	0.0461	0.9482	0.0201	0.0014	0.927	0.9772	0.9514	0.9508	0.4796	0.0049	0.0003	0.7069	0.0005	0.0	0.7257	0.0005	0.0
60perc_10repeat	0.8	0.0493	0.9498	0.0126	0.0009	0.9293	0.9779	0.953	0.9508	0.4796	0.0073	0.0005	0.6714	0.0008	0.0	0.6933	0.0008	0.0
50perc_5repeat	0.9	0.0455	0.9493	0.0191	0.0013	0.9305	0.9759	0.9527	0.9508	0.4799	0.0051	0.0004	0.7268	0.0005	0.0	0.7444	0.0005	0.0
50perc_10repeat	0.8	0.046	0.9499	0.0135	0.001	0.9315	0.9756	0.9531	0.9508	0.4801	0.0068	0.0005	0.7083	0.0008	0.0	0.7297	0.0007	0.0
100perc_2repeat	0.9	0.058	0.9447	0.0191	0.0014	0.9217	0.9764	0.9483	0.9456	0.4792	0.0045	0.0003	0.6245	0.0006	0.0	0.6502	0.0005	0.0
30perc_10repeat	0.8	0.0438	0.9487	0.0122	0.0009	0.9299	0.9755	0.9522	0.9489	0.4803	0.0074	0.0005	0.7872	0.0007	0.0	0.801	0.0006	0.0
50perc_10repeat	0.7	0.0475	0.948	0.0106	0.0008	0.9278	0.9762	0.9514	0.948	0.48	0.0098	0.0007	0.7101	0.001	0.0	0.7282	0.001	0.0
100perc_5repeat	0.8	0.0832	0.9203	0.0458	0.0032	0.884	0.9795	0.9293	0.9289	0.4796	0.0077	0.0005	0.5538	0.001	0.0	0.5829	0.001	0.0
60perc_5repeat	0.9	0.0483	0.9484	0.019	0.0013	0.9288	0.9759	0.9518	0.9508	0.4799	0.0049	0.0003	0.691	0.0005	0.0	0.7115	0.0005	0.0
70perc_10repeat	0.7	0.0577	0.9435	0.0122	0.0009	0.9193	0.9769	0.9472	0.9442	0.4789	0.0098	0.0007	0.6316	0.0012	0.0	0.6591	0.0012	0.0
70perc_5repeat	0.9	0.0528	0.9458	0.0199	0.0014	0.924	0.976	0.9493	0.9505	0.4794	0.0044	0.0003	0.6563	0.0005	0.0	0.6796	0.0005	0.0
40perc_10repeat	0.8	0.0451	0.9485	0.013	0.0009	0.9282	0.9772	0.9521	0.9488	0.4801	0.007	0.0005	0.7487	0.0007	0.0	0.7645	0.0006	0.0
40perc_10repeat	0.9	0.0437	0.9504	0.0209	0.0015	0.9311	0.977	0.9535	0.9518	0.4798	0.0049	0.0003	0.7492	0.0004	0.0	0.7641	0.0005	0.0
30perc_10repeat	0.9	0.0439	0.9488	0.0191	0.0013	0.9273	0.9777	0.9519	0.9508	0.4795	0.0048	0.0003	0.7874	0.0005	0.0	0.8011	0.0004	0.0
100perc_10repeat	0.8	0.1504	0.8075	0.1587	0.0112	0.7702	0.9823	0.8634	0.8775	0.48	0.0073	0.0005	0.5224	0.001	0.0	0.5519	0.001	0.0
90perc_5repeat	0.9	0.0653	0.9431	0.0206	0.0015	0.9177	0.9779	0.9469	0.9431	0.4794	0.0047	0.0003	0.5866	0.0006	0.0	0.6161	0.0006	0.0
90perc_2repeat	0.9	0.055	0.9447	0.0218	0.0015	0.9236	0.9738	0.9481	0.9469	0.4793	0.005	0.0004	0.6501	0.0007	0.0	0.676	0.0006	0.0
50perc_10repeat	0.9	0.0477	0.9474	0.0187	0.0013	0.9267	0.9765	0.9509	0.9507	0.4797	0.0049	0.0003	0.71	0.0005	0.0	0.7292	0.0005	0.0
70perc_10repeat	0.8	0.0545	0.9474	0.0132	0.0009	0.9256	0.9779	0.9511	0.9473	0.4803	0.007	0.0005	0.6339	0.0008	0.0	0.6574	0.0008	0.0
100perc_5repeat	0.9	0.0785	0.9327	0.0249	0.0018	0.9023	0.9792	0.9392	0.9331	0.4805	0.0041	0.0003	0.5544	0.0006	0.0	0.583	0.0006	0.0
90perc_10repeat	0.8	0.082	0.9218	0.0504	0.0036	0.8863	0.981	0.9313	0.9341	0.48	0.0075	0.0005	0.5569	0.0009	0.0	0.5884	0.0009	0.0
70perc_10repeat	0.9	0.0546	0.948	0.0189	0.0013	0.9266	0.9768	0.951	0.9505	0.4794	0.0051	0.0004	0.6332	0.0006	0.0	0.6582	0.0006	0.0
60perc_10repeat	0.9	0.0504	0.9477	0.0185	0.0013	0.9272	0.9755	0.9508	0.9482	0.4792	0.0047	0.0003	0.671	0.0005	0.0	0.6937	0.0005	0.0
90perc_10repeat	0.9	0.0765	0.9318	0.0255	0.0018	0.8977	0.9804	0.9372	0.9323	0.4796	0.0049	0.0003	0.5573	0.0006	0.0	0.5888	0.0006	0.0
100perc_10repeat	0.9	0.1325	0.8227	0.1259	0.0089	0.7676	0.9856	0.863	0.863	0.4788	0.0045	0.0003	0.5191	0.0006	0.0	0.5555	0.0006	0.0









