Label	trainingSize	meanSquaredLoss	meanAccuracy	sd	se	meanPrecision	meanRecall	f1

originalPMLE	0.9	0.2459	0	0	0	0	0	0
originalPMLE	0.8	0.2587	0	0	0	0	0	0
originalPMLE	0.35	0.3607	0	0	0	0	0	0
originalPMLE	0.7	0.2759	0	0	0	0	0	0
originalPMLE	0.6	0.2942	0	0	0	0	0	0
originalPMLE	0.5	0.3216	0	0	0	0	0	0
originalPMLE	0.45	0.3295	0	0	0	0	0	0
originalPMLE	0.4	0.337	0	0	0	0	0	0
originalPMLE	0.3	0.3801	0	0	0	0	0	0
originalPMLE	0.25	0.3822	0	0	0	0	0	0
originalPMLE	0.2	0.3995	0	0	0	0	0	0
originalPMLE	0.1	0.4193	0	0	0	0	0	0
originalPMLE	0.05	0.42	0	0	0	0	0	0
rongjingAlgo	0.1	0.2501	0	0	0	0	0	0
rongjingAlgo	0.2	0.217	0	0	0	0	0	0
rongjingAlgo	0.3	0.2072	0	0	0	0	0	0
rongjingAlgo	0.4	0.1993	0	0	0	0	0	0
rongjingAlgo	0.5	0.1887	0	0	0	0	0	0
rongjingAlgo	0.6	0.1888	0	0	0	0	0	0
rongjingAlgo	0.7	0.187	0	0	0	0	0	0
rongjingAlgo	0.8	0.1818	0	0	0	0	0	0
rongjingAlgo	0.9	0.1971	0	0	0	0	0	0
rongjingPMLE	0.9	0.185	0	0	0	0	0	0
rongjingPMLE	0.8	0.1873	0	0	0	0	0	0
rongjingPMLE	0.7	0.19	0	0	0	0	0	0
rongjingPMLE	0.6	0.1914	0	0	0	0	0	0
rongjingPMLE	0.5	0.1957	0	0	0	0	0	0
rongjingPMLE	0.4	0.2017	0	0	0	0	0	0
rongjingPMLE	0.3	0.222	0	0	0	0	0	0
rongjingPMLE	0.2	0.2567	0	0	0	0	0	0


15perc_5repeat	0.25	0.2299	0.6636	0.0583	0.0041	0.6909	0.5895	0.6362
30perc_10repeat	0.25	0.2277	0.6543	0.0611	0.0043	0.6869	0.5619	0.6182
5perc_5repeat	0.2	0.2578	0.6414	0.0638	0.0045	0.6779	0.5805	0.6254
30perc_5repeat	0.2	0.2449	0.6316	0.067	0.0047	0.6657	0.5684	0.6132
15perc_5repeat	0.2	0.2477	0.6433	0.0654	0.0046	0.6747	0.5881	0.6284
15perc_10repeat	0.2	0.2463	0.6444	0.0652	0.0046	0.6766	0.5824	0.626
5perc_10repeat	0.2	0.256	0.643	0.0644	0.0046	0.6787	0.5819	0.6265
5perc_2repeat	0.2	0.2614	0.6404	0.0662	0.0047	0.6761	0.5839	0.6267
80perc_2repeat	0.2	0.2777	0.4704	0.0562	0.004	0.4342	0.4558	0.4447
15perc_2repeat	0.25	0.2286	0.6686	0.0574	0.0041	0.6897	0.6071	0.6458
5perc_2repeat	0.25	0.2325	0.6707	0.0585	0.0041	0.6939	0.6097	0.6491
30perc_2repeat	0.25	0.2304	0.6564	0.0638	0.0045	0.6802	0.5945	0.6345
100perc_5repeat	0.2	0.3852	0.3498	0.0606	0.0043	0.3219	0.4084	0.36
100perc_10repeat	0.2	0.419	0.3531	0.0615	0.0044	0.3239	0.4127	0.3629
30perc_5repeat	0.25	0.2256	0.6593	0.0582	0.0041	0.6817	0.598	0.6371
5perc_5repeat	0.25	0.2311	0.6713	0.0585	0.0041	0.6958	0.6068	0.6482
80perc_5repeat	0.2	0.3209	0.3767	0.0647	0.0046	0.3417	0.432	0.3816
80perc_10repeat	0.2	0.3445	0.3558	0.0653	0.0046	0.3304	0.4256	0.372
15perc_10repeat	0.25	0.2245	0.6704	0.058	0.0041	0.6941	0.5997	0.6435
5perc_10repeat	0.25	0.2295	0.6735	0.0588	0.0042	0.6968	0.6096	0.6503
50perc_2repeat	0.2	0.254	0.5982	0.0648	0.0046	0.6304	0.5498	0.5874
40perc_2repeat	0.2	0.2505	0.6189	0.0651	0.0046	0.6503	0.5731	0.6092
40perc_10repeat	0.2	0.2436	0.6099	0.0611	0.0043	0.6451	0.5396	0.5876
40perc_5repeat	0.2	0.2439	0.6183	0.0644	0.0046	0.6474	0.5523	0.5961
30perc_2repeat	0.2	0.2483	0.6382	0.0655	0.0046	0.6709	0.5822	0.6234
60perc_5repeat	0.2	0.2699	0.5017	0.0554	0.0039	0.4914	0.4806	0.486
90perc_2repeat	0.2	0.2916	0.3936	0.0647	0.0046	0.3607	0.4453	0.3985
70perc_2repeat	0.2	0.2666	0.535	0.057	0.004	0.5365	0.5168	0.5264
100perc_2repeat	0.2	0.3108	0.3477	0.0577	0.0041	0.3214	0.4044	0.3582
70perc_10repeat	0.2	0.3073	0.3764	0.0631	0.0045	0.3484	0.4573	0.3955
90perc_5repeat	0.2	0.3493	0.3554	0.0631	0.0045	0.3273	0.4184	0.3673
90perc_10repeat	0.2	0.3804	0.3587	0.0655	0.0046	0.3281	0.4152	0.3665
60perc_10repeat	0.2	0.2774	0.4394	0.0578	0.0041	0.4087	0.4902	0.4458
70perc_5repeat	0.2	0.2886	0.4278	0.0593	0.0042	0.3822	0.4376	0.408
60perc_5repeat	0.1	0.3207	0.505	0.0531	0.0038	0.497	0.4742	0.4853
100perc_5repeat	0.1	0.4228	0.42	0.0681	0.0048	0.3485	0.4285	0.3844
60perc_2repeat	0.1	0.3344	0.5335	0.0561	0.004	0.5579	0.5235	0.5401
60perc_10repeat	0.1	0.3173	0.4721	0.0511	0.0036	0.4375	0.5	0.4667
100perc_10repeat	0.1	0.4522	0.423	0.0671	0.0047	0.3506	0.4343	0.388
70perc_5repeat	0.1	0.3333	0.461	0.0566	0.004	0.4252	0.5135	0.4652
15perc_10repeat	0.1	0.3383	0.5742	0.0635	0.0045	0.6204	0.5523	0.5844
90perc_2repeat	0.1	0.3266	0.4466	0.0608	0.0043	0.398	0.4507	0.4227
40perc_5repeat	0.1	0.3189	0.5563	0.0616	0.0044	0.5857	0.5427	0.5634
15perc_5repeat	0.1	0.3404	0.5747	0.0645	0.0046	0.6241	0.5521	0.5859
90perc_5repeat	0.1	0.391	0.4303	0.0637	0.0045	0.3592	0.4266	0.39
40perc_10repeat	0.1	0.2988	0.5587	0.0568	0.004	0.6048	0.5051	0.5505
80perc_2repeat	0.1	0.3252	0.49	0.0567	0.004	0.4673	0.4717	0.4695
40perc_2repeat	0.1	0.3325	0.5613	0.0643	0.0045	0.598	0.5642	0.5806
50perc_5repeat	0.1	0.3089	0.5417	0.0584	0.0041	0.5752	0.4828	0.5249
70perc_2repeat	0.1	0.3294	0.5112	0.0536	0.0038	0.5179	0.5046	0.5112
90perc_10repeat	0.1	0.4144	0.4186	0.0663	0.0047	0.353	0.4458	0.394
50perc_10repeat	0.1	0.2998	0.5275	0.0583	0.0041	0.5466	0.5136	0.5296
60perc_2repeat	0.2	0.2571	0.5831	0.0644	0.0046	0.6044	0.5486	0.5751
5perc_10repeat	0.1	0.3589	0.5725	0.0644	0.0046	0.621	0.5621	0.5901
50perc_5repeat	0.2	0.2599	0.5714	0.0653	0.0046	0.5881	0.5549	0.571
50perc_10repeat	0.2	0.2529	0.5521	0.0573	0.0041	0.5592	0.5308	0.5446
80perc_10repeat	0.1	0.3803	0.4298	0.0597	0.0042	0.3638	0.4453	0.4004
50perc_2repeat	0.1	0.3238	0.5544	0.0644	0.0046	0.5856	0.533	0.5581
70perc_2repeat	0.25	0.2555	0.5424	0.0531	0.0038	0.5404	0.5433	0.5418
60perc_2repeat	0.25	0.2425	0.6019	0.0619	0.0044	0.6179	0.5651	0.5903
40perc_2repeat	0.25	0.23	0.6501	0.0607	0.0043	0.6814	0.5609	0.6153
50perc_2repeat	0.25	0.2422	0.6179	0.0652	0.0046	0.6452	0.5581	0.5985
40perc_10repeat	0.25	0.2345	0.6313	0.0644	0.0046	0.657	0.5682	0.6094
50perc_5repeat	0.25	0.245	0.5995	0.0643	0.0045	0.6167	0.5512	0.5821
50perc_10repeat	0.25	0.2456	0.5737	0.0586	0.0041	0.5822	0.5323	0.5561
40perc_5repeat	0.25	0.2362	0.63	0.0636	0.0045	0.6516	0.5869	0.6176
15perc_2repeat	0.2	0.2568	0.6366	0.0668	0.0047	0.6737	0.5767	0.6214
30perc_10repeat	0.2	0.241	0.6312	0.0648	0.0046	0.6646	0.5715	0.6145
60perc_5repeat	0.25	0.2602	0.5077	0.0562	0.004	0.4938	0.4613	0.477
30perc_10repeat	0.1	0.312	0.5718	0.0599	0.0042	0.6175	0.5423	0.5775
100perc_2repeat	0.1	0.3432	0.4167	0.0687	0.0049	0.3471	0.4218	0.3809
70perc_10repeat	0.1	0.3467	0.4399	0.0635	0.0045	0.3869	0.4628	0.4215
30perc_5repeat	0.1	0.329	0.5684	0.066	0.0047	0.6137	0.5483	0.5791
60perc_10repeat	0.25	0.2713	0.4355	0.0542	0.0038	0.3993	0.4499	0.4231
80perc_5repeat	0.1	0.3537	0.4306	0.0688	0.0049	0.375	0.4295	0.4004
70perc_5repeat	0.25	0.2874	0.4067	0.0607	0.0043	0.3839	0.4922	0.4314
15perc_2repeat	0.3	0.2201	0.6769	0.0522	0.0037	0.6931	0.6201	0.6546
80perc_2repeat	0.25	0.2686	0.4632	0.0565	0.004	0.4323	0.4425	0.4373
30perc_2repeat	0.3	0.2236	0.6646	0.0586	0.0041	0.6847	0.6045	0.6421
5perc_10repeat	0.3	0.2173	0.6864	0.0491	0.0035	0.6977	0.6385	0.6668
70perc_10repeat	0.25	0.3044	0.363	0.0614	0.0043	0.3397	0.4306	0.3798
30perc_5repeat	0.3	0.2205	0.6691	0.0563	0.004	0.6878	0.6061	0.6444
90perc_2repeat	0.25	0.2866	0.3671	0.0617	0.0044	0.3421	0.4167	0.3757
100perc_2repeat	0.25	0.3073	0.3178	0.0511	0.0036	0.3029	0.3715	0.3337
80perc_10repeat	0.25	0.341	0.338	0.0599	0.0042	0.3222	0.4137	0.3623
80perc_5repeat	0.25	0.3146	0.352	0.0591	0.0042	0.3301	0.4152	0.3678
90perc_5repeat	0.25	0.3459	0.33	0.0558	0.0039	0.3113	0.3886	0.3457
5perc_2repeat	0.35	0.2074	0.7024	0.0399	0.0028	0.7158	0.6388	0.6751
5perc_2repeat	0.3	0.2188	0.6858	0.0497	0.0035	0.6979	0.6374	0.6662
90perc_10repeat	0.25	0.3752	0.3257	0.0581	0.0041	0.3097	0.3898	0.3452
100perc_5repeat	0.25	0.3794	0.3184	0.0544	0.0038	0.3029	0.3746	0.3349
5perc_5repeat	0.3	0.2177	0.6854	0.0495	0.0035	0.6976	0.635	0.6649
15perc_5repeat	0.3	0.2177	0.68	0.0508	0.0036	0.6952	0.6223	0.6568
15perc_10repeat	0.3	0.2158	0.6829	0.0526	0.0037	0.6985	0.625	0.6597
40perc_2repeat	0.3	0.2288	0.6517	0.0641	0.0045	0.6713	0.6003	0.6338
30perc_10repeat	0.3	0.2196	0.6698	0.0557	0.0039	0.6907	0.5989	0.6416
90perc_2repeat	0.3	0.2844	0.363	0.0599	0.0042	0.3397	0.4087	0.371
100perc_2repeat	0.3	0.3038	0.3052	0.0406	0.0029	0.2919	0.3496	0.3181
90perc_10repeat	0.3	0.3688	0.3118	0.048	0.0034	0.2996	0.3702	0.3312
50perc_2repeat	0.3	0.2303	0.6417	0.0583	0.0041	0.6615	0.5852	0.621
90perc_5repeat	0.3	0.3388	0.3182	0.0491	0.0035	0.3032	0.3709	0.3337
100perc_5repeat	0.3	0.372	0.3048	0.0438	0.0031	0.29	0.3487	0.3167
50perc_5repeat	0.3	0.2405	0.6077	0.0633	0.0045	0.6185	0.572	0.5943
60perc_2repeat	0.3	0.2405	0.6103	0.0657	0.0046	0.6237	0.5805	0.6013
40perc_10repeat	0.3	0.2277	0.6518	0.0576	0.0041	0.6724	0.5927	0.63
40perc_5repeat	0.3	0.2286	0.6486	0.0629	0.0045	0.6684	0.5878	0.6255
100perc_10repeat	0.3	0.406	0.3068	0.0457	0.0032	0.2915	0.352	0.3189
70perc_2repeat	0.3	0.2503	0.5474	0.0514	0.0036	0.5526	0.4826	0.5152
80perc_2repeat	0.3	0.2653	0.4569	0.0587	0.0042	0.4323	0.4847	0.457
60perc_5repeat	0.3	0.2568	0.5061	0.054	0.0038	0.4929	0.4837	0.4883
50perc_10repeat	0.3	0.2456	0.5717	0.052	0.0037	0.5791	0.5517	0.5651
60perc_10repeat	0.3	0.267	0.4316	0.054	0.0038	0.4028	0.4606	0.4297
70perc_5repeat	0.3	0.2816	0.381	0.0642	0.0045	0.3572	0.4204	0.3862
100perc_10repeat	0.25	0.4141	0.321	0.0557	0.0039	0.3047	0.3792	0.3379
80perc_10repeat	0.3	0.332	0.3242	0.0561	0.004	0.3083	0.3813	0.341
80perc_5repeat	0.3	0.3089	0.3348	0.059	0.0042	0.3181	0.3891	0.3501
70perc_10repeat	0.3	0.3008	0.3467	0.055	0.0039	0.3365	0.4391	0.381
5perc_5repeat	0.35	0.2071	0.7026	0.0397	0.0028	0.7169	0.6363	0.6742
30perc_2repeat	0.35	0.2149	0.6809	0.0511	0.0036	0.6977	0.6165	0.6546
15perc_5repeat	0.35	0.2064	0.7004	0.0424	0.003	0.7167	0.6266	0.6686
40perc_2repeat	0.35	0.2179	0.6757	0.0535	0.0038	0.695	0.6066	0.6478
15perc_2repeat	0.35	0.2085	0.6964	0.042	0.003	0.7128	0.6268	0.667
30perc_5repeat	0.35	0.2134	0.6857	0.0478	0.0034	0.7053	0.6117	0.6552
15perc_10repeat	0.35	0.2068	0.6991	0.0406	0.0029	0.7163	0.6225	0.6661
40perc_5repeat	0.35	0.2238	0.6625	0.0578	0.0041	0.6831	0.5961	0.6367
5perc_10repeat	0.35	0.2066	0.7026	0.039	0.0028	0.717	0.6351	0.6736
30perc_10repeat	0.35	0.214	0.6858	0.0457	0.0032	0.7109	0.5911	0.6455
50perc_5repeat	0.35	0.2352	0.6249	0.0578	0.0041	0.6395	0.5693	0.6023
40perc_10repeat	0.35	0.2247	0.6628	0.0511	0.0036	0.6856	0.5831	0.6302
50perc_2repeat	0.35	0.2271	0.6487	0.0562	0.004	0.6724	0.5719	0.6181
60perc_2repeat	0.35	0.2356	0.6247	0.0624	0.0044	0.6365	0.5852	0.6097
50perc_10repeat	0.35	0.2426	0.5894	0.0532	0.0038	0.5958	0.5424	0.5679
70perc_2repeat	0.35	0.2484	0.5617	0.0627	0.0044	0.5603	0.5202	0.5395
60perc_5repeat	0.35	0.2572	0.5003	0.0554	0.0039	0.4892	0.5369	0.5119
60perc_10repeat	0.35	0.2689	0.4217	0.0545	0.0039	0.3965	0.4632	0.4273
15perc_10repeat	0.4	0.205	0.701	0.04	0.0028	0.7145	0.6364	0.6731
80perc_2repeat	0.35	0.2625	0.454	0.0582	0.0041	0.4262	0.4376	0.4318
30perc_2repeat	0.4	0.2108	0.6891	0.0484	0.0034	0.7041	0.6265	0.663
90perc_2repeat	0.35	0.2832	0.346	0.0543	0.0038	0.3307	0.4002	0.3622
30perc_5repeat	0.4	0.2113	0.6916	0.0467	0.0033	0.7099	0.6178	0.6606
70perc_5repeat	0.35	0.2807	0.3791	0.0531	0.0038	0.3612	0.4553	0.4029
40perc_2repeat	0.4	0.2165	0.679	0.052	0.0037	0.6962	0.6122	0.6515
40perc_5repeat	0.4	0.2212	0.6715	0.0502	0.0035	0.6891	0.6021	0.6427
80perc_5repeat	0.35	0.3078	0.3279	0.0493	0.0035	0.3156	0.3936	0.3503
30perc_10repeat	0.4	0.2125	0.6903	0.0456	0.0032	0.7104	0.6089	0.6558
70perc_10repeat	0.35	0.2972	0.3319	0.0526	0.0037	0.3197	0.3975	0.3544
40perc_10repeat	0.4	0.2235	0.6735	0.0519	0.0037	0.6924	0.5999	0.6428
50perc_2repeat	0.4	0.2236	0.6586	0.0583	0.0041	0.677	0.5937	0.6326
90perc_5repeat	0.35	0.3394	0.3034	0.0427	0.003	0.2968	0.3641	0.327
60perc_2repeat	0.4	0.2332	0.6352	0.0634	0.0045	0.6479	0.5853	0.615
5perc_2repeat	0.45	0.1982	0.7182	0.0311	0.0022	0.7216	0.6641	0.6916
50perc_5repeat	0.4	0.235	0.627	0.0583	0.0041	0.6449	0.5626	0.6009
30perc_2repeat	0.45	0.206	0.7033	0.0428	0.003	0.7118	0.6418	0.675
60perc_5repeat	0.4	0.255	0.5012	0.0554	0.0039	0.4884	0.501	0.4946
80perc_10repeat	0.35	0.3339	0.3082	0.0458	0.0032	0.307	0.389	0.3432
50perc_10repeat	0.4	0.2413	0.5934	0.0515	0.0036	0.5979	0.5419	0.5685
5perc_5repeat	0.45	0.1978	0.7185	0.0302	0.0021	0.7209	0.6676	0.6932
70perc_5repeat	0.4	0.2796	0.3627	0.0533	0.0038	0.3495	0.4342	0.3873
60perc_10repeat	0.4	0.2664	0.4041	0.0531	0.0038	0.3851	0.4565	0.4178
90perc_10repeat	0.35	0.3686	0.2973	0.0387	0.0027	0.2943	0.3648	0.3258
15perc_2repeat	0.45	0.2002	0.7123	0.035	0.0025	0.7173	0.656	0.6852
70perc_10repeat	0.4	0.2966	0.3232	0.0484	0.0034	0.3165	0.3942	0.3511
100perc_2repeat	0.35	0.3039	0.2914	0.0323	0.0023	0.2881	0.3494	0.3158
100perc_2repeat	0.4	0.3039	0.2874	0.0295	0.0021	0.282	0.3348	0.3061
15perc_5repeat	0.45	0.2009	0.7101	0.0367	0.0026	0.7184	0.6478	0.6812
100perc_5repeat	0.4	0.3726	0.2864	0.0326	0.0023	0.28	0.3333	0.3044
40perc_2repeat	0.45	0.2137	0.6877	0.0466	0.0033	0.7006	0.6143	0.6546
30perc_5repeat	0.45	0.2091	0.7015	0.0423	0.003	0.7121	0.6306	0.6689
90perc_10repeat	0.4	0.369	0.2924	0.0365	0.0026	0.2874	0.348	0.3148
15perc_10repeat	0.45	0.2003	0.7134	0.0353	0.0025	0.719	0.6544	0.6852
70perc_2repeat	0.4	0.2455	0.5667	0.0604	0.0043	0.5664	0.5192	0.5418
5perc_10repeat	0.45	0.1974	0.7194	0.0297	0.0021	0.7218	0.667	0.6933
50perc_2repeat	0.45	0.2209	0.6809	0.0527	0.0037	0.691	0.6152	0.6509
80perc_2repeat	0.4	0.2626	0.4356	0.0591	0.0042	0.4138	0.4655	0.4381
40perc_5repeat	0.45	0.2199	0.6827	0.0505	0.0036	0.6926	0.6181	0.6532
100perc_5repeat	0.35	0.3724	0.2901	0.035	0.0025	0.2865	0.3487	0.3146
80perc_5repeat	0.4	0.3085	0.3172	0.0448	0.0032	0.3103	0.3858	0.3439
90perc_2repeat	0.4	0.2815	0.3347	0.0521	0.0037	0.3151	0.3604	0.3362
30perc_10repeat	0.45	0.2106	0.6989	0.0431	0.003	0.7122	0.6253	0.6659
60perc_2repeat	0.45	0.2323	0.6433	0.0626	0.0044	0.6448	0.6238	0.6341
5perc_2repeat	0.4	0.2042	0.7073	0.0379	0.0027	0.716	0.6527	0.6829
50perc_5repeat	0.45	0.2339	0.6337	0.056	0.004	0.6444	0.5711	0.6055
40perc_10repeat	0.45	0.2222	0.6867	0.0445	0.0031	0.7012	0.6092	0.652
90perc_5repeat	0.4	0.3401	0.297	0.0388	0.0027	0.293	0.3572	0.3219
80perc_10repeat	0.4	0.3329	0.3011	0.0411	0.0029	0.3007	0.3782	0.335
70perc_2repeat	0.45	0.2458	0.5636	0.0597	0.0042	0.557	0.5299	0.5431
60perc_5repeat	0.45	0.2529	0.5093	0.057	0.004	0.4915	0.4709	0.4809
80perc_2repeat	0.45	0.2636	0.431	0.0585	0.0041	0.4059	0.4597	0.4311
50perc_10repeat	0.45	0.241	0.5974	0.0501	0.0035	0.5979	0.5558	0.5761
90perc_2repeat	0.45	0.2821	0.3172	0.0392	0.0028	0.3055	0.3685	0.3341
5perc_5repeat	0.4	0.2045	0.7062	0.0402	0.0028	0.7139	0.6553	0.6833
70perc_5repeat	0.45	0.2793	0.3631	0.0481	0.0034	0.3505	0.4482	0.3934
60perc_10repeat	0.45	0.2656	0.4045	0.0498	0.0035	0.3811	0.4531	0.414
80perc_5repeat	0.45	0.3058	0.3061	0.0412	0.0029	0.299	0.3722	0.3316
100perc_10repeat	0.4	0.4077	0.2881	0.0346	0.0024	0.2815	0.3364	0.3065
100perc_2repeat	0.45	0.3022	0.278	0.0228	0.0016	0.2729	0.3257	0.2969
100perc_5repeat	0.45	0.3689	0.2759	0.0249	0.0018	0.27	0.3219	0.2937
15perc_2repeat	0.4	0.2061	0.7006	0.0412	0.0029	0.7114	0.6437	0.6758
90perc_5repeat	0.45	0.3366	0.2851	0.0319	0.0023	0.2803	0.3406	0.3076
70perc_10repeat	0.45	0.2961	0.3156	0.0472	0.0033	0.3092	0.3888	0.3445
80perc_10repeat	0.45	0.3296	0.2931	0.0369	0.0026	0.2894	0.3602	0.321
90perc_10repeat	0.45	0.3652	0.2833	0.031	0.0022	0.2788	0.3388	0.3059
5perc_10repeat	0.4	0.2037	0.7073	0.0382	0.0027	0.7161	0.6534	0.6833
15perc_5repeat	0.4	0.2045	0.7026	0.0388	0.0027	0.7163	0.6371	0.6744
100perc_10repeat	0.35	0.4072	0.2919	0.0363	0.0026	0.288	0.3518	0.3167
5perc_10repeat	0.5	0.1948	0.7243	0.0264	0.0019	0.7275	0.6731	0.6992
5perc_2repeat	0.5	0.195	0.7238	0.0271	0.0019	0.7267	0.6733	0.699
5perc_5repeat	0.5	0.1947	0.7243	0.0256	0.0018	0.7271	0.674	0.6996
15perc_2repeat	0.5	0.1966	0.7208	0.0273	0.0019	0.7256	0.6655	0.6942
100perc_10repeat	0.45	0.4034	0.277	0.0262	0.0019	0.271	0.3239	0.2951
15perc_5repeat	0.5	0.198	0.7172	0.0318	0.0022	0.7249	0.6551	0.6883
15perc_2repeat	0.7	0.1922	0.7298	0.0283	0.002	0.7317	0.6788	0.7043
30perc_2repeat	0.7	0.2	0.7199	0.0363	0.0026	0.7274	0.6564	0.6901
5perc_5repeat	0.7	0.1894	0.7341	0.0275	0.0019	0.7316	0.6926	0.7115
15perc_5repeat	0.7	0.1929	0.7299	0.0286	0.002	0.7316	0.6798	0.7047
40perc_2repeat	0.7	0.2063	0.7201	0.0355	0.0025	0.7251	0.6608	0.6915
15perc_2repeat	0.6	0.1928	0.7282	0.0291	0.0021	0.7351	0.6733	0.7028
5perc_5repeat	0.6	0.1901	0.7325	0.0246	0.0017	0.7372	0.6819	0.7085
5perc_10repeat	0.7	0.1895	0.7343	0.0281	0.002	0.7317	0.6926	0.7116
5perc_2repeat	0.6	0.1903	0.7321	0.0251	0.0018	0.736	0.6832	0.7086
40perc_5repeat	0.7	0.2155	0.7059	0.0387	0.0027	0.7171	0.6294	0.6704
15perc_10repeat	0.7	0.1936	0.7298	0.0289	0.002	0.7321	0.678	0.704
30perc_5repeat	0.5	0.2076	0.7031	0.0385	0.0027	0.7181	0.6258	0.6688
40perc_2repeat	0.5	0.2115	0.696	0.0424	0.003	0.7087	0.6252	0.6643
30perc_10repeat	0.7	0.2068	0.717	0.0358	0.0025	0.7271	0.6474	0.6849
15perc_10repeat	0.6	0.194	0.727	0.0273	0.0019	0.7362	0.6671	0.6999
50perc_2repeat	0.5	0.2179	0.6921	0.0449	0.0032	0.7037	0.62	0.6592
30perc_2repeat	0.6	0.2	0.7198	0.0326	0.0023	0.7312	0.6543	0.6906
30perc_10repeat	0.6	0.207	0.7124	0.0369	0.0026	0.7309	0.6305	0.677
40perc_2repeat	0.6	0.2081	0.7075	0.0384	0.0027	0.7203	0.6373	0.6763
40perc_10repeat	0.7	0.2203	0.701	0.04	0.0028	0.7136	0.6237	0.6656
15perc_5repeat	0.6	0.1939	0.7271	0.028	0.002	0.7364	0.6669	0.6999
15perc_10repeat	0.5	0.1978	0.7184	0.0298	0.0021	0.7269	0.6549	0.689
30perc_5repeat	0.6	0.2049	0.7151	0.0345	0.0024	0.7288	0.6449	0.6843
40perc_10repeat	0.5	0.2221	0.6865	0.0444	0.0031	0.7006	0.6105	0.6525
50perc_2repeat	0.6	0.2172	0.6973	0.0447	0.0032	0.7097	0.6271	0.6659
70perc_5repeat	0.5	0.2785	0.3546	0.0517	0.0037	0.3415	0.4213	0.3772
70perc_2repeat	0.6	0.2438	0.5771	0.0594	0.0042	0.5684	0.5642	0.5663
40perc_5repeat	0.6	0.2154	0.703	0.0426	0.003	0.7204	0.6229	0.6681
60perc_5repeat	0.5	0.2516	0.5086	0.0554	0.0039	0.4913	0.4813	0.4862
80perc_2repeat	0.5	0.2617	0.4269	0.0545	0.0039	0.4036	0.4521	0.4265
90perc_2repeat	0.6	0.2799	0.3097	0.0409	0.0029	0.3046	0.3613	0.3305
80perc_2repeat	0.6	0.2617	0.421	0.0577	0.0041	0.403	0.4623	0.4306
50perc_5repeat	0.6	0.232	0.656	0.052	0.0037	0.6654	0.5968	0.6292
50perc_10repeat	0.5	0.2408	0.602	0.0524	0.0037	0.6018	0.5575	0.5788
60perc_10repeat	0.5	0.2664	0.3943	0.0526	0.0037	0.3761	0.4481	0.4089
70perc_5repeat	0.6	0.2769	0.3388	0.0501	0.0035	0.327	0.389	0.3553
100perc_2repeat	0.6	0.3022	0.267	0.0199	0.0014	0.2667	0.3134	0.2882
70perc_10repeat	0.5	0.2964	0.3059	0.0401	0.0028	0.3062	0.3859	0.3415
40perc_10repeat	0.6	0.22	0.698	0.0418	0.003	0.7174	0.6123	0.6607
80perc_5repeat	0.5	0.3062	0.3014	0.0381	0.0027	0.2971	0.3656	0.3278
60perc_5repeat	0.6	0.2534	0.4959	0.0518	0.0037	0.479	0.5138	0.4958
80perc_5repeat	0.6	0.3051	0.2888	0.0351	0.0025	0.2898	0.3554	0.3192
90perc_5repeat	0.5	0.3361	0.2777	0.0257	0.0018	0.2763	0.3315	0.3014
100perc_2repeat	0.5	0.3022	0.2739	0.0195	0.0014	0.2714	0.3211	0.2941
90perc_5repeat	0.6	0.3356	0.2716	0.0248	0.0018	0.2724	0.3247	0.2963
50perc_10repeat	0.6	0.2407	0.6071	0.0543	0.0038	0.609	0.5589	0.5829
80perc_10repeat	0.5	0.3297	0.2859	0.0326	0.0023	0.2869	0.3527	0.3164
100perc_5repeat	0.6	0.3687	0.2638	0.0215	0.0015	0.2628	0.3077	0.2835
60perc_10repeat	0.6	0.2649	0.3941	0.0512	0.0036	0.3765	0.4398	0.4057
90perc_10repeat	0.5	0.3653	0.2775	0.0269	0.0019	0.2763	0.3328	0.3019
80perc_10repeat	0.6	0.3288	0.2798	0.0314	0.0022	0.2835	0.3461	0.3116
100perc_5repeat	0.5	0.3689	0.2713	0.0218	0.0015	0.268	0.3165	0.2903
60perc_2repeat	0.7	0.2289	0.6721	0.0509	0.0036	0.6736	0.6232	0.6474
90perc_10repeat	0.6	0.3641	0.2692	0.026	0.0018	0.2706	0.3222	0.2941
100perc_10repeat	0.6	0.4035	0.2643	0.0224	0.0016	0.2634	0.3087	0.2842
5perc_2repeat	0.7	0.1894	0.7342	0.0272	0.0019	0.7313	0.6933	0.7118
50perc_2repeat	0.7	0.2165	0.7036	0.043	0.003	0.7103	0.6412	0.674
30perc_5repeat	0.7	0.2038	0.7207	0.035	0.0025	0.728	0.6562	0.6902
60perc_5repeat	0.7	0.2519	0.5036	0.0521	0.0037	0.4827	0.4973	0.4899
5perc_2repeat	0.9	0.1875	0.7385	0.053	0.0037	0.7358	0.709	0.7221
15perc_2repeat	0.9	0.1901	0.735	0.0529	0.0037	0.7351	0.6996	0.7169
50perc_5repeat	0.7	0.2329	0.6546	0.0569	0.004	0.6569	0.6051	0.63
30perc_2repeat	0.9	0.1984	0.7271	0.0537	0.0038	0.7326	0.6798	0.7052
15perc_5repeat	0.9	0.192	0.7316	0.053	0.0038	0.7344	0.6912	0.7121
40perc_2repeat	0.9	0.2056	0.7252	0.055	0.0039	0.732	0.6725	0.701
5perc_5repeat	0.9	0.1877	0.7378	0.0528	0.0037	0.7356	0.7073	0.7211
70perc_2repeat	0.7	0.2427	0.5866	0.0535	0.0038	0.5737	0.5438	0.5583
60perc_10repeat	0.7	0.2647	0.38	0.0463	0.0033	0.3623	0.4252	0.3912
30perc_5repeat	0.9	0.2033	0.7233	0.0542	0.0038	0.7343	0.6676	0.6993
50perc_2repeat	0.9	0.2153	0.7152	0.0556	0.0039	0.7228	0.6606	0.6903
40perc_5repeat	0.9	0.2154	0.7113	0.0566	0.004	0.725	0.6444	0.6823
70perc_5repeat	0.7	0.2772	0.3366	0.0457	0.0032	0.3276	0.4034	0.3615
60perc_2repeat	0.6	0.2285	0.6678	0.0527	0.0037	0.6745	0.6125	0.642
60perc_2repeat	0.9	0.2286	0.6827	0.0621	0.0044	0.6882	0.6351	0.6606
50perc_5repeat	0.9	0.2312	0.6727	0.0654	0.0046	0.6833	0.6087	0.6439
5perc_10repeat	0.9	0.1879	0.7373	0.0523	0.0037	0.7353	0.7058	0.7203
15perc_2repeat	0.8	0.1901	0.7355	0.0358	0.0025	0.7336	0.6935	0.713
15perc_10repeat	0.9	0.192	0.7326	0.0535	0.0038	0.7354	0.6912	0.7126
30perc_2repeat	0.8	0.1974	0.7294	0.0374	0.0026	0.7316	0.6771	0.7033
40perc_10repeat	0.9	0.2197	0.7049	0.0525	0.0037	0.724	0.6254	0.6711
30perc_10repeat	0.9	0.2056	0.7217	0.0539	0.0038	0.7343	0.6607	0.6956
5perc_2repeat	0.8	0.1877	0.7392	0.0349	0.0025	0.7338	0.7046	0.7189
30perc_2repeat	0.5	0.2038	0.71	0.0374	0.0026	0.7204	0.6433	0.6797
5perc_10repeat	0.6	0.1901	0.7325	0.0247	0.0017	0.7367	0.6828	0.7087
50perc_10repeat	0.7	0.2401	0.612	0.0491	0.0035	0.6079	0.5698	0.5882
40perc_2repeat	0.8	0.2052	0.7224	0.0404	0.0029	0.7283	0.6611	0.6931
50perc_10repeat	0.9	0.2394	0.6216	0.052	0.0037	0.6275	0.555	0.589
5perc_5repeat	0.8	0.1878	0.7386	0.0352	0.0025	0.7338	0.7026	0.7179
15perc_5repeat	0.8	0.1912	0.735	0.0355	0.0025	0.7343	0.6901	0.7115
50perc_2repeat	0.8	0.2146	0.7141	0.0414	0.0029	0.7197	0.6517	0.684
5perc_10repeat	0.8	0.1877	0.739	0.0351	0.0025	0.7343	0.7028	0.7182
30perc_5repeat	0.8	0.2027	0.7261	0.0398	0.0028	0.7324	0.6662	0.6977
60perc_2repeat	0.8	0.2282	0.6788	0.0514	0.0036	0.6802	0.6264	0.6522
90perc_2repeat	0.8	0.28	0.2904	0.0367	0.0026	0.2845	0.3369	0.3085
60perc_5repeat	0.8	0.2521	0.5006	0.0594	0.0042	0.4794	0.4973	0.4882
15perc_10repeat	0.8	0.1919	0.7344	0.0357	0.0025	0.7347	0.6876	0.7104
70perc_5repeat	0.8	0.2761	0.3269	0.0466	0.0033	0.3169	0.3848	0.3476
40perc_5repeat	0.8	0.2146	0.7145	0.0431	0.003	0.7233	0.6456	0.6823
70perc_10repeat	0.6	0.295	0.2971	0.04	0.0028	0.2979	0.3694	0.3298
70perc_10repeat	0.7	0.2949	0.2954	0.0379	0.0027	0.2963	0.3698	0.329
80perc_2repeat	0.8	0.2604	0.4099	0.053	0.0037	0.3885	0.4352	0.4105
70perc_2repeat	0.8	0.2418	0.5945	0.06	0.0042	0.5844	0.561	0.5725
60perc_2repeat	0.5	0.2316	0.6492	0.0551	0.0039	0.6577	0.5879	0.6208
30perc_10repeat	0.8	0.2054	0.7246	0.0399	0.0028	0.7312	0.6642	0.6961
50perc_5repeat	0.8	0.2308	0.6684	0.053	0.0037	0.676	0.6033	0.6376
70perc_2repeat	0.5	0.2449	0.5698	0.0643	0.0045	0.5634	0.5436	0.5534
90perc_5repeat	0.8	0.3345	0.2644	0.0349	0.0025	0.2605	0.3047	0.2809
40perc_5repeat	0.5	0.2187	0.6838	0.0437	0.0031	0.703	0.5957	0.645
100perc_5repeat	0.8	0.3679	0.2591	0.0349	0.0025	0.2526	0.2912	0.2705
50perc_10repeat	0.8	0.2392	0.6249	0.0482	0.0034	0.6217	0.5754	0.5977
100perc_2repeat	0.8	0.3017	0.2636	0.0336	0.0024	0.2577	0.2984	0.2765
70perc_5repeat	0.9	0.2758	0.3211	0.0529	0.0037	0.3167	0.3733	0.3427
80perc_5repeat	0.8	0.3051	0.2749	0.0372	0.0026	0.2751	0.3314	0.3006
50perc_5repeat	0.5	0.233	0.6417	0.0569	0.004	0.6517	0.5779	0.6126
70perc_10repeat	0.8	0.2943	0.2872	0.0395	0.0028	0.2879	0.3544	0.3177
40perc_10repeat	0.8	0.2196	0.7096	0.0456	0.0032	0.7176	0.6439	0.6788
80perc_2repeat	0.7	0.2603	0.4197	0.0533	0.0038	0.3977	0.441	0.4183
100perc_2repeat	0.7	0.3017	0.2666	0.0242	0.0017	0.262	0.3059	0.2822
80perc_2repeat	0.9	0.2609	0.3999	0.0567	0.004	0.3836	0.4311	0.406
90perc_2repeat	0.5	0.2811	0.3142	0.0405	0.0029	0.3043	0.3621	0.3307
60perc_10repeat	0.8	0.2648	0.3769	0.0523	0.0037	0.3606	0.429	0.3919
30perc_10repeat	0.5	0.2086	0.707	0.0353	0.0025	0.7229	0.6254	0.6706
80perc_10repeat	0.8	0.3275	0.2711	0.0366	0.0026	0.2711	0.3251	0.2957
90perc_2repeat	0.7	0.2799	0.301	0.0359	0.0025	0.2932	0.3482	0.3184
90perc_2repeat	0.9	0.2792	0.2899	0.0497	0.0035	0.289	0.3318	0.3089
90perc_10repeat	0.8	0.3639	0.2629	0.0353	0.0025	0.2593	0.3033	0.2796
60perc_5repeat	0.9	0.251	0.5056	0.0575	0.0041	0.4868	0.4894	0.4881
80perc_5repeat	0.7	0.3037	0.2809	0.0334	0.0024	0.2798	0.3388	0.3065
70perc_2repeat	0.9	0.2434	0.5844	0.0622	0.0044	0.5758	0.5666	0.5711
100perc_10repeat	0.8	0.4028	0.2592	0.0348	0.0025	0.2529	0.2917	0.2709
90perc_10repeat	0.7	0.3635	0.2676	0.0273	0.0019	0.2653	0.3135	0.2874
90perc_5repeat	0.7	0.3344	0.2692	0.0273	0.0019	0.2659	0.3137	0.2878
70perc_10repeat	0.9	0.2946	0.2869	0.0554	0.0039	0.2931	0.3531	0.3203
90perc_5repeat	0.9	0.3334	0.2662	0.0522	0.0037	0.2655	0.2999	0.2816
100perc_5repeat	0.9	0.3664	0.2601	0.0528	0.0037	0.257	0.2862	0.2708
100perc_2repeat	0.9	0.3012	0.2643	0.0505	0.0036	0.262	0.2934	0.2768
80perc_10repeat	0.7	0.3279	0.274	0.0315	0.0022	0.2745	0.3317	0.3004
100perc_5repeat	0.7	0.3678	0.2631	0.0263	0.0019	0.2579	0.2997	0.2772
80perc_10repeat	0.9	0.3264	0.2725	0.0521	0.0037	0.2775	0.3221	0.2982
100perc_10repeat	0.9	0.4009	0.2596	0.053	0.0037	0.2566	0.286	0.2705
90perc_10repeat	0.9	0.3621	0.2652	0.0533	0.0038	0.2657	0.3011	0.2823
100perc_10repeat	0.5	0.4037	0.2722	0.023	0.0016	0.2688	0.3182	0.2915
100perc_10repeat	0.7	0.4027	0.2635	0.0266	0.0019	0.2583	0.3005	0.2778
80perc_5repeat	0.9	0.3032	0.2764	0.0516	0.0036	0.2808	0.3271	0.3022
60perc_10repeat	0.9	0.2645	0.3764	0.0543	0.0038	0.367	0.4338	0.3976
