Label	trainingSize	meanSquaredLoss	meanAccuracy	sd	se	meanPrecision	meanRecall	f1

originalPMLE	0.9	0.3114	0	0	0	0	0	0
originalPMLE	0.8	0.3127	0	0	0	0	0	0
originalPMLE	0.7	0.3111	0	0	0	0	0	0
originalPMLE	0.6	0.3128	0	0	0	0	0	0
originalPMLE	0.5	0.3124	0	0	0	0	0	0
originalPMLE	0.3	0.3161	0	0	0	0	0	0
originalPMLE	0.4	0.3134	0	0	0	0	0	0
originalPMLE	0.35	0.316	0	0	0	0	0	0
originalPMLE	0.2	0.3162	0	0	0	0	0	0
originalPMLE	0.1	0.3182	0	0	0	0	0	0
originalPMLE	0.45	0.3153	0	0	0	0	0	0
originalPMLE	0.25	0.3158	0	0	0	0	0	0
originalPMLE	0.05	0.3143	0	0	0	0	0	0
rongjingAlgo	0.05	0.2	0	0	0	0	0	0
rongjingAlgo	0.1	0.1947	0	0	0	0	0	0
rongjingAlgo	0.2	0.1738	0	0	0	0	0	0
rongjingAlgo	0.3	0.1715	0	0	0	0	0	0
rongjingAlgo	0.4	0.1669	0	0	0	0	0	0
rongjingAlgo	0.5	0.1673	0	0	0	0	0	0
rongjingAlgo	0.6	0.1677	0	0	0	0	0	0
rongjingAlgo	0.7	0.172	0	0	0	0	0	0
rongjingAlgo	0.8	0.1704	0	0	0	0	0	0
rongjingAlgo	0.9	0.1774	0	0	0	0	0	0
rongjingPMLE	0.9	0.1724	0	0	0	0	0	0
rongjingPMLE	0.8	0.1713	0	0	0	0	0	0
rongjingPMLE	0.7	0.1706	0	0	0	0	0	0
rongjingPMLE	0.6	0.1715	0	0	0	0	0	0
rongjingPMLE	0.5	0.1721	0	0	0	0	0	0
rongjingPMLE	0.4	0.1741	0	0	0	0	0	0
rongjingPMLE	0.3	0.1796	0	0	0	0	0	0
rongjingPMLE	0.2	0.1943	0	0	0	0	0	0
rongjingPMLE	0.1	0.235	0	0	0	0	0	0
rongjingPMLE	0.05	0.307	0	0	0	0	0	0

40perc_2repeat	0.4	0.1873	0.7369	0.0049	0.0003	0.6299	0.5294	0.5753
50perc_2repeat	0.4	0.1968	0.7311	0.0069	0.0005	0.6231	0.5236	0.5691
40perc_5repeat	0.4	0.1943	0.7351	0.0046	0.0003	0.6325	0.5097	0.5645
50perc_5repeat	0.4	0.2143	0.722	0.0089	0.0006	0.6073	0.5131	0.5562
15perc_2repeat	0.4	0.1772	0.7449	0.0043	0.0003	0.6278	0.568	0.5964
5perc_2repeat	0.4	0.1757	0.7472	0.0046	0.0003	0.6239	0.5887	0.6058
30perc_2repeat	0.4	0.1814	0.7406	0.0044	0.0003	0.6315	0.54	0.5822
5perc_5repeat	0.4	0.1755	0.7473	0.0044	0.0003	0.6255	0.5832	0.6036
30perc_5repeat	0.4	0.1842	0.7401	0.0045	0.0003	0.6357	0.5222	0.5734
15perc_5repeat	0.4	0.1772	0.745	0.0041	0.0003	0.6313	0.5552	0.5908
50perc_10repeat	0.4	0.2261	0.6992	0.0224	0.0016	0.5665	0.5111	0.5374
70perc_10repeat	0.4	0.3362	0.2749	0.0046	0.0003	0.2356	0.5006	0.3204
40perc_10repeat	0.4	0.1987	0.7341	0.0056	0.0004	0.632	0.5036	0.5605
15perc_10repeat	0.4	0.1775	0.7449	0.0042	0.0003	0.6325	0.551	0.589
5perc_10repeat	0.4	0.1755	0.7471	0.0047	0.0003	0.6258	0.5808	0.6025
30perc_10repeat	0.4	0.1855	0.7399	0.0045	0.0003	0.6376	0.5151	0.5698
30perc_2repeat	0.2	0.1911	0.7301	0.0201	0.0014	0.5942	0.637	0.6149
40perc_5repeat	0.2	0.1979	0.729	0.0217	0.0015	0.6033	0.5906	0.5969
30perc_5repeat	0.2	0.1908	0.7327	0.0211	0.0015	0.6033	0.6097	0.6065
50perc_5repeat	0.2	0.217	0.7021	0.0518	0.0037	0.5734	0.5868	0.58
15perc_5repeat	0.2	0.1885	0.7339	0.0233	0.0017	0.5933	0.6534	0.6219
15perc_10repeat	0.2	0.1868	0.7364	0.0174	0.0012	0.5973	0.6456	0.6205
30perc_10repeat	0.2	0.1908	0.7346	0.0148	0.001	0.6076	0.5972	0.6023
40perc_10repeat	0.2	0.2023	0.7269	0.0278	0.002	0.6027	0.5811	0.5917
100perc_2repeat	0.2	0.2917	0.3291	0.0362	0.0026	0.2025	0.3164	0.247
70perc_2repeat	0.2	0.2266	0.6742	0.0672	0.0048	0.5419	0.5852	0.5627
50perc_2repeat	0.2	0.1996	0.723	0.0243	0.0017	0.5947	0.6064	0.6005
5perc_2repeat	0.2	0.1929	0.7297	0.0262	0.0019	0.5788	0.695	0.6316
60perc_2repeat	0.2	0.2113	0.7066	0.0413	0.0029	0.5771	0.6041	0.5903
60perc_5repeat	0.2	0.248	0.5383	0.1244	0.0088	0.4034	0.5187	0.4539
5perc_5repeat	0.2	0.1913	0.7313	0.0254	0.0018	0.5817	0.6877	0.6303
90perc_5repeat	0.2	0.368	0.2904	0.0222	0.0016	0.2038	0.3657	0.2617
100perc_5repeat	0.2	0.3876	0.2997	0.0273	0.0019	0.2002	0.3411	0.2523
70perc_2repeat	0.1	0.2301	0.6493	0.0939	0.0066	0.5275	0.625	0.5721
90perc_5repeat	0.1	0.3637	0.3305	0.0642	0.0045	0.1982	0.3142	0.2431
70perc_5repeat	0.1	0.2916	0.3849	0.1136	0.008	0.2456	0.3752	0.2969
60perc_10repeat	0.2	0.2775	0.3465	0.0786	0.0056	0.2386	0.4136	0.3026
5perc_10repeat	0.2	0.1904	0.7324	0.0236	0.0017	0.5835	0.6847	0.63
30perc_10repeat	0.1	0.2106	0.7	0.0571	0.004	0.5627	0.6658	0.6099
70perc_10repeat	0.1	0.3347	0.3206	0.0697	0.0049	0.2057	0.3565	0.2609
100perc_10repeat	0.2	0.4278	0.2982	0.0271	0.0019	0.2008	0.3443	0.2536
90perc_10repeat	0.2	0.41	0.2872	0.0205	0.0015	0.2049	0.3722	0.2643
40perc_2repeat	0.1	0.2184	0.6858	0.0708	0.005	0.5485	0.6833	0.6086
15perc_2repeat	0.1	0.2216	0.6918	0.0674	0.0048	0.5459	0.7137	0.6186
50perc_2repeat	0.1	0.2239	0.6735	0.0828	0.0059	0.5452	0.6634	0.5985
100perc_2repeat	0.1	0.2655	0.4265	0.0662	0.0047	0.232	0.2754	0.2518
30perc_5repeat	0.1	0.2102	0.7008	0.0587	0.0042	0.5624	0.6723	0.6125
90perc_2repeat	0.1	0.2528	0.5355	0.125	0.0088	0.3941	0.4588	0.424
60perc_5repeat	0.1	0.2554	0.5344	0.1389	0.0098	0.411	0.5348	0.4648
50perc_5repeat	0.1	0.2325	0.6468	0.1092	0.0077	0.5253	0.6457	0.5793
5perc_5repeat	0.1	0.2286	0.6848	0.0686	0.0049	0.5345	0.7373	0.6197
50perc_10repeat	0.1	0.2372	0.6237	0.1195	0.0084	0.5035	0.6128	0.5528
15perc_10repeat	0.1	0.2168	0.6952	0.0645	0.0046	0.5505	0.7034	0.6176
60perc_10repeat	0.1	0.2807	0.4012	0.1192	0.0084	0.2649	0.407	0.3209
5perc_10repeat	0.1	0.2285	0.6847	0.0676	0.0048	0.5338	0.7384	0.6196
90perc_2repeat	0.2	0.2699	0.3805	0.0748	0.0053	0.2342	0.3397	0.2773
70perc_2repeat	0.4	0.2332	0.6622	0.0531	0.0038	0.5183	0.5303	0.5242
70perc_5repeat	0.2	0.2902	0.3279	0.0692	0.0049	0.2215	0.3824	0.2805
60perc_2repeat	0.4	0.2119	0.7199	0.0171	0.0012	0.6046	0.5254	0.5622
90perc_2repeat	0.4	0.2839	0.2989	0.0126	0.0009	0.234	0.453	0.3086
70perc_10repeat	0.2	0.3374	0.2837	0.0277	0.002	0.2151	0.418	0.284
60perc_2repeat	0.1	0.233	0.6496	0.0965	0.0068	0.5252	0.67	0.5888
60perc_5repeat	0.4	0.2503	0.5107	0.1012	0.0072	0.3661	0.505	0.4244
70perc_5repeat	0.4	0.2945	0.2889	0.013	0.0009	0.235	0.4801	0.3156
100perc_10repeat	0.1	0.4224	0.3463	0.0704	0.005	0.1997	0.2965	0.2386
60perc_10repeat	0.4	0.2792	0.3114	0.038	0.0027	0.2436	0.4844	0.3242
15perc_2repeat	0.7	0.1751	0.7406	0.0086	0.0006	0.6496	0.4711	0.5461
30perc_2repeat	0.7	0.181	0.7371	0.0085	0.0006	0.6517	0.4592	0.5387
5perc_2repeat	0.5	0.1736	0.746	0.0059	0.0004	0.6323	0.5458	0.5859
5perc_2repeat	0.7	0.1728	0.7425	0.0081	0.0006	0.6478	0.4809	0.552
30perc_2repeat	0.5	0.1809	0.7396	0.0053	0.0004	0.6384	0.5077	0.5656
100perc_2repeat	0.4	0.3045	0.288	0.0061	0.0004	0.2295	0.4452	0.3029
40perc_2repeat	0.7	0.1874	0.7338	0.0083	0.0006	0.6488	0.4511	0.5322
5perc_5repeat	0.7	0.1728	0.7427	0.0082	0.0006	0.6489	0.4794	0.5514
90perc_5repeat	0.4	0.3665	0.2772	0.0045	0.0003	0.2314	0.4703	0.3102
15perc_2repeat	0.5	0.1756	0.7437	0.0055	0.0004	0.6358	0.5288	0.5774
5perc_5repeat	0.5	0.1736	0.7458	0.0057	0.0004	0.6335	0.541	0.5836
30perc_5repeat	0.5	0.1839	0.7392	0.0056	0.0004	0.642	0.4957	0.5594
40perc_2repeat	0.2	0.1945	0.7267	0.0241	0.0017	0.5945	0.6233	0.6086
30perc_5repeat	0.7	0.184	0.738	0.0082	0.0006	0.6558	0.4539	0.5365
15perc_2repeat	0.2	0.19	0.732	0.0237	0.0017	0.588	0.6678	0.6254
100perc_5repeat	0.4	0.3864	0.2794	0.0052	0.0004	0.2279	0.45	0.3026
15perc_5repeat	0.7	0.1757	0.741	0.0084	0.0006	0.6528	0.4669	0.5444
50perc_2repeat	0.7	0.1982	0.7288	0.0083	0.0006	0.6399	0.4474	0.5266
60perc_2repeat	0.7	0.2149	0.7174	0.0113	0.0008	0.6146	0.4491	0.519
15perc_5repeat	0.5	0.1761	0.744	0.0055	0.0004	0.6394	0.5197	0.5733
70perc_2repeat	0.7	0.2369	0.6518	0.0366	0.0026	0.4948	0.481	0.4878
90perc_2repeat	0.7	0.2844	0.2981	0.0081	0.0006	0.2573	0.5527	0.3512
40perc_2repeat	0.5	0.1871	0.7356	0.0054	0.0004	0.6369	0.4967	0.5581
50perc_2repeat	0.5	0.1973	0.7306	0.0061	0.0004	0.6286	0.4959	0.5544
60perc_2repeat	0.5	0.2125	0.7204	0.0094	0.0007	0.6098	0.4958	0.5469
90perc_10repeat	0.4	0.4073	0.2759	0.0047	0.0003	0.2311	0.471	0.3101
15perc_10repeat	0.5	0.1763	0.7438	0.0054	0.0004	0.6402	0.5159	0.5714
40perc_5repeat	0.7	0.1944	0.7339	0.0082	0.0006	0.6506	0.4488	0.5312
70perc_2repeat	0.5	0.2353	0.6545	0.0542	0.0038	0.5061	0.5109	0.5085
50perc_5repeat	0.7	0.2147	0.7216	0.0079	0.0006	0.6211	0.4494	0.5214
50perc_5repeat	0.5	0.2149	0.7218	0.0102	0.0007	0.612	0.4861	0.5418
60perc_5repeat	0.7	0.2507	0.5003	0.0786	0.0056	0.348	0.4988	0.41
40perc_5repeat	0.5	0.194	0.7353	0.0054	0.0004	0.6403	0.4841	0.5513
70perc_5repeat	0.7	0.2938	0.2882	0.0085	0.0006	0.2527	0.5575	0.3478
5perc_5repeat	0.8	0.1728	0.7417	0.0105	0.0007	0.6606	0.4582	0.5411
5perc_10repeat	0.7	0.1729	0.7426	0.008	0.0006	0.6492	0.478	0.5506
5perc_10repeat	0.5	0.1735	0.7456	0.0057	0.0004	0.6338	0.5388	0.5824
50perc_10repeat	0.2	0.2304	0.6632	0.0811	0.0057	0.5276	0.5868	0.5557
60perc_5repeat	0.5	0.251	0.5019	0.0932	0.0066	0.3547	0.5018	0.4156
90perc_5repeat	0.7	0.3573	0.2834	0.0088	0.0006	0.256	0.5683	0.353
30perc_2repeat	0.1	0.2205	0.6867	0.0712	0.005	0.5474	0.6916	0.6111
100perc_10repeat	0.4	0.4264	0.2788	0.0053	0.0004	0.2275	0.4494	0.3021
5perc_2repeat	0.1	0.2303	0.6834	0.0714	0.0051	0.5335	0.7376	0.6192
90perc_2repeat	0.5	0.2836	0.2981	0.0096	0.0007	0.243	0.49	0.3249
15perc_10repeat	0.7	0.1762	0.7409	0.0083	0.0006	0.6535	0.4647	0.5432
100perc_5repeat	0.7	0.3778	0.285	0.009	0.0006	0.2561	0.5619	0.3519
30perc_10repeat	0.7	0.1854	0.739	0.0079	0.0006	0.6589	0.4522	0.5363
100perc_2repeat	0.5	0.3049	0.2883	0.0057	0.0004	0.2414	0.4915	0.3237
40perc_10repeat	0.5	0.1984	0.7344	0.0052	0.0004	0.6393	0.4798	0.5482
5perc_2repeat	0.8	0.1727	0.7419	0.0104	0.0007	0.6595	0.4607	0.5425
30perc_10repeat	0.5	0.1853	0.7396	0.0055	0.0004	0.6449	0.4893	0.5564
50perc_10repeat	0.5	0.2264	0.7018	0.0155	0.0011	0.5691	0.4899	0.5266
15perc_5repeat	0.1	0.2187	0.6936	0.0648	0.0046	0.5483	0.7079	0.6179
90perc_5repeat	0.5	0.3628	0.2792	0.0056	0.0004	0.2416	0.5098	0.3278
15perc_2repeat	0.9	0.176	0.7375	0.016	0.0011	0.664	0.4332	0.5243
70perc_5repeat	0.5	0.2956	0.2864	0.0091	0.0006	0.2425	0.5146	0.3297
90perc_10repeat	0.1	0.4044	0.3323	0.0684	0.0048	0.199	0.3148	0.2439
5perc_2repeat	0.9	0.1736	0.7382	0.0155	0.0011	0.6619	0.4351	0.5251
100perc_5repeat	0.1	0.3836	0.3469	0.0694	0.0049	0.1987	0.2926	0.2367
40perc_10repeat	0.1	0.219	0.6846	0.0749	0.0053	0.5505	0.6618	0.601
100perc_5repeat	0.5	0.383	0.2813	0.0058	0.0004	0.2399	0.495	0.3232
60perc_10repeat	0.5	0.278	0.3089	0.0254	0.0018	0.2479	0.5085	0.3333
40perc_5repeat	0.1	0.221	0.6779	0.0841	0.0059	0.5463	0.6656	0.6001
40perc_10repeat	0.7	0.1986	0.7335	0.0079	0.0006	0.6504	0.4468	0.5297
50perc_10repeat	0.7	0.2265	0.7007	0.0194	0.0014	0.5718	0.4624	0.5113
30perc_2repeat	0.9	0.182	0.7347	0.0163	0.0012	0.6661	0.425	0.5189
40perc_2repeat	0.8	0.1878	0.7338	0.0113	0.0008	0.6594	0.4401	0.5279
60perc_10repeat	0.7	0.2792	0.3037	0.0157	0.0011	0.2537	0.543	0.3458
15perc_2repeat	0.8	0.1752	0.7406	0.0106	0.0007	0.6623	0.4549	0.5393
50perc_2repeat	0.8	0.1983	0.7288	0.0114	0.0008	0.6515	0.4343	0.5212
70perc_10repeat	0.7	0.3327	0.2779	0.0079	0.0006	0.2517	0.5675	0.3487
60perc_2repeat	0.8	0.2146	0.7177	0.0112	0.0008	0.6261	0.4343	0.5129
40perc_2repeat	0.9	0.1882	0.733	0.0166	0.0012	0.6629	0.4254	0.5182
70perc_2repeat	0.8	0.2378	0.6463	0.0364	0.0026	0.4904	0.4652	0.4775
30perc_5repeat	0.8	0.1843	0.7374	0.0104	0.0007	0.6663	0.4425	0.5318
50perc_2repeat	0.9	0.1993	0.7264	0.0157	0.0011	0.6512	0.4181	0.5092
15perc_5repeat	0.9	0.1768	0.7376	0.016	0.0011	0.6656	0.4314	0.5235
60perc_2repeat	0.9	0.2163	0.7149	0.0161	0.0011	0.6197	0.4242	0.5037
70perc_2repeat	0.9	0.2375	0.6497	0.0312	0.0022	0.4926	0.4564	0.4738
5perc_5repeat	0.9	0.1738	0.7383	0.0159	0.0011	0.6625	0.4354	0.5255
70perc_10repeat	0.5	0.3357	0.2757	0.0054	0.0004	0.2421	0.5278	0.3319
40perc_5repeat	0.8	0.1944	0.7341	0.0106	0.0008	0.661	0.4397	0.5281
90perc_10repeat	0.7	0.397	0.2821	0.009	0.0006	0.255	0.5665	0.3517
100perc_10repeat	0.5	0.4226	0.2805	0.0059	0.0004	0.2392	0.4933	0.3222
90perc_10repeat	0.5	0.4039	0.2779	0.006	0.0004	0.2411	0.5099	0.3274
5perc_10repeat	0.8	0.1728	0.7417	0.0104	0.0007	0.6603	0.4576	0.5405
40perc_5repeat	0.9	0.1949	0.7333	0.0162	0.0011	0.6642	0.4282	0.5207
30perc_5repeat	0.9	0.1844	0.7373	0.0163	0.0012	0.6715	0.4301	0.5243
90perc_2repeat	0.9	0.2838	0.3011	0.0143	0.001	0.269	0.5954	0.3706
100perc_2repeat	0.8	0.3035	0.294	0.0104	0.0007	0.2663	0.5856	0.3661
100perc_2repeat	0.9	0.3029	0.2964	0.0154	0.0011	0.2716	0.6093	0.3757
50perc_5repeat	0.8	0.2151	0.7211	0.0102	0.0007	0.6273	0.4425	0.5189
100perc_2repeat	0.7	0.3042	0.2917	0.0083	0.0006	0.2579	0.5597	0.3531
50perc_5repeat	0.9	0.2146	0.7213	0.0159	0.0011	0.6316	0.4315	0.5127
90perc_5repeat	0.8	0.3548	0.2847	0.0114	0.0008	0.2623	0.5868	0.3625
60perc_5repeat	0.9	0.2507	0.4962	0.0623	0.0044	0.344	0.4981	0.407
60perc_5repeat	0.8	0.2509	0.4972	0.0705	0.005	0.3471	0.5026	0.4107
70perc_5repeat	0.9	0.2922	0.2904	0.0143	0.001	0.2602	0.5815	0.3596
100perc_5repeat	0.9	0.3736	0.2902	0.0165	0.0012	0.2701	0.6126	0.3749
30perc_2repeat	0.8	0.1812	0.7368	0.0106	0.0007	0.6633	0.4439	0.5319
15perc_5repeat	0.8	0.1758	0.7408	0.0105	0.0007	0.6645	0.4513	0.5376
100perc_5repeat	0.8	0.3753	0.2874	0.0115	0.0008	0.2645	0.5879	0.3649
30perc_10repeat	0.8	0.1856	0.7388	0.0103	0.0007	0.668	0.4439	0.5333
40perc_10repeat	0.8	0.1983	0.7343	0.0107	0.0008	0.659	0.4411	0.5285
15perc_10repeat	0.9	0.1771	0.738	0.016	0.0011	0.668	0.431	0.5239
5perc_10repeat	0.9	0.1738	0.7382	0.0155	0.0011	0.662	0.4343	0.5245
50perc_10repeat	0.8	0.2267	0.7018	0.0149	0.0011	0.5788	0.4529	0.5082
90perc_2repeat	0.8	0.2844	0.2992	0.0105	0.0007	0.2645	0.5746	0.3623
30perc_10repeat	0.9	0.1861	0.7373	0.016	0.0011	0.6708	0.4311	0.5249
70perc_10repeat	0.8	0.3316	0.278	0.011	0.0008	0.2552	0.5763	0.3538
40perc_10repeat	0.9	0.1987	0.7329	0.0158	0.0011	0.6603	0.4324	0.5226
60perc_10repeat	0.8	0.2787	0.3031	0.0128	0.0009	0.2568	0.5498	0.3501
90perc_10repeat	0.8	0.3947	0.2831	0.0114	0.0008	0.2613	0.5849	0.3612
50perc_10repeat	0.9	0.2267	0.7017	0.0173	0.0012	0.5773	0.4477	0.5043
100perc_10repeat	0.8	0.4139	0.2861	0.0117	0.0008	0.2631	0.5831	0.3626
90perc_10repeat	0.9	0.3922	0.2853	0.0164	0.0012	0.2657	0.6039	0.369
100perc_10repeat	0.9	0.4119	0.289	0.0169	0.0012	0.2687	0.6076	0.3726
90perc_5repeat	0.9	0.353	0.287	0.0164	0.0012	0.2669	0.6077	0.3709
15perc_10repeat	0.8	0.1761	0.741	0.0105	0.0007	0.6662	0.45	0.5372
70perc_5repeat	0.8	0.2931	0.2886	0.0105	0.0007	0.2571	0.568	0.354
100perc_10repeat	0.7	0.4166	0.2841	0.0092	0.0007	0.2551	0.5586	0.3502
60perc_10repeat	0.9	0.2786	0.3038	0.0161	0.0011	0.2581	0.5553	0.3524
70perc_10repeat	0.9	0.3309	0.279	0.0165	0.0012	0.2576	0.5875	0.3581
