Label	trainingSize	meanSquaredLoss	meanAccuracy	sd	se	meanPrecision	meanRecall	f1	mle_meanAccuracy	mle_sd	mle_se	mple_meanAccuracy	mple_sd	mple_se	i2_initialEstimate_meanAccuracy	i2_initialEstimate_sd	i2_initialEstimate_se	initialEstimate_meanAccuracy	initialEstimate_sd	i2_initialEstimate_se	i1_meanSquaredLoss	i2_meanSquaredLoss

100perc_2repeat	0.05	0.27	0.5398	0.091	0.0407	0.1471	0.0815	0.1049	0.3262	0.0014	0.0006	0.5488	0.077	0.0345	0.3647	0.0123	0.0055	0.0	0.0	0.0	0.3057	0.2966
40perc_2repeat	0.05	0.2234	0.658	0.1114	0.0498	0.55	0.562	0.5559	0.6666	0.0065	0.0029	0.6541	0.1165	0.0521	0.6559	0.0229	0.0102	0.0	0.0	0.0	0.2143	0.2465
30perc_2repeat	0.05	0.225	0.651	0.1268	0.0567	0.5306	0.612	0.5684	0.663	0.0089	0.004	0.6435	0.1347	0.0602	0.672	0.0322	0.0144	0.0	0.0	0.0	0.1399	0.2656
70perc_2repeat	0.05	0.2793	0.4876	0.181	0.0809	0.4117	0.709	0.5209	0.5979	0.1358	0.0607	0.4869	0.183	0.0818	0.5645	0.1167	0.0522	0.0	0.0	0.0	0.2366	0.3025
5perc_2repeat	0.05	0.1948	0.6972	0.0227	0.0101	0.5559	0.4894	0.5205	0.6698	0.0027	0.0012	0.6642	0.0969	0.0434	0.6777	0.0086	0.0038	0.0	0.0	0.0	0.1689	0.2496
60perc_2repeat	0.05	0.2198	0.6701	0.0587	0.0262	0.527	0.6156	0.5679	0.6705	0.0012	0.0005	0.6584	0.0659	0.0295	0.6418	0.0227	0.0101	0.0	0.0	0.0	0.2208	0.2321
90perc_2repeat	0.05	0.2665	0.5101	0.071	0.0317	0.1406	0.0894	0.1093	0.3312	0.0063	0.0028	0.5239	0.0601	0.0269	0.3511	0.0522	0.0233	0.0	0.0	0.0	0.2869	0.2914
15perc_2repeat	0.05	0.2039	0.6689	0.0809	0.0362	0.5349	0.5269	0.5309	0.6674	0.0057	0.0026	0.6485	0.1076	0.0481	0.6523	0.0274	0.0122	0.0	0.0	0.0	0.134	0.2563
50perc_2repeat	0.05	0.2502	0.6328	0.1161	0.0519	0.5114	0.6071	0.5552	0.6698	0.0078	0.0035	0.6201	0.1148	0.0513	0.6503	0.023	0.0103	0.0	0.0	0.0	0.2141	0.2721
5perc_5repeat	0.05	0.2044	0.6642	0.0617	0.0276	0.5225	0.4238	0.468	0.6677	0.0055	0.0025	0.6119	0.1154	0.0516	0.6904	0.0277	0.0124	0.0	0.0	0.0	0.1449	0.3142
70perc_5repeat	0.05	0.2992	0.4073	0.1526	0.0682	0.2787	0.5249	0.3641	0.336	0.0083	0.0037	0.4107	0.1588	0.071	0.3717	0.1074	0.0481	0.0	0.0	0.0	0.2878	0.3462
90perc_5repeat	0.05	0.3151	0.3429	0.1133	0.0507	0.2083	0.3654	0.2653	0.3344	0.01	0.0045	0.3593	0.1177	0.0526	0.3329	0.0239	0.0107	0.0	0.0	0.0	0.3578	0.3634
50perc_5repeat	0.05	0.2618	0.541	0.1407	0.0629	0.4734	0.6498	0.5477	0.6716	0.0025	0.0011	0.5392	0.1435	0.0642	0.6605	0.0345	0.0154	0.0	0.0	0.0	0.2178	0.2903
40perc_5repeat	0.05	0.2367	0.6004	0.1207	0.054	0.4944	0.6785	0.572	0.6707	0.0011	0.0005	0.5982	0.1307	0.0585	0.6679	0.0344	0.0154	0.0	0.0	0.0	0.2187	0.2677
30perc_5repeat	0.05	0.2391	0.6444	0.1219	0.0545	0.5454	0.5822	0.5632	0.6577	0.0069	0.0031	0.6433	0.1304	0.0583	0.6661	0.038	0.017	0.0	0.0	0.0	0.1923	0.2559
50perc_2repeat	0.1	0.2304	0.6335	0.1405	0.0628	0.5127	0.687	0.5872	0.6684	0.0082	0.0036	0.6187	0.1395	0.0624	0.6556	0.043	0.0192	0.0	0.0	0.0	0.1905	0.2627
100perc_5repeat	0.05	0.3252	0.3709	0.1017	0.0455	0.1772	0.285	0.2185	0.3385	0.0089	0.004	0.4035	0.1169	0.0523	0.3457	0.0092	0.0041	0.0	0.0	0.0	0.3682	0.3844
70perc_2repeat	0.1	0.2607	0.5217	0.1275	0.057	0.4002	0.7239	0.5155	0.6654	0.0073	0.0033	0.5218	0.1274	0.057	0.6111	0.0617	0.0276	0.0	0.0	0.0	0.2353	0.2778
90perc_2repeat	0.1	0.2998	0.321	0.1002	0.0448	0.2014	0.3847	0.2644	0.3351	0.0073	0.0033	0.3204	0.1014	0.0453	0.3224	0.0104	0.0047	0.0	0.0	0.0	0.291	0.3214
15perc_2repeat	0.1	0.2031	0.6922	0.0451	0.0202	0.5367	0.666	0.5944	0.6709	0.0065	0.0029	0.6524	0.0724	0.0324	0.682	0.0057	0.0025	0.0	0.0	0.0	0.1535	0.2475
15perc_5repeat	0.05	0.2042	0.6776	0.0127	0.0057	0.5174	0.5297	0.5235	0.6654	0.0076	0.0034	0.6031	0.082	0.0367	0.6512	0.0254	0.0114	0.0	0.0	0.0	0.2231	0.2953
40perc_2repeat	0.1	0.2199	0.6667	0.0995	0.0445	0.5422	0.6358	0.5853	0.6674	0.0061	0.0027	0.6563	0.1063	0.0475	0.6701	0.0163	0.0073	0.0	0.0	0.0	0.2233	0.2356
100perc_2repeat	0.1	0.3062	0.297	0.0227	0.0101	0.1655	0.303	0.214	0.3319	0.0061	0.0027	0.3174	0.0358	0.016	0.3032	0.0179	0.008	0.0	0.0	0.0	0.3233	0.3322
60perc_5repeat	0.05	0.2563	0.5339	0.1015	0.0454	0.3667	0.6506	0.4691	0.5245	0.122	0.0545	0.5353	0.1043	0.0467	0.5677	0.1113	0.0498	0.0	0.0	0.0	0.2495	0.2608
70perc_10repeat	0.05	0.2976	0.405	0.1636	0.0732	0.2084	0.3269	0.2545	0.3323	0.0065	0.0029	0.4074	0.1617	0.0723	0.3539	0.0284	0.0127	0.0	0.0	0.0	0.3103	0.3449
90perc_10repeat	0.05	0.3096	0.4222	0.139	0.0622	0.2372	0.3622	0.2867	0.3325	0.0051	0.0023	0.457	0.1468	0.0656	0.3356	0.0236	0.0106	0.0	0.0	0.0	0.3918	0.3953
30perc_10repeat	0.05	0.2243	0.6453	0.1093	0.0489	0.5182	0.6637	0.582	0.6675	0.0056	0.0025	0.6248	0.124	0.0554	0.667	0.0263	0.0118	0.0	0.0	0.0	0.1697	0.2535
15perc_10repeat	0.05	0.2521	0.5903	0.1432	0.064	0.4791	0.6314	0.5448	0.6657	0.008	0.0036	0.5693	0.1467	0.0656	0.6514	0.0294	0.0131	0.0	0.0	0.0	0.1522	0.3454
60perc_2repeat	0.1	0.2347	0.6118	0.1103	0.0493	0.4978	0.6401	0.56	0.6606	0.0067	0.003	0.6119	0.1119	0.05	0.6663	0.0356	0.0159	0.0	0.0	0.0	0.2143	0.24
60perc_10repeat	0.05	0.2839	0.4675	0.111	0.0496	0.2743	0.5363	0.363	0.3541	0.0364	0.0163	0.4695	0.1114	0.0498	0.4057	0.0381	0.017	0.0	0.0	0.0	0.2628	0.3043
5perc_10repeat	0.05	0.2282	0.612	0.1229	0.055	0.481	0.5853	0.5281	0.6672	0.0082	0.0036	0.5928	0.157	0.0702	0.655	0.0157	0.007	0.0	0.0	0.0	0.125	0.319
40perc_10repeat	0.05	0.2899	0.5012	0.1363	0.061	0.4066	0.8758	0.5553	0.6671	0.0065	0.0029	0.4895	0.1266	0.0566	0.6386	0.0332	0.0149	0.0	0.0	0.0	0.2129	0.3396
30perc_2repeat	0.1	0.2052	0.6743	0.0797	0.0356	0.5538	0.5834	0.5682	0.6621	0.0061	0.0027	0.6702	0.0915	0.0409	0.6812	0.025	0.0112	0.0	0.0	0.0	0.1952	0.2312
5perc_2repeat	0.1	0.1817	0.7234	0.0076	0.0034	0.5953	0.5041	0.5459	0.6694	0.0047	0.0021	0.7288	0.0225	0.0101	0.6939	0.0165	0.0074	0.0	0.0	0.0	0.1235	0.1959
50perc_10repeat	0.05	0.2701	0.4957	0.123	0.055	0.3859	0.7177	0.5019	0.6433	0.036	0.0161	0.4942	0.1244	0.0556	0.5876	0.0568	0.0254	0.0	0.0	0.0	0.2313	0.2886
100perc_10repeat	0.05	0.3458	0.3654	0.1167	0.0522	0.2515	0.4496	0.3225	0.3291	0.0036	0.0016	0.4145	0.1397	0.0625	0.3301	0.0288	0.0129	0.0	0.0	0.0	0.4519	0.4422
90perc_5repeat	0.1	0.3175	0.3411	0.0998	0.0446	0.17	0.3033	0.2179	0.3313	0.0083	0.0037	0.3537	0.1057	0.0472	0.3364	0.0192	0.0086	0.0	0.0	0.0	0.3568	0.3578
70perc_5repeat	0.1	0.2774	0.4304	0.1336	0.0597	0.2045	0.2493	0.2247	0.3352	0.0067	0.003	0.431	0.1349	0.0603	0.346	0.032	0.0143	0.0	0.0	0.0	0.2817	0.291
50perc_5repeat	0.1	0.2276	0.668	0.1364	0.061	0.5467	0.6479	0.593	0.6682	0.008	0.0036	0.6678	0.1364	0.061	0.6711	0.0361	0.0161	0.0	0.0	0.0	0.2087	0.2319
30perc_5repeat	0.1	0.2134	0.6817	0.1032	0.0462	0.5489	0.6532	0.5965	0.6646	0.0092	0.0041	0.6748	0.1019	0.0456	0.6787	0.0178	0.0079	0.0	0.0	0.0	0.1658	0.2271
60perc_5repeat	0.1	0.2808	0.3989	0.1545	0.0691	0.3409	0.6126	0.4381	0.4885	0.1538	0.0688	0.3989	0.1572	0.0703	0.4279	0.1252	0.056	0.0	0.0	0.0	0.2562	0.3041
5perc_5repeat	0.1	0.186	0.7129	0.0191	0.0085	0.5881	0.4854	0.5318	0.6662	0.0072	0.0032	0.7039	0.0603	0.027	0.6923	0.0131	0.0059	0.0	0.0	0.0	0.1643	0.2147
30perc_2repeat	0.2	0.1763	0.7472	0.0032	0.0014	0.6377	0.525	0.5759	0.6655	0.0078	0.0035	0.7492	0.0031	0.0014	0.7048	0.0053	0.0024	0.0	0.0	0.0	0.266	0.1788
70perc_2repeat	0.2	0.2527	0.5207	0.1481	0.0662	0.3785	0.5498	0.4484	0.674	0.0037	0.0017	0.5202	0.1499	0.067	0.5461	0.1442	0.0645	0.0	0.0	0.0	0.2489	0.2548
60perc_2repeat	0.2	0.212	0.7215	0.0114	0.0051	0.5808	0.565	0.5728	0.6604	0.0076	0.0034	0.7214	0.0108	0.0048	0.6926	0.0197	0.0088	0.0	0.0	0.0	0.2143	0.2115
5perc_2repeat	0.2	0.1726	0.7384	0.0021	0.0009	0.6249	0.4919	0.5505	0.6734	0.0028	0.0013	0.7459	0.0035	0.0016	0.701	0.0067	0.003	0.0	0.0	0.0	0.147	0.1823
40perc_5repeat	0.1	0.2045	0.7219	0.0246	0.011	0.5749	0.6568	0.6132	0.6667	0.0068	0.003	0.7081	0.0392	0.0175	0.6921	0.0144	0.0064	0.0	0.0	0.0	0.2097	0.211
50perc_2repeat	0.2	0.2082	0.6987	0.0853	0.0381	0.5758	0.5956	0.5855	0.6657	0.0101	0.0045	0.6994	0.0862	0.0386	0.6912	0.0211	0.0094	0.0	0.0	0.0	0.2376	0.2093
100perc_5repeat	0.1	0.3533	0.2991	0.0381	0.0171	0.1878	0.3618	0.2473	0.3287	0.0036	0.0016	0.3286	0.0725	0.0324	0.3121	0.0113	0.005	0.0	0.0	0.0	0.4103	0.4172
15perc_5repeat	0.1	0.1938	0.7028	0.035	0.0156	0.5678	0.5631	0.5655	0.668	0.0089	0.004	0.679	0.0714	0.0319	0.6821	0.0041	0.0018	0.0	0.0	0.0	0.2072	0.2348
90perc_2repeat	0.2	0.2917	0.2935	0.0342	0.0153	0.1909	0.3693	0.2517	0.3345	0.0054	0.0024	0.2952	0.0365	0.0163	0.3057	0.0111	0.005	0.0	0.0	0.0	0.2876	0.2991
100perc_2repeat	0.2	0.3126	0.2783	0.0381	0.017	0.1784	0.3416	0.2344	0.3294	0.0026	0.0012	0.2816	0.0415	0.0186	0.2903	0.0142	0.0063	0.0	0.0	0.0	0.2988	0.329
30perc_10repeat	0.1	0.199	0.7226	0.0153	0.0068	0.5829	0.6174	0.5997	0.6666	0.0088	0.004	0.7076	0.0384	0.0172	0.6805	0.0114	0.0051	0.0	0.0	0.0	0.1738	0.2099
70perc_10repeat	0.1	0.3078	0.3183	0.101	0.0452	0.1945	0.3685	0.2546	0.3396	0.0088	0.004	0.3195	0.1009	0.0451	0.3108	0.0266	0.0119	0.0	0.0	0.0	0.3046	0.3363
40perc_2repeat	0.2	0.1846	0.7373	0.0127	0.0057	0.6355	0.5181	0.5708	0.671	0.0021	0.0009	0.7375	0.023	0.0103	0.7136	0.0102	0.0046	0.0	0.0	0.0	0.2266	0.191
15perc_2repeat	0.2	0.1779	0.7366	0.0071	0.0032	0.6149	0.5408	0.5755	0.6709	0.0045	0.002	0.7376	0.0141	0.0063	0.7048	0.0047	0.0021	0.0	0.0	0.0	0.2418	0.1894
5perc_10repeat	0.1	0.1888	0.7061	0.0129	0.0057	0.5691	0.5127	0.5394	0.6686	0.0035	0.0015	0.6873	0.0594	0.0266	0.6993	0.0152	0.0068	0.0	0.0	0.0	0.1177	0.2313
50perc_10repeat	0.1	0.2353	0.6027	0.1507	0.0674	0.4896	0.5982	0.5385	0.6654	0.0067	0.003	0.6033	0.15	0.0671	0.6597	0.0694	0.031	0.0	0.0	0.0	0.2332	0.2388
60perc_10repeat	0.1	0.2658	0.3952	0.0553	0.0247	0.2019	0.2829	0.2356	0.3327	0.0064	0.0029	0.3978	0.056	0.0251	0.3218	0.0103	0.0046	0.0	0.0	0.0	0.2629	0.2692
15perc_10repeat	0.1	0.1844	0.7228	0.0077	0.0035	0.5836	0.5447	0.5635	0.6565	0.0089	0.004	0.7299	0.0131	0.0059	0.6764	0.0171	0.0076	0.0	0.0	0.0	0.1273	0.1959
100perc_10repeat	0.1	0.4005	0.2761	0.0046	0.002	0.2328	0.5363	0.3247	0.3328	0.0088	0.0039	0.2612	0.011	0.0049	0.3094	0.0108	0.0048	0.0	0.0	0.0	0.4542	0.4859
50perc_5repeat	0.2	0.2199	0.7056	0.0217	0.0097	0.5468	0.655	0.596	0.66	0.0093	0.0042	0.7059	0.0232	0.0104	0.7063	0.0081	0.0036	0.0	0.0	0.0	0.226	0.2193
30perc_5repeat	0.2	0.1814	0.7448	0.0022	0.001	0.6372	0.5178	0.5713	0.6721	0.0019	0.0008	0.7463	0.0031	0.0014	0.7001	0.0111	0.005	0.0	0.0	0.0	0.1943	0.1841
15perc_5repeat	0.2	0.1737	0.7388	0.0074	0.0033	0.6395	0.4746	0.5448	0.6696	0.0037	0.0016	0.7486	0.002	0.0009	0.706	0.0077	0.0034	0.0	0.0	0.0	0.1957	0.1798
40perc_10repeat	0.1	0.2285	0.65	0.0792	0.0354	0.4985	0.7211	0.5895	0.6633	0.0086	0.0038	0.6463	0.0833	0.0373	0.6665	0.0099	0.0044	0.0	0.0	0.0	0.203	0.2312
40perc_5repeat	0.2	0.2016	0.7344	0.0142	0.0063	0.5898	0.6329	0.6106	0.6609	0.0102	0.0046	0.7304	0.0167	0.0075	0.6885	0.0083	0.0037	0.0	0.0	0.0	0.2116	0.2034
90perc_10repeat	0.1	0.3509	0.2755	0.0108	0.0048	0.192	0.386	0.2565	0.3328	0.0071	0.0032	0.2997	0.0428	0.0191	0.3233	0.0201	0.009	0.0	0.0	0.0	0.3765	0.4103
5perc_5repeat	0.2	0.1785	0.7288	0.0096	0.0043	0.5918	0.5697	0.5806	0.6684	0.0103	0.0046	0.7256	0.0258	0.0115	0.694	0.0111	0.005	0.0	0.0	0.0	0.1173	0.1948
60perc_5repeat	0.2	0.2566	0.4837	0.1125	0.0503	0.341	0.5327	0.4158	0.4671	0.1289	0.0577	0.4828	0.1133	0.0507	0.477	0.1258	0.0563	0.0	0.0	0.0	0.2497	0.2595
90perc_5repeat	0.2	0.3529	0.2593	0.0062	0.0028	0.1933	0.4058	0.2619	0.3332	0.0063	0.0028	0.2618	0.0062	0.0028	0.2927	0.0115	0.0051	0.0	0.0	0.0	0.2964	0.3915
100perc_5repeat	0.2	0.365	0.2621	0.0057	0.0025	0.1836	0.3669	0.2447	0.3265	0.0028	0.0012	0.2702	0.0146	0.0065	0.2996	0.0096	0.0043	0.0	0.0	0.0	0.3702	0.3986
70perc_5repeat	0.2	0.2936	0.3237	0.0923	0.0413	0.2069	0.3818	0.2683	0.337	0.0093	0.0042	0.3236	0.092	0.0411	0.3151	0.0301	0.0135	0.0	0.0	0.0	0.2787	0.3049
30perc_2repeat	0.4	0.1774	0.7455	0.001	0.0005	0.6283	0.5431	0.5826	0.6659	0.0084	0.0038	0.7444	0.001	0.0004	0.7105	0.0071	0.0032	0.0	0.0	0.0	0.218	0.1811
5perc_2repeat	0.4	0.1666	0.7507	0.0056	0.0025	0.6381	0.5412	0.5857	0.6745	0.0039	0.0017	0.7519	0.0039	0.0017	0.7211	0.0045	0.002	0.0	0.0	0.0	0.1857	0.172
50perc_2repeat	0.4	0.192	0.7445	0.0057	0.0026	0.6327	0.5434	0.5847	0.6622	0.0112	0.005	0.7425	0.0055	0.0024	0.716	0.0045	0.002	0.0	0.0	0.0	0.1958	0.1938
40perc_2repeat	0.4	0.1802	0.7491	0.0022	0.001	0.6413	0.52	0.5743	0.6692	0.0071	0.0032	0.7466	0.0038	0.0017	0.7156	0.0148	0.0066	0.0	0.0	0.0	0.2526	0.1841
90perc_2repeat	0.4	0.2944	0.2803	0.0151	0.0067	0.2097	0.4345	0.2829	0.3324	0.0097	0.0043	0.2813	0.0156	0.007	0.2794	0.0094	0.0042	0.0	0.0	0.0	0.2793	0.2969
100perc_2repeat	0.4	0.3133	0.2665	0.0019	0.0008	0.2023	0.4208	0.2733	0.3279	0.0049	0.0022	0.2663	0.0044	0.002	0.2777	0.0029	0.0013	0.0	0.0	0.0	0.2387	0.317
15perc_10repeat	0.2	0.1767	0.738	0.0052	0.0023	0.6214	0.5153	0.5634	0.6712	0.0034	0.0015	0.7417	0.0133	0.0059	0.7052	0.0113	0.005	0.0	0.0	0.0	0.1397	0.1845
40perc_10repeat	0.2	0.1991	0.7385	0.0107	0.0048	0.6129	0.5586	0.5845	0.6672	0.0099	0.0044	0.7364	0.0128	0.0057	0.6959	0.0189	0.0084	0.0	0.0	0.0	0.2116	0.1991
30perc_10repeat	0.2	0.1833	0.7456	0.0028	0.0013	0.6363	0.5247	0.5751	0.6675	0.0064	0.0029	0.746	0.004	0.0018	0.7034	0.0095	0.0042	0.0	0.0	0.0	0.1839	0.1851
15perc_2repeat	0.4	0.1693	0.7482	0.0041	0.0018	0.6428	0.5394	0.5866	0.6692	0.0031	0.0014	0.7476	0.0041	0.0018	0.7206	0.009	0.004	0.0	0.0	0.0	0.1722	0.1757
60perc_10repeat	0.2	0.2771	0.334	0.0482	0.0216	0.2105	0.3845	0.272	0.3358	0.0079	0.0035	0.3325	0.0489	0.0219	0.3111	0.0047	0.0021	0.0	0.0	0.0	0.2651	0.2809
90perc_10repeat	0.2	0.3789	0.2649	0.0153	0.0069	0.193	0.403	0.261	0.3359	0.0075	0.0033	0.2654	0.0234	0.0105	0.2968	0.0081	0.0036	0.0	0.0	0.0	0.352	0.4235
60perc_2repeat	0.4	0.2095	0.7328	0.0049	0.0022	0.6092	0.5269	0.565	0.6679	0.0103	0.0046	0.7329	0.0052	0.0023	0.7157	0.0101	0.0045	0.0	0.0	0.0	0.2253	0.2102
5perc_10repeat	0.2	0.1795	0.7247	0.0251	0.0112	0.6157	0.5094	0.5576	0.6698	0.0046	0.0021	0.7284	0.0443	0.0198	0.7094	0.0174	0.0078	0.0	0.0	0.0	0.1435	0.1931
70perc_2repeat	0.4	0.2376	0.6156	0.0803	0.0359	0.4451	0.5324	0.4849	0.664	0.0077	0.0034	0.6148	0.0808	0.0362	0.6799	0.0441	0.0197	0.0	0.0	0.0	0.2487	0.2377
100perc_10repeat	0.2	0.4013	0.2601	0.0052	0.0023	0.2105	0.4605	0.289	0.3275	0.0042	0.0019	0.2561	0.0117	0.0053	0.297	0.0154	0.0069	0.0	0.0	0.0	0.3795	0.453
30perc_2repeat	0.5	0.1715	0.7502	0.004	0.0018	0.6543	0.5035	0.569	0.6599	0.0064	0.0029	0.7498	0.005	0.0022	0.7326	0.0054	0.0024	0.0	0.0	0.0	0.1977	0.176
40perc_2repeat	0.5	0.1797	0.7478	0.0061	0.0027	0.644	0.5087	0.5684	0.672	0.0093	0.0041	0.7471	0.0043	0.0019	0.7302	0.0045	0.002	0.0	0.0	0.0	0.2225	0.1835
50perc_2repeat	0.5	0.191	0.7427	0.0026	0.0012	0.6421	0.4965	0.56	0.6702	0.004	0.0018	0.7427	0.0024	0.0011	0.7275	0.0064	0.0028	0.0	0.0	0.0	0.2471	0.1934
60perc_2repeat	0.5	0.2136	0.7279	0.0038	0.0017	0.5825	0.5267	0.5532	0.6717	0.0098	0.0044	0.7275	0.0035	0.0016	0.7235	0.01	0.0045	0.0	0.0	0.0	0.2265	0.2141
90perc_2repeat	0.5	0.2956	0.2777	0.007	0.0031	0.2193	0.4655	0.2981	0.3325	0.0086	0.0039	0.2764	0.0079	0.0035	0.2789	0.0069	0.0031	0.0	0.0	0.0	0.2696	0.2966
70perc_10repeat	0.2	0.3215	0.2582	0.0026	0.0012	0.1962	0.4095	0.2652	0.3322	0.0076	0.0034	0.2582	0.003	0.0013	0.3015	0.0096	0.0043	0.0	0.0	0.0	0.309	0.3406
100perc_2repeat	0.5	0.3137	0.2638	0.003	0.0013	0.2092	0.4466	0.2849	0.3286	0.0037	0.0017	0.2633	0.0029	0.0013	0.2745	0.0059	0.0026	0.0	0.0	0.0	0.2964	0.3158
15perc_5repeat	0.4	0.1684	0.7501	0.0023	0.001	0.6457	0.5195	0.5758	0.6737	0.0025	0.0011	0.7488	0.0026	0.0012	0.7177	0.0113	0.005	0.0	0.0	0.0	0.2107	0.1751
70perc_2repeat	0.5	0.2313	0.6645	0.0079	0.0035	0.4864	0.5034	0.4947	0.6714	0.0116	0.0052	0.6657	0.0084	0.0037	0.7219	0.0103	0.0046	0.0	0.0	0.0	0.2402	0.2313
5perc_2repeat	0.5	0.1675	0.7466	0.0018	0.0008	0.6467	0.5071	0.5685	0.6681	0.0053	0.0024	0.7473	0.0036	0.0016	0.7242	0.0089	0.004	0.0	0.0	0.0	0.2372	0.1726
70perc_5repeat	0.4	0.3019	0.272	0.0067	0.003	0.2156	0.4737	0.2964	0.324	0.0047	0.0021	0.2716	0.0072	0.0032	0.2829	0.0093	0.0041	0.0	0.0	0.0	0.2672	0.3055
15perc_2repeat	0.5	0.1681	0.7502	0.0024	0.0011	0.6508	0.5137	0.5742	0.6688	0.0053	0.0024	0.7501	0.0031	0.0014	0.7248	0.0062	0.0028	0.0	0.0	0.0	0.2706	0.1732
50perc_10repeat	0.2	0.236	0.6278	0.0922	0.0412	0.477	0.6456	0.5486	0.6641	0.0082	0.0037	0.6282	0.0939	0.042	0.672	0.0363	0.0162	0.0	0.0	0.0	0.2305	0.2358
5perc_5repeat	0.4	0.1673	0.7448	0.0032	0.0014	0.6447	0.513	0.5714	0.6686	0.0025	0.0011	0.7463	0.0023	0.001	0.7225	0.005	0.0022	0.0	0.0	0.0	0.2632	0.1757
30perc_5repeat	0.4	0.1753	0.7517	0.004	0.0018	0.6482	0.5219	0.5782	0.6711	0.0065	0.0029	0.7499	0.0042	0.0019	0.7184	0.0092	0.0041	0.0	0.0	0.0	0.2128	0.1798
50perc_5repeat	0.4	0.2146	0.7105	0.0337	0.0151	0.5727	0.5554	0.5639	0.6655	0.0089	0.004	0.7118	0.0341	0.0152	0.7143	0.011	0.0049	0.0	0.0	0.0	0.2277	0.2151
40perc_5repeat	0.4	0.1851	0.7488	0.0037	0.0016	0.6516	0.5025	0.5674	0.6633	0.0112	0.005	0.7486	0.003	0.0013	0.7238	0.0041	0.0018	0.0	0.0	0.0	0.2088	0.1885
90perc_5repeat	0.4	0.3655	0.2546	0.0046	0.0021	0.207	0.447	0.283	0.3292	0.0018	0.0008	0.2548	0.0039	0.0018	0.2849	0.0055	0.0025	0.0	0.0	0.0	0.305	0.3765
100perc_5repeat	0.4	0.3848	0.2552	0.0076	0.0034	0.1951	0.414	0.2652	0.3318	0.0172	0.0077	0.2541	0.0057	0.0025	0.2826	0.0066	0.0029	0.0	0.0	0.0	0.278	0.3984
60perc_5repeat	0.4	0.2503	0.5035	0.0793	0.0354	0.3352	0.4882	0.3975	0.4539	0.111	0.0496	0.5021	0.0782	0.035	0.5151	0.1618	0.0724	0.0	0.0	0.0	0.251	0.2504
5perc_2repeat	0.7	0.1716	0.7434	0.0063	0.0028	0.6456	0.484	0.5532	0.672	0.0103	0.0046	0.7446	0.0043	0.0019	0.7322	0.0098	0.0044	0.0	0.0	0.0	0.2385	0.1728
15perc_2repeat	0.7	0.1742	0.7367	0.0038	0.0017	0.6419	0.4585	0.5349	0.6698	0.0053	0.0024	0.7384	0.0024	0.0011	0.7302	0.0046	0.0021	0.0	0.0	0.0	0.2315	0.1751
30perc_2repeat	0.7	0.1754	0.7478	0.0069	0.0031	0.6585	0.4693	0.548	0.6679	0.016	0.0071	0.7474	0.0067	0.003	0.7318	0.0043	0.0019	0.0	0.0	0.0	0.2625	0.1766
40perc_2repeat	0.7	0.182	0.7444	0.0077	0.0034	0.6407	0.4653	0.5391	0.6726	0.0184	0.0082	0.7453	0.008	0.0036	0.7345	0.0076	0.0034	0.0	0.0	0.0	0.2042	0.1828
15perc_5repeat	0.5	0.1671	0.7502	0.0047	0.0021	0.6555	0.5018	0.5685	0.6724	0.0046	0.0021	0.7507	0.0045	0.002	0.7285	0.007	0.0031	0.0	0.0	0.0	0.2693	0.1728
60perc_2repeat	0.7	0.2104	0.7337	0.0031	0.0014	0.6138	0.4773	0.537	0.6716	0.0068	0.003	0.7321	0.0053	0.0023	0.735	0.0075	0.0034	0.0	0.0	0.0	0.2103	0.2106
40perc_5repeat	0.5	0.1869	0.7476	0.0043	0.0019	0.6516	0.4966	0.5636	0.672	0.0034	0.0015	0.7473	0.0055	0.0025	0.7345	0.0075	0.0034	0.0	0.0	0.0	0.2372	0.1896
30perc_5repeat	0.5	0.175	0.7478	0.0045	0.002	0.6542	0.4902	0.5604	0.6697	0.005	0.0022	0.747	0.0045	0.002	0.7273	0.0133	0.006	0.0	0.0	0.0	0.2169	0.1807
50perc_5repeat	0.5	0.2075	0.7315	0.0084	0.0038	0.6081	0.4896	0.5424	0.6698	0.0079	0.0035	0.7322	0.0089	0.004	0.7246	0.0068	0.003	0.0	0.0	0.0	0.2363	0.2087
70perc_2repeat	0.7	0.237	0.6322	0.0195	0.0087	0.4431	0.498	0.469	0.6698	0.0063	0.0028	0.6334	0.0209	0.0094	0.7238	0.0105	0.0047	0.0	0.0	0.0	0.2449	0.237
50perc_2repeat	0.7	0.195	0.7384	0.0113	0.0051	0.6394	0.4595	0.5348	0.6713	0.0066	0.003	0.7384	0.0113	0.0051	0.73	0.0109	0.0049	0.0	0.0	0.0	0.223	0.1954
70perc_5repeat	0.5	0.2954	0.281	0.0088	0.0039	0.2255	0.4916	0.3092	0.3304	0.0082	0.0037	0.2827	0.01	0.0045	0.2771	0.0078	0.0035	0.0	0.0	0.0	0.2699	0.2965
90perc_2repeat	0.7	0.2907	0.2812	0.0073	0.0033	0.2275	0.5135	0.3153	0.3305	0.0162	0.0073	0.2822	0.0089	0.004	0.2713	0.0098	0.0044	0.0	0.0	0.0	0.2591	0.2909
100perc_5repeat	0.5	0.3922	0.2566	0.0053	0.0024	0.2127	0.4668	0.2923	0.329	0.0061	0.0027	0.2549	0.0061	0.0027	0.2741	0.0074	0.0033	0.0	0.0	0.0	0.2785	0.3999
100perc_2repeat	0.7	0.31	0.2682	0.0088	0.004	0.2198	0.5062	0.3066	0.3195	0.0133	0.006	0.268	0.0075	0.0034	0.2713	0.0132	0.0059	0.0	0.0	0.0	0.2527	0.3102
15perc_10repeat	0.4	0.1725	0.746	0.0027	0.0012	0.6248	0.5414	0.5802	0.6647	0.0133	0.0059	0.7459	0.0029	0.0013	0.7109	0.0108	0.0048	0.0	0.0	0.0	0.212	0.1775
70perc_10repeat	0.4	0.3244	0.2614	0.0068	0.0031	0.2177	0.4781	0.2992	0.3322	0.004	0.0018	0.2625	0.0069	0.0031	0.2919	0.0078	0.0035	0.0	0.0	0.0	0.2819	0.3303
30perc_2repeat	0.8	0.1756	0.7527	0.0119	0.0053	0.6713	0.4648	0.5493	0.676	0.0116	0.0052	0.7521	0.0126	0.0056	0.7423	0.0118	0.0053	0.0	0.0	0.0	0.2351	0.1759
5perc_10repeat	0.4	0.1676	0.7497	0.0016	0.0007	0.6424	0.5445	0.5894	0.6703	0.0028	0.0013	0.752	0.0017	0.0008	0.7252	0.0082	0.0037	0.0	0.0	0.0	0.2383	0.1741
30perc_10repeat	0.4	0.179	0.7496	0.0041	0.0018	0.6471	0.5135	0.5727	0.6737	0.0048	0.0021	0.7491	0.004	0.0018	0.7155	0.0083	0.0037	0.0	0.0	0.0	0.2331	0.1836
15perc_2repeat	0.8	0.1745	0.7395	0.0134	0.006	0.6389	0.4396	0.5208	0.6781	0.01	0.0045	0.7408	0.0134	0.006	0.7371	0.0098	0.0044	0.0	0.0	0.0	0.232	0.1746
50perc_10repeat	0.4	0.2197	0.7004	0.0286	0.0128	0.5484	0.5123	0.5297	0.6675	0.0095	0.0043	0.7022	0.0291	0.013	0.7173	0.0072	0.0032	0.0	0.0	0.0	0.2398	0.22
60perc_10repeat	0.4	0.2799	0.3113	0.0179	0.008	0.2302	0.4778	0.3107	0.3314	0.0102	0.0046	0.3093	0.0179	0.008	0.2768	0.0115	0.0051	0.0	0.0	0.0	0.2576	0.2811
5perc_5repeat	0.5	0.1669	0.7492	0.0054	0.0024	0.6407	0.5258	0.5776	0.6741	0.0044	0.002	0.7497	0.0055	0.0025	0.7238	0.0059	0.0026	0.0	0.0	0.0	0.2135	0.1717
100perc_10repeat	0.4	0.422	0.2475	0.0049	0.0022	0.2023	0.4429	0.2777	0.3298	0.0048	0.0022	0.2489	0.0052	0.0023	0.28	0.0094	0.0042	0.0	0.0	0.0	0.3705	0.44
40perc_2repeat	0.8	0.1862	0.7374	0.0129	0.0058	0.6525	0.4423	0.5272	0.6691	0.011	0.0049	0.7388	0.0126	0.0056	0.7372	0.0088	0.004	0.0	0.0	0.0	0.2076	0.1864
50perc_2repeat	0.8	0.1952	0.7436	0.0054	0.0024	0.6328	0.4401	0.5192	0.6855	0.0114	0.0051	0.7458	0.0065	0.0029	0.7394	0.0085	0.0038	0.0	0.0	0.0	0.2165	0.195
60perc_5repeat	0.5	0.2578	0.438	0.0605	0.0271	0.2987	0.5168	0.3786	0.4441	0.1143	0.0511	0.439	0.0599	0.0268	0.4042	0.1364	0.061	0.0	0.0	0.0	0.2487	0.2578
60perc_2repeat	0.8	0.2144	0.723	0.0066	0.003	0.5961	0.464	0.5218	0.6577	0.0144	0.0064	0.7241	0.0068	0.003	0.7398	0.0091	0.0041	0.0	0.0	0.0	0.2431	0.2145
90perc_5repeat	0.5	0.3703	0.2558	0.0077	0.0034	0.2184	0.4846	0.3011	0.3308	0.0049	0.0022	0.2541	0.0075	0.0034	0.2729	0.0082	0.0036	0.0	0.0	0.0	0.3113	0.3758
70perc_2repeat	0.8	0.2382	0.6137	0.0593	0.0265	0.4336	0.468	0.4501	0.6725	0.0149	0.0066	0.614	0.0573	0.0256	0.6921	0.0555	0.0248	0.0	0.0	0.0	0.2439	0.2381
90perc_10repeat	0.4	0.41	0.2529	0.0021	0.001	0.2124	0.468	0.2922	0.3312	0.0029	0.0013	0.2543	0.0023	0.001	0.2815	0.0113	0.0051	0.0	0.0	0.0	0.3513	0.4296
90perc_2repeat	0.8	0.2886	0.2822	0.007	0.0031	0.2321	0.5198	0.321	0.3263	0.0132	0.0059	0.2842	0.0076	0.0034	0.2597	0.0097	0.0043	0.0	0.0	0.0	0.2573	0.2884
15perc_5repeat	0.7	0.1707	0.7514	0.0063	0.0028	0.6589	0.4933	0.5642	0.6739	0.0088	0.0039	0.752	0.0068	0.003	0.7375	0.0096	0.0043	0.0	0.0	0.0	0.2504	0.172
100perc_2repeat	0.8	0.3106	0.2678	0.0061	0.0027	0.2335	0.5314	0.3244	0.3309	0.0106	0.0048	0.2683	0.0051	0.0023	0.2597	0.0088	0.004	0.0	0.0	0.0	0.3022	0.3104
40perc_5repeat	0.7	0.1892	0.7509	0.0044	0.002	0.6603	0.4673	0.5473	0.6749	0.0097	0.0043	0.7514	0.0041	0.0018	0.7379	0.0066	0.003	0.0	0.0	0.0	0.2289	0.1899
5perc_2repeat	0.8	0.1719	0.7438	0.0108	0.0048	0.6574	0.4655	0.5451	0.6704	0.0081	0.0036	0.7421	0.0097	0.0044	0.7306	0.0108	0.0048	0.0	0.0	0.0	0.1896	0.1722
15perc_10repeat	0.5	0.1673	0.7533	0.0046	0.002	0.6515	0.5127	0.5739	0.6763	0.0035	0.0016	0.7537	0.0049	0.0022	0.7314	0.0092	0.0041	0.0	0.0	0.0	0.233	0.1711
60perc_5repeat	0.7	0.2489	0.5084	0.0741	0.0331	0.3436	0.5143	0.4119	0.5268	0.1312	0.0587	0.5082	0.072	0.0322	0.4803	0.1539	0.0688	0.0	0.0	0.0	0.2502	0.2489
50perc_5repeat	0.7	0.2156	0.719	0.0084	0.0038	0.5919	0.4663	0.5216	0.6687	0.0015	0.0007	0.718	0.009	0.004	0.7354	0.01	0.0045	0.0	0.0	0.0	0.2236	0.2157
70perc_10repeat	0.5	0.3417	0.2595	0.0054	0.0024	0.2178	0.4952	0.3025	0.3382	0.0114	0.0051	0.26	0.0058	0.0026	0.2685	0.008	0.0036	0.0	0.0	0.0	0.2911	0.346
5perc_2repeat	0.9	0.1751	0.7398	0.0146	0.0065	0.6488	0.4495	0.5311	0.6725	0.0225	0.0101	0.7406	0.0164	0.0073	0.7388	0.0165	0.0074	0.0	0.0	0.0	0.2105	0.1749
70perc_5repeat	0.7	0.2952	0.2815	0.0072	0.0032	0.2303	0.5229	0.3198	0.3285	0.0117	0.0052	0.2815	0.0067	0.003	0.2645	0.005	0.0023	0.0	0.0	0.0	0.2637	0.2951
30perc_10repeat	0.5	0.1777	0.7454	0.0047	0.0021	0.656	0.4916	0.562	0.6679	0.0041	0.0018	0.7453	0.0045	0.002	0.7322	0.0098	0.0044	0.0	0.0	0.0	0.2233	0.1832
100perc_10repeat	0.5	0.4217	0.2529	0.0076	0.0034	0.208	0.4618	0.2868	0.3302	0.0051	0.0023	0.2524	0.0075	0.0034	0.2752	0.0121	0.0054	0.0	0.0	0.0	0.3915	0.4303
40perc_2repeat	0.9	0.1848	0.7392	0.0081	0.0036	0.6387	0.4209	0.5074	0.6824	0.018	0.008	0.7399	0.0093	0.0042	0.7425	0.0145	0.0065	0.0	0.0	0.0	0.2316	0.1848
5perc_5repeat	0.7	0.1728	0.7429	0.0079	0.0035	0.6405	0.4913	0.556	0.6723	0.0125	0.0056	0.7435	0.008	0.0036	0.7353	0.0097	0.0044	0.0	0.0	0.0	0.2625	0.1734
40perc_10repeat	0.4	0.19	0.7469	0.004	0.0018	0.6451	0.5012	0.5641	0.6665	0.0103	0.0046	0.7453	0.005	0.0022	0.7109	0.0115	0.0051	0.0	0.0	0.0	0.2175	0.1937
30perc_2repeat	0.9	0.1786	0.7513	0.0136	0.0061	0.6793	0.4433	0.5365	0.6753	0.0139	0.0062	0.7508	0.0143	0.0064	0.7481	0.0109	0.0049	0.0	0.0	0.0	0.2763	0.1785
60perc_2repeat	0.9	0.2154	0.7194	0.0156	0.007	0.5985	0.441	0.5078	0.6559	0.0254	0.0114	0.7247	0.0146	0.0065	0.7477	0.0251	0.0112	0.0	0.0	0.0	0.2455	0.2151
5perc_5repeat	0.8	0.1756	0.7371	0.0031	0.0014	0.6417	0.4488	0.5282	0.6721	0.0068	0.003	0.736	0.0038	0.0017	0.7277	0.0024	0.0011	0.0	0.0	0.0	0.2148	0.1757
70perc_2repeat	0.9	0.234	0.6532	0.0142	0.0063	0.4559	0.4857	0.4703	0.6586	0.028	0.0125	0.6564	0.0158	0.0071	0.7551	0.0137	0.0061	0.0	0.0	0.0	0.2488	0.2338
30perc_5repeat	0.8	0.1833	0.7402	0.0211	0.0094	0.6755	0.4556	0.5442	0.6593	0.0119	0.0053	0.7411	0.0208	0.0093	0.7329	0.023	0.0103	0.0	0.0	0.0	0.2089	0.183
30perc_5repeat	0.7	0.1806	0.7442	0.0064	0.0028	0.6543	0.4685	0.546	0.6718	0.0052	0.0023	0.7431	0.0056	0.0025	0.7306	0.0075	0.0034	0.0	0.0	0.0	0.2055	0.1819
40perc_5repeat	0.8	0.1918	0.7446	0.0141	0.0063	0.6568	0.448	0.5327	0.6755	0.0064	0.0029	0.7432	0.0137	0.0061	0.7408	0.0092	0.0041	0.0	0.0	0.0	0.21	0.192
90perc_5repeat	0.8	0.3656	0.2576	0.0057	0.0025	0.2274	0.5464	0.3211	0.3214	0.0137	0.0061	0.2553	0.0077	0.0035	0.2583	0.0076	0.0034	0.0	0.0	0.0	0.2669	0.3658
90perc_5repeat	0.7	0.3675	0.2562	0.0051	0.0023	0.2258	0.5166	0.3143	0.33	0.01	0.0045	0.2559	0.0069	0.0031	0.261	0.0081	0.0036	0.0	0.0	0.0	0.3125	0.3679
100perc_5repeat	0.7	0.3925	0.2575	0.0071	0.0032	0.2306	0.534	0.3221	0.3304	0.0071	0.0032	0.2558	0.0064	0.0029	0.2686	0.009	0.004	0.0	0.0	0.0	0.3466	0.3934
100perc_5repeat	0.8	0.3886	0.2571	0.0096	0.0043	0.2329	0.5472	0.3267	0.3296	0.0074	0.0033	0.2554	0.0091	0.0041	0.2638	0.0098	0.0044	0.0	0.0	0.0	0.3285	0.3888
5perc_10repeat	0.5	0.1669	0.748	0.0048	0.0021	0.648	0.5199	0.5769	0.6696	0.0033	0.0015	0.7492	0.0062	0.0028	0.7246	0.0118	0.0053	0.0	0.0	0.0	0.1891	0.1715
90perc_2repeat	0.9	0.2891	0.2865	0.0143	0.0064	0.2411	0.5609	0.3373	0.3237	0.0155	0.0069	0.2882	0.016	0.0072	0.2642	0.0188	0.0084	0.0	0.0	0.0	0.2817	0.2888
60perc_10repeat	0.5	0.2739	0.3327	0.0321	0.0144	0.2405	0.4847	0.3215	0.3336	0.0057	0.0026	0.3341	0.0307	0.0137	0.2932	0.0163	0.0073	0.0	0.0	0.0	0.2579	0.2742
50perc_10repeat	0.5	0.2199	0.7031	0.0159	0.0071	0.5496	0.4964	0.5216	0.6662	0.0108	0.0048	0.7028	0.0164	0.0073	0.7294	0.0074	0.0033	0.0	0.0	0.0	0.2443	0.2206
90perc_10repeat	0.5	0.4054	0.2508	0.0048	0.0022	0.2137	0.481	0.296	0.3312	0.0078	0.0035	0.2505	0.0048	0.0022	0.279	0.0133	0.0059	0.0	0.0	0.0	0.2846	0.4139
15perc_5repeat	0.9	0.1731	0.7496	0.0065	0.0029	0.6668	0.4326	0.5248	0.682	0.0187	0.0084	0.7485	0.0067	0.003	0.7455	0.0061	0.0027	0.0	0.0	0.0	0.2896	0.1733
30perc_10repeat	0.7	0.1815	0.7475	0.0067	0.003	0.6533	0.4606	0.5403	0.6778	0.0095	0.0043	0.7469	0.0061	0.0027	0.7344	0.0106	0.0047	0.0	0.0	0.0	0.2461	0.1826
50perc_10repeat	0.7	0.2262	0.6904	0.0061	0.0027	0.5368	0.4759	0.5045	0.6647	0.0051	0.0023	0.6889	0.0062	0.0028	0.7272	0.0078	0.0035	0.0	0.0	0.0	0.2434	0.2263
50perc_5repeat	0.8	0.2146	0.72	0.0092	0.0041	0.5946	0.4415	0.5067	0.6743	0.0067	0.003	0.7195	0.01	0.0045	0.731	0.0157	0.007	0.0	0.0	0.0	0.2281	0.2145
50perc_5repeat	0.9	0.2134	0.716	0.0248	0.0111	0.6068	0.4392	0.5096	0.6644	0.0197	0.0088	0.7179	0.021	0.0094	0.7402	0.021	0.0094	0.0	0.0	0.0	0.2363	0.2132
60perc_5repeat	0.9	0.253	0.473	0.0285	0.0127	0.3178	0.5077	0.3909	0.3881	0.0815	0.0364	0.4744	0.0293	0.0131	0.3804	0.1416	0.0633	0.0	0.0	0.0	0.2507	0.2529
100perc_10repeat	0.7	0.4303	0.2603	0.0107	0.0048	0.2286	0.507	0.3151	0.3356	0.013	0.0058	0.2605	0.0105	0.0047	0.2737	0.0106	0.0047	0.0	0.0	0.0	0.3212	0.4318
15perc_10repeat	0.7	0.1701	0.7492	0.003	0.0013	0.6574	0.4884	0.5604	0.6728	0.0064	0.0028	0.7491	0.0025	0.0011	0.7396	0.0119	0.0053	0.0	0.0	0.0	0.1955	0.1717
15perc_10repeat	0.9	0.1701	0.7531	0.0229	0.0103	0.6758	0.4373	0.531	0.6803	0.0109	0.0049	0.7538	0.0215	0.0096	0.7486	0.0241	0.0108	0.0	0.0	0.0	0.2123	0.1702
50perc_10repeat	0.8	0.2245	0.6944	0.0129	0.0058	0.5407	0.4788	0.5078	0.6623	0.0159	0.0071	0.6961	0.0126	0.0056	0.7411	0.0134	0.006	0.0	0.0	0.0	0.2484	0.2244
40perc_10repeat	0.8	0.1952	0.7433	0.0114	0.0051	0.6628	0.4626	0.5449	0.6649	0.0067	0.003	0.7433	0.0095	0.0043	0.7468	0.0088	0.0039	0.0	0.0	0.0	0.2006	0.1952
90perc_10repeat	0.9	0.4046	0.252	0.0241	0.0108	0.2262	0.5603	0.3223	0.3169	0.0226	0.0101	0.2522	0.0232	0.0104	0.2533	0.0201	0.009	0.0	0.0	0.0	0.3161	0.4046
60perc_10repeat	0.9	0.2819	0.3067	0.0265	0.0118	0.2452	0.5351	0.3363	0.3281	0.0257	0.0115	0.3076	0.0282	0.0126	0.2572	0.0266	0.0119	0.0	0.0	0.0	0.2565	0.2815
