0.2	0.2071	0.7053	0.045	0.0142	0.7081	0.6675	0.6872	0.7431	0.0119	0.0038	0.6553	0.0588	0.0186	0.7306	0.019	0.006	0.0	0.0	0.0	0.3637	0.2547
0.2	0.2071	0.7054	0.0454	0.0143	0.7085	0.6675	0.6874	0.7431	0.0119	0.0038	0.6553	0.059	0.0187	0.7306	0.019	0.006	0.0	0.0	0.0	0.3637	0.2547
0.2	0.2066	0.7063	0.0464	0.0147	0.7088	0.6698	0.6887	0.7431	0.0119	0.0038	0.6554	0.0588	0.0186	0.7306	0.019	0.006	0.0	0.0	0.0	0.3637	0.2548
0.2	0.2071	0.7055	0.0452	0.0143	0.7085	0.6679	0.6876	0.7431	0.0119	0.0038	0.6553	0.0584	0.0185	0.7306	0.019	0.006	0.0	0.0	0.0	0.3637	0.2548
0.2	0.2071	0.7058	0.0448	0.0142	0.7086	0.6682	0.6878	0.7431	0.0119	0.0038	0.655	0.0588	0.0186	0.7306	0.019	0.006	0.0	0.0	0.0	0.3637	0.2549
0.2	0.207	0.7054	0.0453	0.0143	0.7085	0.6673	0.6873	0.7431	0.0119	0.0038	0.6557	0.0589	0.0186	0.7306	0.019	0.006	0.0	0.0	0.0	0.3637	0.2547
0.2	0.207	0.705	0.0454	0.0143	0.7079	0.6672	0.6869	0.7431	0.0119	0.0038	0.6555	0.0589	0.0186	0.7306	0.019	0.006	0.0	0.0	0.0	0.3637	0.2549
0.2	0.2071	0.7053	0.0456	0.0144	0.7083	0.6673	0.6872	0.7431	0.0119	0.0038	0.6552	0.059	0.0186	0.7306	0.019	0.006	0.0	0.0	0.0	0.3637	0.2548
0.2	0.2071	0.7054	0.0458	0.0145	0.7084	0.668	0.6876	0.7431	0.0119	0.0038	0.6549	0.0592	0.0187	0.7306	0.019	0.006	0.0	0.0	0.0	0.3637	0.2548
0.2	0.2071	0.7053	0.0454	0.0143	0.708	0.6679	0.6874	0.7431	0.0119	0.0038	0.6554	0.0587	0.0186	0.7306	0.019	0.006	0.0	0.0	0.0	0.3637	0.2549
0.2	0.2067	0.7065	0.0466	0.0147	0.7089	0.6702	0.689	0.7431	0.0119	0.0038	0.6551	0.0588	0.0186	0.7306	0.019	0.006	0.0	0.0	0.0	0.3637	0.2548
0.2	0.2069	0.7055	0.045	0.0142	0.7086	0.6678	0.6876	0.7431	0.0119	0.0038	0.6549	0.0587	0.0186	0.7306	0.019	0.006	0.0	0.0	0.0	0.3637	0.2548
0.2	0.2065	0.7063	0.0458	0.0145	0.7085	0.67	0.6887	0.7431	0.0119	0.0038	0.6553	0.0589	0.0186	0.7306	0.019	0.006	0.0	0.0	0.0	0.3637	0.2548
0.2	0.2055	0.7075	0.0439	0.0139	0.7088	0.6731	0.6905	0.7431	0.0119	0.0038	0.6554	0.0588	0.0186	0.7306	0.019	0.006	0.0	0.0	0.0	0.3637	0.2549
0.2	0.2071	0.7057	0.0451	0.0143	0.7089	0.6677	0.6877	0.7431	0.0119	0.0038	0.6556	0.0586	0.0185	0.7306	0.019	0.006	0.0	0.0	0.0	0.3637	0.2548
0.2	0.207	0.7051	0.045	0.0142	0.7079	0.667	0.6869	0.7431	0.0119	0.0038	0.6552	0.0588	0.0186	0.7306	0.019	0.006	0.0	0.0	0.0	0.3637	0.2548
0.2	0.2071	0.7053	0.0453	0.0143	0.7081	0.6676	0.6873	0.7431	0.0119	0.0038	0.655	0.0591	0.0187	0.7306	0.019	0.006	0.0	0.0	0.0	0.3637	0.2548
0.2	0.2071	0.7055	0.0453	0.0143	0.7082	0.6678	0.6874	0.7431	0.0119	0.0038	0.6553	0.0588	0.0186	0.7306	0.019	0.006	0.0	0.0	0.0	0.3637	0.2548
0.2	0.2071	0.7058	0.0453	0.0143	0.7091	0.668	0.6879	0.7431	0.0119	0.0038	0.6554	0.0587	0.0186	0.7306	0.019	0.006	0.0	0.0	0.0	0.3637	0.2549
0.2	0.2055	0.7078	0.0441	0.0139	0.7093	0.6738	0.6911	0.7431	0.0119	0.0038	0.6555	0.0588	0.0186	0.7306	0.019	0.006	0.0	0.0	0.0	0.3637	0.2548
0.2	0.207	0.7057	0.0448	0.0142	0.709	0.6673	0.6875	0.7431	0.0119	0.0038	0.655	0.0585	0.0185	0.7306	0.019	0.006	0.0	0.0	0.0	0.3637	0.2548
0.2	0.207	0.7055	0.0452	0.0143	0.7082	0.6678	0.6874	0.7431	0.0119	0.0038	0.6553	0.0588	0.0186	0.7306	0.019	0.006	0.0	0.0	0.0	0.3637	0.2547
0.2	0.2071	0.7054	0.045	0.0142	0.7082	0.668	0.6875	0.7431	0.0119	0.0038	0.6551	0.0588	0.0186	0.7306	0.019	0.006	0.0	0.0	0.0	0.3637	0.2548
0.2	0.2071	0.7058	0.0451	0.0143	0.7086	0.6685	0.6879	0.7431	0.0119	0.0038	0.6547	0.0592	0.0187	0.7306	0.019	0.006	0.0	0.0	0.0	0.3637	0.2548
0.2	0.207	0.7059	0.0453	0.0143	0.7092	0.6681	0.6881	0.7431	0.0119	0.0038	0.655	0.0585	0.0185	0.7306	0.019	0.006	0.0	0.0	0.0	0.3637	0.2548
0.25	0.2125	0.6965	0.0211	0.0067	0.7129	0.6312	0.6696	0.7374	0.0068	0.0021	0.634	0.0368	0.0116	0.7242	0.0144	0.0046	0.0	0.0	0.0	0.4705	0.2666
0.25	0.2133	0.6965	0.0259	0.0082	0.7138	0.6297	0.6691	0.7374	0.0068	0.0021	0.634	0.0374	0.0118	0.7242	0.0144	0.0046	0.0	0.0	0.0	0.4705	0.2667
0.25	0.2113	0.6995	0.0249	0.0079	0.7141	0.6384	0.6742	0.7374	0.0068	0.0021	0.634	0.0369	0.0117	0.7242	0.0144	0.0046	0.0	0.0	0.0	0.4705	0.2666
0.25	0.2113	0.6987	0.0246	0.0078	0.7131	0.6373	0.6731	0.7374	0.0068	0.0021	0.6336	0.0372	0.0118	0.7242	0.0144	0.0046	0.0	0.0	0.0	0.4705	0.2666
0.25	0.2115	0.6985	0.0234	0.0074	0.713	0.638	0.6734	0.7374	0.0068	0.0021	0.6342	0.0375	0.0119	0.7242	0.0144	0.0046	0.0	0.0	0.0	0.4705	0.2665
0.25	0.2114	0.699	0.0249	0.0079	0.7136	0.6377	0.6735	0.7374	0.0068	0.0021	0.6332	0.0375	0.0119	0.7242	0.0144	0.0046	0.0	0.0	0.0	0.4705	0.2665
0.25	0.2114	0.6987	0.0243	0.0077	0.7135	0.6371	0.6731	0.7374	0.0068	0.0021	0.6339	0.0373	0.0118	0.7242	0.0144	0.0046	0.0	0.0	0.0	0.4705	0.2666
0.25	0.2126	0.6964	0.0204	0.0065	0.713	0.6308	0.6694	0.7374	0.0068	0.0021	0.6336	0.0369	0.0117	0.7242	0.0144	0.0046	0.0	0.0	0.0	0.4705	0.2666
0.25	0.2114	0.6989	0.0241	0.0076	0.7136	0.6379	0.6736	0.7374	0.0068	0.0021	0.6343	0.0375	0.0118	0.7242	0.0144	0.0046	0.0	0.0	0.0	0.4705	0.2665
0.25	0.2125	0.6963	0.0215	0.0068	0.713	0.63	0.6689	0.7374	0.0068	0.0021	0.6338	0.0371	0.0117	0.7242	0.0144	0.0046	0.0	0.0	0.0	0.4705	0.2665
0.25	0.2114	0.6995	0.0239	0.0076	0.7137	0.6391	0.6744	0.7374	0.0068	0.0021	0.6335	0.0372	0.0118	0.7242	0.0144	0.0046	0.0	0.0	0.0	0.4705	0.2666
0.25	0.2132	0.6964	0.0264	0.0084	0.7138	0.6291	0.6688	0.7374	0.0068	0.0021	0.6342	0.0371	0.0117	0.7242	0.0144	0.0046	0.0	0.0	0.0	0.4705	0.2665
0.25	0.2124	0.6956	0.0208	0.0066	0.712	0.6297	0.6684	0.7374	0.0068	0.0021	0.6336	0.0371	0.0117	0.7242	0.0144	0.0046	0.0	0.0	0.0	0.4705	0.2666
0.25	0.2126	0.6956	0.0213	0.0067	0.712	0.6299	0.6684	0.7374	0.0068	0.0021	0.6337	0.0375	0.0119	0.7242	0.0144	0.0046	0.0	0.0	0.0	0.4705	0.2665
0.25	0.2126	0.6959	0.0206	0.0065	0.7121	0.6299	0.6685	0.7374	0.0068	0.0021	0.634	0.0371	0.0117	0.7242	0.0144	0.0046	0.0	0.0	0.0	0.4705	0.2665
0.25	0.2125	0.6962	0.0207	0.0066	0.7127	0.6304	0.6691	0.7374	0.0068	0.0021	0.6336	0.0369	0.0117	0.7242	0.0144	0.0046	0.0	0.0	0.0	0.4705	0.2667
0.25	0.2114	0.6985	0.0242	0.0077	0.7133	0.6367	0.6728	0.7374	0.0068	0.0021	0.6341	0.0368	0.0116	0.7242	0.0144	0.0046	0.0	0.0	0.0	0.4705	0.2665
0.25	0.2126	0.696	0.0209	0.0066	0.7124	0.6305	0.669	0.7374	0.0068	0.0021	0.6338	0.0368	0.0116	0.7242	0.0144	0.0046	0.0	0.0	0.0	0.4705	0.2666
0.25	0.2145	0.6935	0.0238	0.0075	0.7128	0.6218	0.6642	0.7374	0.0068	0.0021	0.6337	0.0374	0.0118	0.7242	0.0144	0.0046	0.0	0.0	0.0	0.4705	0.2665
0.25	0.2113	0.6989	0.0235	0.0074	0.7135	0.6376	0.6734	0.7374	0.0068	0.0021	0.6334	0.037	0.0117	0.7242	0.0144	0.0046	0.0	0.0	0.0	0.4705	0.2666
0.25	0.2114	0.6988	0.024	0.0076	0.7134	0.6378	0.6734	0.7374	0.0068	0.0021	0.6338	0.0367	0.0116	0.7242	0.0144	0.0046	0.0	0.0	0.0	0.4705	0.2665
0.25	0.2133	0.6967	0.0266	0.0084	0.714	0.6295	0.6691	0.7374	0.0068	0.0021	0.6338	0.0369	0.0117	0.7242	0.0144	0.0046	0.0	0.0	0.0	0.4705	0.2665
0.25	0.2125	0.6954	0.0212	0.0067	0.7118	0.6295	0.6681	0.7374	0.0068	0.0021	0.6341	0.0374	0.0118	0.7242	0.0144	0.0046	0.0	0.0	0.0	0.4705	0.2666
0.25	0.2113	0.6991	0.0236	0.0075	0.7136	0.6381	0.6738	0.7374	0.0068	0.0021	0.6339	0.0366	0.0116	0.7242	0.0144	0.0046	0.0	0.0	0.0	0.4705	0.2665
0.25	0.214	0.6938	0.0203	0.0064	0.7121	0.6233	0.6647	0.7374	0.0068	0.0021	0.6337	0.0371	0.0117	0.7242	0.0144	0.0046	0.0	0.0	0.0	0.4705	0.2666
0.25	0.2128	0.6977	0.0235	0.0074	0.7146	0.6317	0.6706	0.7374	0.0068	0.0021	0.6339	0.037	0.0117	0.7242	0.0144	0.0046	0.0	0.0	0.0	0.4705	0.2666
0.2	0.2069	0.7055	0.0452	0.0143	0.7088	0.6676	0.6876	0.7431	0.0119	0.0038	0.6551	0.0586	0.0185	0.7306	0.019	0.006	0.0	0.0	0.0	0.3637	0.2548
0.2	0.207	0.7054	0.0453	0.0143	0.7083	0.6677	0.6874	0.7431	0.0119	0.0038	0.655	0.059	0.0187	0.7306	0.019	0.006	0.0	0.0	0.0	0.3637	0.2548
0.2	0.2066	0.7066	0.0458	0.0145	0.7088	0.6702	0.6889	0.7431	0.0119	0.0038	0.6555	0.059	0.0186	0.7306	0.019	0.006	0.0	0.0	0.0	0.3637	0.2548
0.2	0.207	0.7053	0.0453	0.0143	0.7081	0.6676	0.6873	0.7431	0.0119	0.0038	0.6553	0.0589	0.0186	0.7306	0.019	0.006	0.0	0.0	0.0	0.3637	0.2548
0.2	0.207	0.7058	0.0457	0.0144	0.7088	0.6687	0.6881	0.7431	0.0119	0.0038	0.6553	0.0586	0.0185	0.7306	0.019	0.006	0.0	0.0	0.0	0.3637	0.2548
0.3	0.2003	0.721	0.0177	0.0056	0.7224	0.6698	0.6951	0.7373	0.008	0.0025	0.6945	0.0436	0.0138	0.737	0.0101	0.0032	0.0	0.0	0.0	0.4265	0.2183
0.3	0.2005	0.7212	0.0184	0.0058	0.7222	0.6703	0.6953	0.7373	0.008	0.0025	0.6943	0.0442	0.014	0.737	0.0101	0.0032	0.0	0.0	0.0	0.4265	0.2183
0.3	0.2007	0.7199	0.0187	0.0059	0.7233	0.6646	0.6927	0.7373	0.008	0.0025	0.6946	0.0432	0.0137	0.737	0.0101	0.0032	0.0	0.0	0.0	0.4265	0.2183
0.3	0.2004	0.7207	0.0183	0.0058	0.7217	0.6696	0.6947	0.7373	0.008	0.0025	0.6946	0.0435	0.0138	0.737	0.0101	0.0032	0.0	0.0	0.0	0.4265	0.2183
0.3	0.2003	0.7213	0.0184	0.0058	0.7227	0.6699	0.6953	0.7373	0.008	0.0025	0.6944	0.0438	0.0138	0.737	0.0101	0.0032	0.0	0.0	0.0	0.4265	0.2183
0.3	0.2004	0.7211	0.0183	0.0058	0.7223	0.6698	0.6951	0.7373	0.008	0.0025	0.6942	0.044	0.0139	0.737	0.0101	0.0032	0.0	0.0	0.0	0.4265	0.2183
0.3	0.2003	0.7212	0.0181	0.0057	0.7225	0.6701	0.6953	0.7373	0.008	0.0025	0.6939	0.044	0.0139	0.737	0.0101	0.0032	0.0	0.0	0.0	0.4265	0.2183
0.25	0.2126	0.6958	0.0212	0.0067	0.7121	0.63	0.6685	0.7374	0.0068	0.0021	0.634	0.037	0.0117	0.7242	0.0144	0.0046	0.0	0.0	0.0	0.4705	0.2665
0.25	0.2114	0.6992	0.0245	0.0078	0.7136	0.6378	0.6736	0.7374	0.0068	0.0021	0.6338	0.0373	0.0118	0.7242	0.0144	0.0046	0.0	0.0	0.0	0.4705	0.2666
0.25	0.2113	0.6992	0.0235	0.0074	0.7141	0.638	0.6739	0.7374	0.0068	0.0021	0.6345	0.0373	0.0118	0.7242	0.0144	0.0046	0.0	0.0	0.0	0.4705	0.2665
0.25	0.2142	0.6932	0.0197	0.0062	0.7113	0.6241	0.6648	0.7374	0.0068	0.0021	0.6338	0.0371	0.0117	0.7242	0.0144	0.0046	0.0	0.0	0.0	0.4705	0.2665
0.3	0.2007	0.7201	0.0183	0.0058	0.7232	0.6655	0.6932	0.7373	0.008	0.0025	0.694	0.0435	0.0138	0.737	0.0101	0.0032	0.0	0.0	0.0	0.4265	0.2183
0.3	0.2002	0.7219	0.0178	0.0056	0.723	0.6712	0.6961	0.7373	0.008	0.0025	0.6946	0.0436	0.0138	0.737	0.0101	0.0032	0.0	0.0	0.0	0.4265	0.2183
0.3	0.2001	0.7212	0.0185	0.0058	0.7221	0.6708	0.6955	0.7373	0.008	0.0025	0.6945	0.0436	0.0138	0.737	0.0101	0.0032	0.0	0.0	0.0	0.4265	0.2183
0.3	0.2003	0.7212	0.018	0.0057	0.7225	0.6702	0.6954	0.7373	0.008	0.0025	0.6945	0.0437	0.0138	0.737	0.0101	0.0032	0.0	0.0	0.0	0.4265	0.2183
0.3	0.2006	0.7202	0.0182	0.0058	0.7235	0.6653	0.6932	0.7373	0.008	0.0025	0.6943	0.0438	0.0138	0.737	0.0101	0.0032	0.0	0.0	0.0	0.4265	0.2183
0.3	0.2008	0.72	0.018	0.0057	0.7233	0.6651	0.693	0.7373	0.008	0.0025	0.6942	0.0437	0.0138	0.737	0.0101	0.0032	0.0	0.0	0.0	0.4265	0.2182
0.3	0.2003	0.7211	0.0187	0.0059	0.7222	0.6701	0.6952	0.7373	0.008	0.0025	0.6945	0.0438	0.0138	0.737	0.0101	0.0032	0.0	0.0	0.0	0.4265	0.2183
0.3	0.2007	0.7193	0.0188	0.0059	0.7224	0.6644	0.6922	0.7373	0.008	0.0025	0.6941	0.0442	0.014	0.737	0.0101	0.0032	0.0	0.0	0.0	0.4265	0.2184
0.3	0.2003	0.7212	0.0176	0.0056	0.7227	0.67	0.6953	0.7373	0.008	0.0025	0.6943	0.0443	0.014	0.737	0.0101	0.0032	0.0	0.0	0.0	0.4265	0.2184
0.3	0.2003	0.7217	0.0172	0.0054	0.7233	0.6705	0.6959	0.7373	0.008	0.0025	0.6943	0.0434	0.0137	0.737	0.0101	0.0032	0.0	0.0	0.0	0.4265	0.2183
0.3	0.1993	0.7225	0.0126	0.004	0.7232	0.6729	0.6971	0.7373	0.008	0.0025	0.6941	0.0435	0.0138	0.737	0.0101	0.0032	0.0	0.0	0.0	0.4265	0.2184
0.3	0.2004	0.7209	0.0181	0.0057	0.7223	0.6693	0.6948	0.7373	0.008	0.0025	0.6942	0.0439	0.0139	0.737	0.0101	0.0032	0.0	0.0	0.0	0.4265	0.2183
0.3	0.2004	0.7212	0.0178	0.0056	0.7228	0.6695	0.6951	0.7373	0.008	0.0025	0.6942	0.0437	0.0138	0.737	0.0101	0.0032	0.0	0.0	0.0	0.4265	0.2184
0.3	0.2003	0.7205	0.0183	0.0058	0.7215	0.6693	0.6944	0.7373	0.008	0.0025	0.6946	0.0437	0.0138	0.737	0.0101	0.0032	0.0	0.0	0.0	0.4265	0.2183
0.3	0.2008	0.7202	0.0182	0.0058	0.7233	0.6658	0.6934	0.7373	0.008	0.0025	0.6948	0.0437	0.0138	0.737	0.0101	0.0032	0.0	0.0	0.0	0.4265	0.2183
0.3	0.2004	0.7209	0.0181	0.0057	0.7221	0.6696	0.6949	0.7373	0.008	0.0025	0.6942	0.0441	0.0139	0.737	0.0101	0.0032	0.0	0.0	0.0	0.4265	0.2184
0.3	0.2007	0.7202	0.0179	0.0057	0.7235	0.6655	0.6933	0.7373	0.008	0.0025	0.694	0.0439	0.0139	0.737	0.0101	0.0032	0.0	0.0	0.0	0.4265	0.2183
0.3	0.2003	0.7212	0.0181	0.0057	0.7223	0.6701	0.6952	0.7373	0.008	0.0025	0.6948	0.0431	0.0136	0.737	0.0101	0.0032	0.0	0.0	0.0	0.4265	0.2181
0.3	0.2003	0.7212	0.0179	0.0056	0.7223	0.6704	0.6953	0.7373	0.008	0.0025	0.6947	0.0434	0.0137	0.737	0.0101	0.0032	0.0	0.0	0.0	0.4265	0.2183
0.3	0.2007	0.7199	0.0184	0.0058	0.7232	0.6652	0.693	0.7373	0.008	0.0025	0.6941	0.044	0.0139	0.737	0.0101	0.0032	0.0	0.0	0.0	0.4265	0.2184
0.3	0.2008	0.7198	0.0183	0.0058	0.7227	0.6653	0.6928	0.7373	0.008	0.0025	0.6941	0.044	0.0139	0.737	0.0101	0.0032	0.0	0.0	0.0	0.4265	0.2184
0.3	0.2003	0.7212	0.0183	0.0058	0.7224	0.6701	0.6952	0.7373	0.008	0.0025	0.6942	0.0434	0.0137	0.737	0.0101	0.0032	0.0	0.0	0.0	0.4265	0.2184
0.3	0.2007	0.7198	0.0186	0.0059	0.723	0.6647	0.6926	0.7373	0.008	0.0025	0.6952	0.0434	0.0137	0.737	0.0101	0.0032	0.0	0.0	0.0	0.4265	0.2182
0.35	0.1976	0.7193	0.0193	0.0061	0.7247	0.6678	0.6951	0.733	0.0189	0.006	0.6985	0.0548	0.0173	0.7275	0.0189	0.006	0.0	0.0	0.0	0.3784	0.2127
0.35	0.1977	0.7182	0.0194	0.0061	0.7234	0.6663	0.6937	0.733	0.0189	0.006	0.6984	0.0543	0.0172	0.7275	0.0189	0.006	0.0	0.0	0.0	0.3784	0.2126
0.35	0.1976	0.719	0.0189	0.006	0.7243	0.6675	0.6947	0.733	0.0189	0.006	0.6984	0.0551	0.0174	0.7275	0.0189	0.006	0.0	0.0	0.0	0.3784	0.2126
0.35	0.1978	0.7184	0.0192	0.0061	0.7238	0.6666	0.694	0.733	0.0189	0.006	0.6981	0.0545	0.0172	0.7275	0.0189	0.006	0.0	0.0	0.0	0.3784	0.2126
0.35	0.1976	0.719	0.0189	0.006	0.7247	0.6666	0.6944	0.733	0.0189	0.006	0.6983	0.0546	0.0173	0.7275	0.0189	0.006	0.0	0.0	0.0	0.3784	0.2126
0.35	0.1976	0.7184	0.0196	0.0062	0.7234	0.6671	0.6941	0.733	0.0189	0.006	0.698	0.0541	0.0171	0.7275	0.0189	0.006	0.0	0.0	0.0	0.3784	0.2126
0.35	0.1975	0.7188	0.0189	0.006	0.724	0.6673	0.6945	0.733	0.0189	0.006	0.6985	0.0554	0.0175	0.7275	0.0189	0.006	0.0	0.0	0.0	0.3784	0.2126
0.35	0.1975	0.7188	0.019	0.006	0.7238	0.6677	0.6946	0.733	0.0189	0.006	0.6986	0.0548	0.0173	0.7275	0.0189	0.006	0.0	0.0	0.0	0.3784	0.2126
0.35	0.1977	0.7195	0.0189	0.006	0.725	0.6678	0.6952	0.733	0.0189	0.006	0.6979	0.0546	0.0173	0.7275	0.0189	0.006	0.0	0.0	0.0	0.3784	0.2126
0.35	0.1976	0.719	0.0189	0.006	0.7245	0.6671	0.6947	0.733	0.0189	0.006	0.6983	0.0543	0.0172	0.7275	0.0189	0.006	0.0	0.0	0.0	0.3784	0.2126
0.35	0.1977	0.7191	0.0192	0.0061	0.7247	0.6671	0.6947	0.733	0.0189	0.006	0.6981	0.0548	0.0173	0.7275	0.0189	0.006	0.0	0.0	0.0	0.3784	0.2127
0.35	0.1976	0.7189	0.0191	0.0061	0.7246	0.6664	0.6943	0.733	0.0189	0.006	0.6981	0.0546	0.0173	0.7275	0.0189	0.006	0.0	0.0	0.0	0.3784	0.2125
0.35	0.1976	0.719	0.0193	0.0061	0.7245	0.6673	0.6947	0.733	0.0189	0.006	0.6983	0.0543	0.0172	0.7275	0.0189	0.006	0.0	0.0	0.0	0.3784	0.2126
0.35	0.1975	0.7192	0.0192	0.0061	0.7245	0.668	0.6951	0.733	0.0189	0.006	0.6981	0.0547	0.0173	0.7275	0.0189	0.006	0.0	0.0	0.0	0.3784	0.2126
0.35	0.1976	0.7196	0.0201	0.0064	0.7249	0.6681	0.6954	0.733	0.0189	0.006	0.6979	0.055	0.0174	0.7275	0.0189	0.006	0.0	0.0	0.0	0.3784	0.2127
0.35	0.1976	0.719	0.0194	0.0061	0.7243	0.6678	0.6949	0.733	0.0189	0.006	0.698	0.0546	0.0173	0.7275	0.0189	0.006	0.0	0.0	0.0	0.3784	0.2126
0.35	0.1977	0.7187	0.0192	0.0061	0.7239	0.6672	0.6944	0.733	0.0189	0.006	0.6982	0.0543	0.0172	0.7275	0.0189	0.006	0.0	0.0	0.0	0.3784	0.2126
0.35	0.1975	0.7189	0.0192	0.0061	0.7242	0.6673	0.6946	0.733	0.0189	0.006	0.6982	0.055	0.0174	0.7275	0.0189	0.006	0.0	0.0	0.0	0.3784	0.2127
0.35	0.1978	0.7185	0.019	0.006	0.7237	0.6671	0.6942	0.733	0.0189	0.006	0.6982	0.0545	0.0172	0.7275	0.0189	0.006	0.0	0.0	0.0	0.3784	0.2126
0.35	0.1978	0.7185	0.0189	0.006	0.7241	0.6663	0.694	0.733	0.0189	0.006	0.6985	0.055	0.0174	0.7275	0.0189	0.006	0.0	0.0	0.0	0.3784	0.2126
0.35	0.1976	0.7187	0.0191	0.006	0.7244	0.6665	0.6942	0.733	0.0189	0.006	0.6982	0.0547	0.0173	0.7275	0.0189	0.006	0.0	0.0	0.0	0.3784	0.2126
0.35	0.1976	0.7191	0.019	0.006	0.7243	0.6677	0.6949	0.733	0.0189	0.006	0.6979	0.0544	0.0172	0.7275	0.0189	0.006	0.0	0.0	0.0	0.3784	0.2127
0.35	0.1976	0.7195	0.0197	0.0062	0.7244	0.6688	0.6955	0.733	0.0189	0.006	0.6984	0.0547	0.0173	0.7275	0.0189	0.006	0.0	0.0	0.0	0.3784	0.2126
0.35	0.1979	0.7184	0.0195	0.0062	0.7237	0.6665	0.6939	0.733	0.0189	0.006	0.698	0.0542	0.0171	0.7275	0.0189	0.006	0.0	0.0	0.0	0.3784	0.2126
0.35	0.1977	0.7194	0.019	0.006	0.7252	0.6671	0.6949	0.733	0.0189	0.006	0.6979	0.0543	0.0172	0.7275	0.0189	0.006	0.0	0.0	0.0	0.3784	0.2126
0.35	0.1977	0.7191	0.0195	0.0062	0.7248	0.667	0.6947	0.733	0.0189	0.006	0.6985	0.0546	0.0173	0.7275	0.0189	0.006	0.0	0.0	0.0	0.3784	0.2126
0.35	0.1976	0.719	0.0189	0.006	0.7242	0.6676	0.6947	0.733	0.0189	0.006	0.6982	0.0547	0.0173	0.7275	0.0189	0.006	0.0	0.0	0.0	0.3784	0.2125
0.35	0.1994	0.7148	0.0296	0.0094	0.7199	0.6681	0.6931	0.733	0.0189	0.006	0.698	0.0546	0.0173	0.7275	0.0189	0.006	0.0	0.0	0.0	0.3784	0.2126
0.35	0.1977	0.7191	0.0189	0.006	0.7241	0.6681	0.695	0.733	0.0189	0.006	0.6981	0.0546	0.0173	0.7275	0.0189	0.006	0.0	0.0	0.0	0.3784	0.2126
0.35	0.1976	0.7192	0.0195	0.0062	0.7248	0.6672	0.6948	0.733	0.0189	0.006	0.698	0.0547	0.0173	0.7275	0.0189	0.006	0.0	0.0	0.0	0.3784	0.2127
0.4	0.1998	0.7175	0.0323	0.0102	0.7086	0.6974	0.703	0.7371	0.0105	0.0033	0.7095	0.0437	0.0138	0.7301	0.0138	0.0044	0.0	0.0	0.0	0.4463	0.2057
0.4	0.1995	0.7177	0.0311	0.0098	0.709	0.6968	0.7028	0.7371	0.0105	0.0033	0.7098	0.0439	0.0139	0.7301	0.0138	0.0044	0.0	0.0	0.0	0.4463	0.2056
0.4	0.1992	0.718	0.0313	0.0099	0.7092	0.6966	0.7029	0.7371	0.0105	0.0033	0.709	0.0439	0.0139	0.7301	0.0138	0.0044	0.0	0.0	0.0	0.4463	0.2057
0.4	0.1994	0.7176	0.0306	0.0097	0.7087	0.6964	0.7025	0.7371	0.0105	0.0033	0.709	0.0444	0.0141	0.7301	0.0138	0.0044	0.0	0.0	0.0	0.4463	0.2057
0.4	0.1995	0.7179	0.0311	0.0098	0.7091	0.697	0.703	0.7371	0.0105	0.0033	0.7093	0.0441	0.0139	0.7301	0.0138	0.0044	0.0	0.0	0.0	0.4463	0.2057
0.4	0.1994	0.7178	0.0312	0.0099	0.7086	0.6978	0.7031	0.7371	0.0105	0.0033	0.7096	0.0441	0.014	0.7301	0.0138	0.0044	0.0	0.0	0.0	0.4463	0.2057
0.4	0.1995	0.7179	0.0309	0.0098	0.7091	0.6968	0.7029	0.7371	0.0105	0.0033	0.7092	0.0438	0.0139	0.7301	0.0138	0.0044	0.0	0.0	0.0	0.4463	0.2057
0.4	0.1997	0.7176	0.0323	0.0102	0.7082	0.6982	0.7032	0.7371	0.0105	0.0033	0.7094	0.0435	0.0138	0.7301	0.0138	0.0044	0.0	0.0	0.0	0.4463	0.2057
0.4	0.1996	0.7174	0.0311	0.0098	0.7086	0.6962	0.7023	0.7371	0.0105	0.0033	0.7093	0.0437	0.0138	0.7301	0.0138	0.0044	0.0	0.0	0.0	0.4463	0.2057
0.4	0.1996	0.7178	0.0321	0.0101	0.7086	0.6982	0.7034	0.7371	0.0105	0.0033	0.7095	0.0438	0.0139	0.7301	0.0138	0.0044	0.0	0.0	0.0	0.4463	0.2057
0.4	0.1993	0.7178	0.0307	0.0097	0.7085	0.6974	0.7029	0.7371	0.0105	0.0033	0.7097	0.0439	0.0139	0.7301	0.0138	0.0044	0.0	0.0	0.0	0.4463	0.2057
0.4	0.1994	0.7178	0.0309	0.0098	0.709	0.6969	0.7029	0.7371	0.0105	0.0033	0.7097	0.0435	0.0138	0.7301	0.0138	0.0044	0.0	0.0	0.0	0.4463	0.2059
0.4	0.1997	0.7173	0.0319	0.0101	0.7087	0.6964	0.7025	0.7371	0.0105	0.0033	0.7088	0.0445	0.0141	0.7301	0.0138	0.0044	0.0	0.0	0.0	0.4463	0.2056
0.4	0.1995	0.7175	0.0304	0.0096	0.7085	0.6965	0.7025	0.7371	0.0105	0.0033	0.7093	0.0436	0.0138	0.7301	0.0138	0.0044	0.0	0.0	0.0	0.4463	0.2058
0.4	0.1996	0.7177	0.0312	0.0099	0.7088	0.6968	0.7028	0.7371	0.0105	0.0033	0.7093	0.0437	0.0138	0.7301	0.0138	0.0044	0.0	0.0	0.0	0.4463	0.2058
0.4	0.1995	0.7174	0.0306	0.0097	0.7085	0.6964	0.7024	0.7371	0.0105	0.0033	0.7095	0.0436	0.0138	0.7301	0.0138	0.0044	0.0	0.0	0.0	0.4463	0.2057
0.4	0.1998	0.7172	0.0324	0.0102	0.7085	0.6966	0.7025	0.7371	0.0105	0.0033	0.7095	0.0441	0.0139	0.7301	0.0138	0.0044	0.0	0.0	0.0	0.4463	0.2058
0.4	0.1997	0.7173	0.0324	0.0102	0.7084	0.6971	0.7027	0.7371	0.0105	0.0033	0.7092	0.0438	0.0138	0.7301	0.0138	0.0044	0.0	0.0	0.0	0.4463	0.2057
0.4	0.1995	0.7178	0.031	0.0098	0.709	0.6967	0.7028	0.7371	0.0105	0.0033	0.7095	0.0442	0.014	0.7301	0.0138	0.0044	0.0	0.0	0.0	0.4463	0.2057
0.4	0.1998	0.7177	0.0317	0.01	0.709	0.6971	0.703	0.7371	0.0105	0.0033	0.7093	0.0441	0.014	0.7301	0.0138	0.0044	0.0	0.0	0.0	0.4463	0.2057
0.4	0.1995	0.7173	0.0312	0.0099	0.7084	0.6965	0.7024	0.7371	0.0105	0.0033	0.7093	0.0441	0.0139	0.7301	0.0138	0.0044	0.0	0.0	0.0	0.4463	0.2059
0.45	0.1963	0.7269	0.0255	0.0081	0.7275	0.677	0.7013	0.7487	0.0138	0.0044	0.7214	0.0291	0.0092	0.7377	0.0129	0.0041	0.0	0.0	0.0	0.3944	0.1996
0.45	0.1962	0.726	0.026	0.0082	0.7271	0.675	0.7001	0.7487	0.0138	0.0044	0.7206	0.0288	0.0091	0.7377	0.0129	0.0041	0.0	0.0	0.0	0.3944	0.1994
0.45	0.1963	0.7267	0.0253	0.008	0.7278	0.6759	0.7009	0.7487	0.0138	0.0044	0.7209	0.0294	0.0093	0.7377	0.0129	0.0041	0.0	0.0	0.0	0.3944	0.1994
0.45	0.1963	0.727	0.0255	0.0081	0.7281	0.6764	0.7013	0.7487	0.0138	0.0044	0.7208	0.0289	0.0091	0.7377	0.0129	0.0041	0.0	0.0	0.0	0.3944	0.1994
0.45	0.1961	0.7268	0.0257	0.0081	0.7279	0.6761	0.701	0.7487	0.0138	0.0044	0.7209	0.0285	0.009	0.7377	0.0129	0.0041	0.0	0.0	0.0	0.3944	0.1995
0.45	0.1962	0.7269	0.0258	0.0082	0.7278	0.6766	0.7012	0.7487	0.0138	0.0044	0.7208	0.0294	0.0093	0.7377	0.0129	0.0041	0.0	0.0	0.0	0.3944	0.1995
0.4	0.1997	0.7175	0.032	0.0101	0.7083	0.6979	0.7031	0.7371	0.0105	0.0033	0.7092	0.0446	0.0141	0.7301	0.0138	0.0044	0.0	0.0	0.0	0.4463	0.2057
0.4	0.1993	0.7176	0.0309	0.0098	0.7091	0.6958	0.7024	0.7371	0.0105	0.0033	0.709	0.044	0.0139	0.7301	0.0138	0.0044	0.0	0.0	0.0	0.4463	0.2057
0.4	0.1997	0.7168	0.0325	0.0103	0.7078	0.6967	0.7022	0.7371	0.0105	0.0033	0.7091	0.0442	0.014	0.7301	0.0138	0.0044	0.0	0.0	0.0	0.4463	0.2058
0.4	0.1996	0.7174	0.0325	0.0103	0.7084	0.6972	0.7027	0.7371	0.0105	0.0033	0.7091	0.0439	0.0139	0.7301	0.0138	0.0044	0.0	0.0	0.0	0.4463	0.2057
0.45	0.1961	0.727	0.0267	0.0084	0.7283	0.6759	0.7011	0.7487	0.0138	0.0044	0.7208	0.0297	0.0094	0.7377	0.0129	0.0041	0.0	0.0	0.0	0.3944	0.1994
0.45	0.1963	0.727	0.0254	0.008	0.7279	0.6765	0.7013	0.7487	0.0138	0.0044	0.721	0.0293	0.0093	0.7377	0.0129	0.0041	0.0	0.0	0.0	0.3944	0.1994
0.45	0.1963	0.7269	0.0252	0.008	0.7276	0.6767	0.7012	0.7487	0.0138	0.0044	0.7211	0.0288	0.0091	0.7377	0.0129	0.0041	0.0	0.0	0.0	0.3944	0.1995
0.45	0.1963	0.7264	0.0259	0.0082	0.7274	0.6758	0.7006	0.7487	0.0138	0.0044	0.7212	0.029	0.0092	0.7377	0.0129	0.0041	0.0	0.0	0.0	0.3944	0.1993
0.45	0.1962	0.7271	0.0264	0.0083	0.7282	0.6764	0.7013	0.7487	0.0138	0.0044	0.7212	0.0291	0.0092	0.7377	0.0129	0.0041	0.0	0.0	0.0	0.3944	0.1994
0.45	0.1962	0.7269	0.0256	0.0081	0.7278	0.6768	0.7014	0.7487	0.0138	0.0044	0.7204	0.0291	0.0092	0.7377	0.0129	0.0041	0.0	0.0	0.0	0.3944	0.1994
0.45	0.1963	0.7264	0.0259	0.0082	0.7274	0.6754	0.7004	0.7487	0.0138	0.0044	0.7211	0.029	0.0092	0.7377	0.0129	0.0041	0.0	0.0	0.0	0.3944	0.1995
0.45	0.1964	0.7266	0.0261	0.0082	0.7276	0.6761	0.7009	0.7487	0.0138	0.0044	0.7213	0.0287	0.0091	0.7377	0.0129	0.0041	0.0	0.0	0.0	0.3944	0.1995
0.45	0.1962	0.7265	0.0259	0.0082	0.7279	0.6752	0.7005	0.7487	0.0138	0.0044	0.721	0.0288	0.0091	0.7377	0.0129	0.0041	0.0	0.0	0.0	0.3944	0.1994
0.45	0.1962	0.7268	0.0259	0.0082	0.7279	0.6762	0.7011	0.7487	0.0138	0.0044	0.7215	0.0299	0.0094	0.7377	0.0129	0.0041	0.0	0.0	0.0	0.3944	0.1995
0.45	0.1962	0.7269	0.0258	0.0082	0.7279	0.6762	0.7011	0.7487	0.0138	0.0044	0.7209	0.0295	0.0093	0.7377	0.0129	0.0041	0.0	0.0	0.0	0.3944	0.1995
0.45	0.1964	0.7259	0.026	0.0082	0.7269	0.6751	0.7001	0.7487	0.0138	0.0044	0.7217	0.0297	0.0094	0.7377	0.0129	0.0041	0.0	0.0	0.0	0.3944	0.1994
0.45	0.1963	0.7272	0.0253	0.008	0.7283	0.6765	0.7015	0.7487	0.0138	0.0044	0.7212	0.0291	0.0092	0.7377	0.0129	0.0041	0.0	0.0	0.0	0.3944	0.1994
0.45	0.1963	0.7262	0.0251	0.0079	0.7272	0.6755	0.7004	0.7487	0.0138	0.0044	0.721	0.029	0.0092	0.7377	0.0129	0.0041	0.0	0.0	0.0	0.3944	0.1995
0.4	0.1993	0.7178	0.031	0.0098	0.7092	0.696	0.7025	0.7371	0.0105	0.0033	0.7088	0.0442	0.014	0.7301	0.0138	0.0044	0.0	0.0	0.0	0.4463	0.2058
0.45	0.1965	0.7258	0.0258	0.0082	0.7264	0.6766	0.7006	0.7487	0.0138	0.0044	0.7209	0.0289	0.0091	0.7377	0.0129	0.0041	0.0	0.0	0.0	0.3944	0.1995
0.45	0.1962	0.7268	0.0258	0.0082	0.7278	0.6765	0.7012	0.7487	0.0138	0.0044	0.721	0.0294	0.0093	0.7377	0.0129	0.0041	0.0	0.0	0.0	0.3944	0.1995
0.4	0.1995	0.7181	0.0314	0.0099	0.7089	0.6979	0.7034	0.7371	0.0105	0.0033	0.7092	0.0444	0.014	0.7301	0.0138	0.0044	0.0	0.0	0.0	0.4463	0.2057
0.45	0.1963	0.7268	0.0257	0.0081	0.7278	0.6762	0.7011	0.7487	0.0138	0.0044	0.7215	0.0291	0.0092	0.7377	0.0129	0.0041	0.0	0.0	0.0	0.3944	0.1995
0.4	0.1995	0.7178	0.031	0.0098	0.7092	0.6963	0.7027	0.7371	0.0105	0.0033	0.7094	0.0439	0.0139	0.7301	0.0138	0.0044	0.0	0.0	0.0	0.4463	0.2058
0.4	0.1996	0.7176	0.0313	0.0099	0.7088	0.6967	0.7027	0.7371	0.0105	0.0033	0.7093	0.0439	0.0139	0.7301	0.0138	0.0044	0.0	0.0	0.0	0.4463	0.2057
0.45	0.1962	0.7261	0.0263	0.0083	0.7271	0.6756	0.7004	0.7487	0.0138	0.0044	0.7211	0.0293	0.0093	0.7377	0.0129	0.0041	0.0	0.0	0.0	0.3944	0.1995
0.45	0.1962	0.7266	0.0264	0.0084	0.7277	0.6759	0.7009	0.7487	0.0138	0.0044	0.7213	0.0296	0.0094	0.7377	0.0129	0.0041	0.0	0.0	0.0	0.3944	0.1994
0.45	0.1961	0.7271	0.026	0.0082	0.7282	0.6765	0.7014	0.7487	0.0138	0.0044	0.7205	0.0295	0.0093	0.7377	0.0129	0.0041	0.0	0.0	0.0	0.3944	0.1996
0.45	0.1962	0.7268	0.0251	0.0079	0.728	0.6761	0.7011	0.7487	0.0138	0.0044	0.7206	0.0298	0.0094	0.7377	0.0129	0.0041	0.0	0.0	0.0	0.3944	0.1994
0.45	0.1961	0.7263	0.0259	0.0082	0.7269	0.676	0.7006	0.7487	0.0138	0.0044	0.7213	0.0292	0.0092	0.7377	0.0129	0.0041	0.0	0.0	0.0	0.3944	0.1994
0.4	0.1998	0.7171	0.032	0.0101	0.7084	0.6964	0.7023	0.7371	0.0105	0.0033	0.7098	0.0441	0.014	0.7301	0.0138	0.0044	0.0	0.0	0.0	0.4463	0.2057
0.5	0.1935	0.7281	0.0227	0.0072	0.7273	0.6949	0.7107	0.7435	0.0129	0.0041	0.728	0.0254	0.008	0.7395	0.0161	0.0051	0.0	0.0	0.0	0.4211	0.1945
0.5	0.1934	0.729	0.0234	0.0074	0.728	0.6964	0.7118	0.7435	0.0129	0.0041	0.7276	0.0275	0.0087	0.7395	0.0161	0.0051	0.0	0.0	0.0	0.4211	0.1946
0.5	0.1931	0.7291	0.0221	0.007	0.7275	0.6974	0.7122	0.7435	0.0129	0.0041	0.7279	0.0265	0.0084	0.7395	0.0161	0.0051	0.0	0.0	0.0	0.4211	0.1945
0.5	0.1934	0.7287	0.0235	0.0074	0.7281	0.6952	0.7112	0.7435	0.0129	0.0041	0.7275	0.0264	0.0084	0.7395	0.0161	0.0051	0.0	0.0	0.0	0.4211	0.1946
0.5	0.1934	0.7287	0.0232	0.0073	0.7277	0.6961	0.7115	0.7435	0.0129	0.0041	0.7272	0.0263	0.0083	0.7395	0.0161	0.0051	0.0	0.0	0.0	0.4211	0.1946
0.5	0.1934	0.7282	0.0236	0.0075	0.727	0.696	0.7111	0.7435	0.0129	0.0041	0.7276	0.0259	0.0082	0.7395	0.0161	0.0051	0.0	0.0	0.0	0.4211	0.1945
0.5	0.193	0.7289	0.0219	0.0069	0.7274	0.6973	0.712	0.7435	0.0129	0.0041	0.7278	0.026	0.0082	0.7395	0.0161	0.0051	0.0	0.0	0.0	0.4211	0.1945
0.5	0.1931	0.729	0.0225	0.0071	0.7276	0.697	0.712	0.7435	0.0129	0.0041	0.7274	0.0266	0.0084	0.7395	0.0161	0.0051	0.0	0.0	0.0	0.4211	0.1945
0.45	0.1961	0.7266	0.0261	0.0083	0.7279	0.6757	0.7008	0.7487	0.0138	0.0044	0.7217	0.0289	0.0092	0.7377	0.0129	0.0041	0.0	0.0	0.0	0.3944	0.1995
0.45	0.1963	0.7267	0.0259	0.0082	0.7279	0.6758	0.7008	0.7487	0.0138	0.0044	0.7212	0.0295	0.0093	0.7377	0.0129	0.0041	0.0	0.0	0.0	0.3944	0.1993
0.5	0.1933	0.7284	0.0237	0.0075	0.7272	0.6958	0.7112	0.7435	0.0129	0.0041	0.7277	0.0259	0.0082	0.7395	0.0161	0.0051	0.0	0.0	0.0	0.4211	0.1945
0.5	0.1933	0.7288	0.023	0.0073	0.7277	0.6963	0.7116	0.7435	0.0129	0.0041	0.7278	0.0267	0.0084	0.7395	0.0161	0.0051	0.0	0.0	0.0	0.4211	0.1944
0.5	0.1935	0.7281	0.0237	0.0075	0.7272	0.6951	0.7108	0.7435	0.0129	0.0041	0.7274	0.0259	0.0082	0.7395	0.0161	0.0051	0.0	0.0	0.0	0.4211	0.1945
0.5	0.1931	0.7289	0.0221	0.007	0.7274	0.697	0.7119	0.7435	0.0129	0.0041	0.7274	0.0266	0.0084	0.7395	0.0161	0.0051	0.0	0.0	0.0	0.4211	0.1945
0.5	0.1931	0.7292	0.022	0.007	0.7276	0.6977	0.7123	0.7435	0.0129	0.0041	0.7271	0.0269	0.0085	0.7395	0.0161	0.0051	0.0	0.0	0.0	0.4211	0.1944
0.5	0.1934	0.7279	0.0232	0.0073	0.7267	0.6956	0.7109	0.7435	0.0129	0.0041	0.7275	0.0261	0.0083	0.7395	0.0161	0.0051	0.0	0.0	0.0	0.4211	0.1944
0.5	0.1934	0.7283	0.0233	0.0074	0.7276	0.6948	0.7108	0.7435	0.0129	0.0041	0.7274	0.0261	0.0083	0.7395	0.0161	0.0051	0.0	0.0	0.0	0.4211	0.1945
0.5	0.193	0.73	0.0219	0.0069	0.7287	0.6981	0.7131	0.7435	0.0129	0.0041	0.728	0.0261	0.0083	0.7395	0.0161	0.0051	0.0	0.0	0.0	0.4211	0.1945
0.5	0.1933	0.7285	0.0231	0.0073	0.7274	0.6962	0.7114	0.7435	0.0129	0.0041	0.7273	0.0271	0.0086	0.7395	0.0161	0.0051	0.0	0.0	0.0	0.4211	0.1945
0.5	0.1931	0.729	0.0221	0.007	0.7275	0.6972	0.712	0.7435	0.0129	0.0041	0.7271	0.026	0.0082	0.7395	0.0161	0.0051	0.0	0.0	0.0	0.4211	0.1946
0.5	0.1933	0.7285	0.0227	0.0072	0.7275	0.696	0.7114	0.7435	0.0129	0.0041	0.7278	0.0265	0.0084	0.7395	0.0161	0.0051	0.0	0.0	0.0	0.4211	0.1944
0.5	0.1934	0.7283	0.023	0.0073	0.7275	0.6951	0.7109	0.7435	0.0129	0.0041	0.7273	0.0259	0.0082	0.7395	0.0161	0.0051	0.0	0.0	0.0	0.4211	0.1944
0.5	0.1934	0.7282	0.0229	0.0072	0.7272	0.6955	0.711	0.7435	0.0129	0.0041	0.7275	0.0261	0.0083	0.7395	0.0161	0.0051	0.0	0.0	0.0	0.4211	0.1945
0.5	0.1931	0.7291	0.0215	0.0068	0.7275	0.6977	0.7123	0.7435	0.0129	0.0041	0.7274	0.0261	0.0083	0.7395	0.0161	0.0051	0.0	0.0	0.0	0.4211	0.1946
0.5	0.1934	0.729	0.0234	0.0074	0.7281	0.6963	0.7118	0.7435	0.0129	0.0041	0.7277	0.0264	0.0083	0.7395	0.0161	0.0051	0.0	0.0	0.0	0.4211	0.1944
0.5	0.193	0.7289	0.0222	0.007	0.7276	0.6967	0.7118	0.7435	0.0129	0.0041	0.728	0.0263	0.0083	0.7395	0.0161	0.0051	0.0	0.0	0.0	0.4211	0.1945
0.5	0.1934	0.7291	0.0231	0.0073	0.728	0.6967	0.712	0.7435	0.0129	0.0041	0.7273	0.0266	0.0084	0.7395	0.0161	0.0051	0.0	0.0	0.0	0.4211	0.1945
0.5	0.1933	0.7284	0.0225	0.0071	0.7276	0.6956	0.7112	0.7435	0.0129	0.0041	0.7273	0.0261	0.0083	0.7395	0.0161	0.0051	0.0	0.0	0.0	0.4211	0.1945
0.5	0.1934	0.7288	0.0226	0.0071	0.7282	0.6956	0.7115	0.7435	0.0129	0.0041	0.7282	0.0266	0.0084	0.7395	0.0161	0.0051	0.0	0.0	0.0	0.4211	0.1945
0.5	0.1935	0.7281	0.0234	0.0074	0.7273	0.695	0.7108	0.7435	0.0129	0.0041	0.7277	0.0267	0.0084	0.7395	0.0161	0.0051	0.0	0.0	0.0	0.4211	0.1944
0.5	0.1933	0.7291	0.0228	0.0072	0.7281	0.6966	0.712	0.7435	0.0129	0.0041	0.7281	0.0264	0.0084	0.7395	0.0161	0.0051	0.0	0.0	0.0	0.4211	0.1945
0.5	0.1934	0.7283	0.0233	0.0074	0.7273	0.6956	0.7111	0.7435	0.0129	0.0041	0.7275	0.0261	0.0083	0.7395	0.0161	0.0051	0.0	0.0	0.0	0.4211	0.1944
0.6	0.1878	0.7335	0.0206	0.0065	0.7409	0.6853	0.712	0.7532	0.0161	0.0051	0.7332	0.021	0.0066	0.7422	0.0183	0.0058	0.0	0.0	0.0	0.3284	0.1881
0.6	0.1877	0.7332	0.0212	0.0067	0.7406	0.6848	0.7116	0.7532	0.0161	0.0051	0.7329	0.0212	0.0067	0.7422	0.0183	0.0058	0.0	0.0	0.0	0.3284	0.1879
0.6	0.1879	0.7332	0.0207	0.0066	0.7403	0.6856	0.7119	0.7532	0.0161	0.0051	0.733	0.0206	0.0065	0.7422	0.0183	0.0058	0.0	0.0	0.0	0.3284	0.188
0.6	0.1878	0.7336	0.0209	0.0066	0.7412	0.6851	0.712	0.7532	0.0161	0.0051	0.733	0.0205	0.0065	0.7422	0.0183	0.0058	0.0	0.0	0.0	0.3284	0.188
0.6	0.1879	0.7327	0.0209	0.0066	0.7402	0.6844	0.7112	0.7532	0.0161	0.0051	0.7326	0.0209	0.0066	0.7422	0.0183	0.0058	0.0	0.0	0.0	0.3284	0.1879
0.6	0.1879	0.734	0.021	0.0067	0.7415	0.6859	0.7126	0.7532	0.0161	0.0051	0.7328	0.0208	0.0066	0.7422	0.0183	0.0058	0.0	0.0	0.0	0.3284	0.188
0.6	0.1878	0.7335	0.021	0.0066	0.741	0.685	0.7119	0.7532	0.0161	0.0051	0.7326	0.0206	0.0065	0.7422	0.0183	0.0058	0.0	0.0	0.0	0.3284	0.1882
0.6	0.1878	0.7328	0.0213	0.0067	0.7405	0.684	0.7111	0.7532	0.0161	0.0051	0.7325	0.0208	0.0066	0.7422	0.0183	0.0058	0.0	0.0	0.0	0.3284	0.1881
0.6	0.1879	0.7332	0.0206	0.0065	0.7407	0.6847	0.7116	0.7532	0.0161	0.0051	0.7328	0.0208	0.0066	0.7422	0.0183	0.0058	0.0	0.0	0.0	0.3284	0.1881
0.6	0.1878	0.7332	0.0211	0.0067	0.7405	0.6852	0.7118	0.7532	0.0161	0.0051	0.7331	0.0213	0.0067	0.7422	0.0183	0.0058	0.0	0.0	0.0	0.3284	0.1881
0.6	0.1878	0.7335	0.0207	0.0065	0.741	0.6852	0.712	0.7532	0.0161	0.0051	0.7334	0.021	0.0067	0.7422	0.0183	0.0058	0.0	0.0	0.0	0.3284	0.188
0.6	0.1879	0.7334	0.0208	0.0066	0.7411	0.6849	0.7119	0.7532	0.0161	0.0051	0.732	0.0215	0.0068	0.7422	0.0183	0.0058	0.0	0.0	0.0	0.3284	0.188
0.6	0.1879	0.7331	0.0214	0.0068	0.7406	0.6845	0.7114	0.7532	0.0161	0.0051	0.7329	0.0202	0.0064	0.7422	0.0183	0.0058	0.0	0.0	0.0	0.3284	0.1879
0.6	0.1878	0.7335	0.021	0.0067	0.7409	0.6852	0.712	0.7532	0.0161	0.0051	0.7324	0.0211	0.0067	0.7422	0.0183	0.0058	0.0	0.0	0.0	0.3284	0.1881
0.6	0.1878	0.7329	0.0209	0.0066	0.7407	0.6837	0.7111	0.7532	0.0161	0.0051	0.7328	0.0207	0.0065	0.7422	0.0183	0.0058	0.0	0.0	0.0	0.3284	0.188
0.6	0.188	0.733	0.0208	0.0066	0.7405	0.6847	0.7115	0.7532	0.0161	0.0051	0.733	0.0205	0.0065	0.7422	0.0183	0.0058	0.0	0.0	0.0	0.3284	0.1881
0.6	0.1879	0.7333	0.0205	0.0065	0.7408	0.6848	0.7117	0.7532	0.0161	0.0051	0.7333	0.021	0.0066	0.7422	0.0183	0.0058	0.0	0.0	0.0	0.3284	0.1879
0.6	0.1877	0.7332	0.0212	0.0067	0.7407	0.6848	0.7116	0.7532	0.0161	0.0051	0.7328	0.021	0.0066	0.7422	0.0183	0.0058	0.0	0.0	0.0	0.3284	0.188
0.6	0.1879	0.7329	0.0213	0.0067	0.7407	0.6836	0.711	0.7532	0.0161	0.0051	0.7328	0.0211	0.0067	0.7422	0.0183	0.0058	0.0	0.0	0.0	0.3284	0.188
0.6	0.1879	0.7333	0.0209	0.0066	0.7409	0.6847	0.7117	0.7532	0.0161	0.0051	0.7324	0.0203	0.0064	0.7422	0.0183	0.0058	0.0	0.0	0.0	0.3284	0.1881
0.6	0.1879	0.7332	0.0211	0.0067	0.7407	0.6849	0.7117	0.7532	0.0161	0.0051	0.7325	0.0207	0.0066	0.7422	0.0183	0.0058	0.0	0.0	0.0	0.3284	0.188
0.6	0.1877	0.7336	0.0209	0.0066	0.7415	0.685	0.7121	0.7532	0.0161	0.0051	0.733	0.0205	0.0065	0.7422	0.0183	0.0058	0.0	0.0	0.0	0.3284	0.1881
0.7	0.1841	0.7484	0.0261	0.0082	0.7566	0.6842	0.7186	0.7581	0.0246	0.0078	0.7471	0.026	0.0082	0.7547	0.026	0.0082	0.0	0.0	0.0	0.3051	0.1843
0.6	0.188	0.7336	0.0208	0.0066	0.7412	0.6853	0.7121	0.7532	0.0161	0.0051	0.7326	0.0211	0.0067	0.7422	0.0183	0.0058	0.0	0.0	0.0	0.3284	0.188
0.6	0.188	0.7335	0.0205	0.0065	0.7409	0.6854	0.7121	0.7532	0.0161	0.0051	0.7328	0.0207	0.0065	0.7422	0.0183	0.0058	0.0	0.0	0.0	0.3284	0.1879
0.6	0.1879	0.7334	0.0206	0.0065	0.7409	0.6851	0.7119	0.7532	0.0161	0.0051	0.7326	0.0206	0.0065	0.7422	0.0183	0.0058	0.0	0.0	0.0	0.3284	0.188
0.6	0.188	0.7327	0.0205	0.0065	0.74	0.6847	0.7113	0.7532	0.0161	0.0051	0.7329	0.0211	0.0067	0.7422	0.0183	0.0058	0.0	0.0	0.0	0.3284	0.188
0.7	0.1843	0.7478	0.0257	0.0081	0.7562	0.6833	0.7179	0.7581	0.0246	0.0078	0.7474	0.0254	0.008	0.7547	0.026	0.0082	0.0	0.0	0.0	0.3051	0.1844
0.7	0.1843	0.7483	0.026	0.0082	0.7574	0.6828	0.7182	0.7581	0.0246	0.0078	0.7487	0.0256	0.0081	0.7547	0.026	0.0082	0.0	0.0	0.0	0.3051	0.1842
0.7	0.1842	0.7479	0.0245	0.0077	0.7566	0.6832	0.718	0.7581	0.0246	0.0078	0.7471	0.0248	0.0079	0.7547	0.026	0.0082	0.0	0.0	0.0	0.3051	0.1843
0.7	0.1845	0.7479	0.0261	0.0083	0.7567	0.683	0.718	0.7581	0.0246	0.0078	0.7474	0.0256	0.0081	0.7547	0.026	0.0082	0.0	0.0	0.0	0.3051	0.1844
0.7	0.1844	0.7475	0.026	0.0082	0.7563	0.6824	0.7174	0.7581	0.0246	0.0078	0.7475	0.0254	0.008	0.7547	0.026	0.0082	0.0	0.0	0.0	0.3051	0.1843
0.7	0.1844	0.7486	0.0259	0.0082	0.7569	0.6844	0.7189	0.7581	0.0246	0.0078	0.7464	0.0258	0.0082	0.7547	0.026	0.0082	0.0	0.0	0.0	0.3051	0.1844
0.7	0.1845	0.7466	0.0262	0.0083	0.7548	0.6821	0.7166	0.7581	0.0246	0.0078	0.7473	0.0256	0.0081	0.7547	0.026	0.0082	0.0	0.0	0.0	0.3051	0.1843
0.7	0.1843	0.7481	0.026	0.0082	0.7567	0.6834	0.7182	0.7581	0.0246	0.0078	0.7479	0.0253	0.008	0.7547	0.026	0.0082	0.0	0.0	0.0	0.3051	0.1842
0.7	0.1843	0.7473	0.0257	0.0081	0.756	0.6823	0.7172	0.7581	0.0246	0.0078	0.748	0.0244	0.0077	0.7547	0.026	0.0082	0.0	0.0	0.0	0.3051	0.1843
0.7	0.1844	0.7468	0.0253	0.008	0.7553	0.6817	0.7166	0.7581	0.0246	0.0078	0.7475	0.0258	0.0081	0.7547	0.026	0.0082	0.0	0.0	0.0	0.3051	0.1843
0.7	0.1845	0.7467	0.0247	0.0078	0.755	0.6821	0.7167	0.7581	0.0246	0.0078	0.7472	0.0254	0.008	0.7547	0.026	0.0082	0.0	0.0	0.0	0.3051	0.1843
0.7	0.1844	0.748	0.0261	0.0083	0.7566	0.6834	0.7181	0.7581	0.0246	0.0078	0.7471	0.0255	0.0081	0.7547	0.026	0.0082	0.0	0.0	0.0	0.3051	0.1843
0.7	0.1844	0.7477	0.0255	0.0081	0.7565	0.6823	0.7175	0.7581	0.0246	0.0078	0.7477	0.0254	0.008	0.7547	0.026	0.0082	0.0	0.0	0.0	0.3051	0.1843
0.7	0.1844	0.7465	0.0249	0.0079	0.7552	0.6813	0.7164	0.7581	0.0246	0.0078	0.7482	0.0257	0.0081	0.7547	0.026	0.0082	0.0	0.0	0.0	0.3051	0.1843
0.7	0.1844	0.7478	0.026	0.0082	0.7561	0.6836	0.7181	0.7581	0.0246	0.0078	0.7474	0.0254	0.008	0.7547	0.026	0.0082	0.0	0.0	0.0	0.3051	0.1844
0.7	0.1844	0.7472	0.0256	0.0081	0.7562	0.6814	0.7169	0.7581	0.0246	0.0078	0.7481	0.0261	0.0083	0.7547	0.026	0.0082	0.0	0.0	0.0	0.3051	0.1844
0.6	0.1878	0.7327	0.021	0.0066	0.7403	0.684	0.711	0.7532	0.0161	0.0051	0.7334	0.0204	0.0065	0.7422	0.0183	0.0058	0.0	0.0	0.0	0.3284	0.1879
0.6	0.1878	0.733	0.0207	0.0065	0.7406	0.6845	0.7115	0.7532	0.0161	0.0051	0.733	0.0209	0.0066	0.7422	0.0183	0.0058	0.0	0.0	0.0	0.3284	0.188
0.6	0.1878	0.7331	0.021	0.0066	0.7406	0.6848	0.7116	0.7532	0.0161	0.0051	0.7324	0.0205	0.0065	0.7422	0.0183	0.0058	0.0	0.0	0.0	0.3284	0.1882
0.6	0.1877	0.7336	0.0209	0.0066	0.7411	0.6853	0.7121	0.7532	0.0161	0.0051	0.7333	0.0208	0.0066	0.7422	0.0183	0.0058	0.0	0.0	0.0	0.3284	0.188
0.7	0.1843	0.7469	0.0254	0.008	0.7557	0.6815	0.7167	0.7581	0.0246	0.0078	0.748	0.0262	0.0083	0.7547	0.026	0.0082	0.0	0.0	0.0	0.3051	0.1843
0.7	0.1845	0.7474	0.0253	0.008	0.7562	0.682	0.7172	0.7581	0.0246	0.0078	0.7479	0.0258	0.0082	0.7547	0.026	0.0082	0.0	0.0	0.0	0.3051	0.1844
0.7	0.1842	0.7475	0.0251	0.0079	0.7561	0.6827	0.7175	0.7581	0.0246	0.0078	0.748	0.0255	0.0081	0.7547	0.026	0.0082	0.0	0.0	0.0	0.3051	0.1843
0.7	0.1845	0.7477	0.0253	0.008	0.7563	0.683	0.7178	0.7581	0.0246	0.0078	0.7485	0.0249	0.0079	0.7547	0.026	0.0082	0.0	0.0	0.0	0.3051	0.1844
0.7	0.1844	0.7475	0.0246	0.0078	0.7561	0.6825	0.7174	0.7581	0.0246	0.0078	0.7472	0.0254	0.008	0.7547	0.026	0.0082	0.0	0.0	0.0	0.3051	0.1843
0.7	0.1843	0.7471	0.0254	0.008	0.7557	0.6821	0.717	0.7581	0.0246	0.0078	0.7469	0.0257	0.0081	0.7547	0.026	0.0082	0.0	0.0	0.0	0.3051	0.1842
0.7	0.1844	0.7468	0.0253	0.008	0.7556	0.6816	0.7167	0.7581	0.0246	0.0078	0.7474	0.0255	0.0081	0.7547	0.026	0.0082	0.0	0.0	0.0	0.3051	0.1845
0.7	0.1845	0.7482	0.0251	0.008	0.7566	0.6841	0.7185	0.7581	0.0246	0.0078	0.7472	0.0256	0.0081	0.7547	0.026	0.0082	0.0	0.0	0.0	0.3051	0.1844
0.7	0.1844	0.7477	0.025	0.0079	0.7564	0.6831	0.7179	0.7581	0.0246	0.0078	0.7473	0.0247	0.0078	0.7547	0.026	0.0082	0.0	0.0	0.0	0.3051	0.1845
0.7	0.1843	0.7468	0.0257	0.0081	0.7558	0.6809	0.7164	0.7581	0.0246	0.0078	0.7475	0.0257	0.0081	0.7547	0.026	0.0082	0.0	0.0	0.0	0.3051	0.1843
0.8	0.1862	0.7398	0.0312	0.0099	0.7464	0.7095	0.7275	0.7528	0.0382	0.0121	0.7404	0.0315	0.01	0.7416	0.0298	0.0094	0.0	0.0	0.0	0.3275	0.1862
0.8	0.1863	0.7406	0.0312	0.0099	0.7471	0.7106	0.7284	0.7528	0.0382	0.0121	0.7409	0.0308	0.0097	0.7416	0.0298	0.0094	0.0	0.0	0.0	0.3275	0.1862
0.8	0.1862	0.7399	0.0307	0.0097	0.7462	0.7099	0.7276	0.7528	0.0382	0.0121	0.7405	0.0306	0.0097	0.7416	0.0298	0.0094	0.0	0.0	0.0	0.3275	0.1863
0.8	0.1864	0.7397	0.0309	0.0098	0.7461	0.7098	0.7275	0.7528	0.0382	0.0121	0.7398	0.0312	0.0099	0.7416	0.0298	0.0094	0.0	0.0	0.0	0.3275	0.1863
0.8	0.1862	0.74	0.0311	0.0098	0.7469	0.7094	0.7277	0.7528	0.0382	0.0121	0.7402	0.0312	0.0099	0.7416	0.0298	0.0094	0.0	0.0	0.0	0.3275	0.1862
0.8	0.1863	0.74	0.0318	0.0101	0.7463	0.7101	0.7277	0.7528	0.0382	0.0121	0.7396	0.0319	0.0101	0.7416	0.0298	0.0094	0.0	0.0	0.0	0.3275	0.1863
0.7	0.1844	0.7471	0.0257	0.0081	0.7557	0.6818	0.7169	0.7581	0.0246	0.0078	0.7472	0.0252	0.008	0.7547	0.026	0.0082	0.0	0.0	0.0	0.3051	0.1844
0.8	0.1862	0.7399	0.0311	0.0098	0.7462	0.7102	0.7277	0.7528	0.0382	0.0121	0.7397	0.03	0.0095	0.7416	0.0298	0.0094	0.0	0.0	0.0	0.3275	0.1863
0.8	0.1862	0.7397	0.0316	0.01	0.7458	0.7105	0.7277	0.7528	0.0382	0.0121	0.7393	0.0306	0.0097	0.7416	0.0298	0.0094	0.0	0.0	0.0	0.3275	0.1864
0.8	0.1863	0.7405	0.0307	0.0097	0.747	0.7103	0.7282	0.7528	0.0382	0.0121	0.7397	0.0311	0.0098	0.7416	0.0298	0.0094	0.0	0.0	0.0	0.3275	0.1862
0.8	0.1862	0.7403	0.0315	0.01	0.747	0.7096	0.7278	0.7528	0.0382	0.0121	0.7404	0.0317	0.01	0.7416	0.0298	0.0094	0.0	0.0	0.0	0.3275	0.1862
0.8	0.1862	0.7407	0.0312	0.0099	0.7474	0.7108	0.7286	0.7528	0.0382	0.0121	0.7396	0.0313	0.0099	0.7416	0.0298	0.0094	0.0	0.0	0.0	0.3275	0.1863
0.8	0.1861	0.74	0.0302	0.0096	0.7467	0.7095	0.7276	0.7528	0.0382	0.0121	0.7398	0.0313	0.0099	0.7416	0.0298	0.0094	0.0	0.0	0.0	0.3275	0.1862
0.8	0.1864	0.7404	0.032	0.0101	0.7472	0.7094	0.7278	0.7528	0.0382	0.0121	0.7408	0.0311	0.0098	0.7416	0.0298	0.0094	0.0	0.0	0.0	0.3275	0.1862
0.7	0.1843	0.7476	0.026	0.0082	0.7563	0.6824	0.7175	0.7581	0.0246	0.0078	0.7482	0.0252	0.008	0.7547	0.026	0.0082	0.0	0.0	0.0	0.3051	0.1844
0.7	0.1843	0.7472	0.0251	0.0079	0.7555	0.6829	0.7174	0.7581	0.0246	0.0078	0.7475	0.0265	0.0084	0.7547	0.026	0.0082	0.0	0.0	0.0	0.3051	0.1845
0.8	0.1863	0.7403	0.0309	0.0098	0.7473	0.7094	0.7278	0.7528	0.0382	0.0121	0.7401	0.0314	0.0099	0.7416	0.0298	0.0094	0.0	0.0	0.0	0.3275	0.1863
0.8	0.1862	0.7397	0.0315	0.01	0.7463	0.7095	0.7275	0.7528	0.0382	0.0121	0.7394	0.0307	0.0097	0.7416	0.0298	0.0094	0.0	0.0	0.0	0.3275	0.1864
0.8	0.1861	0.7406	0.0317	0.01	0.7467	0.7108	0.7283	0.7528	0.0382	0.0121	0.7405	0.031	0.0098	0.7416	0.0298	0.0094	0.0	0.0	0.0	0.3275	0.1862
0.8	0.1861	0.7409	0.0312	0.0099	0.7477	0.7103	0.7285	0.7528	0.0382	0.0121	0.7403	0.0317	0.01	0.7416	0.0298	0.0094	0.0	0.0	0.0	0.3275	0.1861
0.8	0.1862	0.7406	0.0313	0.0099	0.7463	0.712	0.7288	0.7528	0.0382	0.0121	0.7393	0.0303	0.0096	0.7416	0.0298	0.0094	0.0	0.0	0.0	0.3275	0.1863
0.8	0.1861	0.7397	0.0318	0.0101	0.746	0.7101	0.7276	0.7528	0.0382	0.0121	0.7401	0.0314	0.0099	0.7416	0.0298	0.0094	0.0	0.0	0.0	0.3275	0.1859
0.8	0.1862	0.74	0.0314	0.0099	0.7461	0.7104	0.7278	0.7528	0.0382	0.0121	0.7394	0.0313	0.0099	0.7416	0.0298	0.0094	0.0	0.0	0.0	0.3275	0.1863
0.8	0.1862	0.7407	0.0318	0.0101	0.7471	0.7106	0.7284	0.7528	0.0382	0.0121	0.7399	0.0299	0.0095	0.7416	0.0298	0.0094	0.0	0.0	0.0	0.3275	0.1863
0.8	0.1862	0.7402	0.031	0.0098	0.7466	0.7103	0.728	0.7528	0.0382	0.0121	0.7393	0.0315	0.01	0.7416	0.0298	0.0094	0.0	0.0	0.0	0.3275	0.1864
0.8	0.1862	0.7406	0.031	0.0098	0.7469	0.7107	0.7284	0.7528	0.0382	0.0121	0.7404	0.0313	0.0099	0.7416	0.0298	0.0094	0.0	0.0	0.0	0.3275	0.1863
0.8	0.1864	0.7399	0.0316	0.01	0.7462	0.71	0.7277	0.7528	0.0382	0.0121	0.7396	0.0314	0.0099	0.7416	0.0298	0.0094	0.0	0.0	0.0	0.3275	0.1863
0.8	0.1861	0.7403	0.0312	0.0099	0.7468	0.7101	0.728	0.7528	0.0382	0.0121	0.741	0.0316	0.01	0.7416	0.0298	0.0094	0.0	0.0	0.0	0.3275	0.1863
0.8	0.1865	0.7404	0.0323	0.0102	0.7471	0.7099	0.728	0.7528	0.0382	0.0121	0.7396	0.031	0.0098	0.7416	0.0298	0.0094	0.0	0.0	0.0	0.3275	0.1864
0.8	0.1865	0.7395	0.0311	0.0098	0.7459	0.7093	0.7272	0.7528	0.0382	0.0121	0.7397	0.0311	0.0098	0.7416	0.0298	0.0094	0.0	0.0	0.0	0.3275	0.1863
0.8	0.1863	0.7403	0.0312	0.0099	0.7466	0.7104	0.7281	0.7528	0.0382	0.0121	0.7396	0.0313	0.0099	0.7416	0.0298	0.0094	0.0	0.0	0.0	0.3275	0.1863
0.8	0.1862	0.7397	0.031	0.0098	0.7461	0.7096	0.7274	0.7528	0.0382	0.0121	0.7402	0.0308	0.0097	0.7416	0.0298	0.0094	0.0	0.0	0.0	0.3275	0.1862
0.9	0.1866	0.7447	0.0483	0.0153	0.7119	0.7309	0.7213	0.7443	0.0519	0.0164	0.7457	0.048	0.0152	0.7448	0.0515	0.0163	0.0	0.0	0.0	0.3131	0.1863
0.9	0.1868	0.744	0.0487	0.0154	0.7109	0.7302	0.7204	0.7443	0.0519	0.0164	0.7451	0.0481	0.0152	0.7448	0.0515	0.0163	0.0	0.0	0.0	0.3131	0.1865
0.9	0.1864	0.7453	0.0482	0.0152	0.7126	0.732	0.7222	0.7443	0.0519	0.0164	0.7459	0.0492	0.0156	0.7448	0.0515	0.0163	0.0	0.0	0.0	0.3131	0.1863
0.8	0.1863	0.7403	0.0314	0.0099	0.747	0.7099	0.728	0.7528	0.0382	0.0121	0.7409	0.0322	0.0102	0.7416	0.0298	0.0094	0.0	0.0	0.0	0.3275	0.1863
0.9	0.1865	0.7456	0.0479	0.0152	0.7127	0.7324	0.7224	0.7443	0.0519	0.0164	0.7442	0.0457	0.0145	0.7448	0.0515	0.0163	0.0	0.0	0.0	0.3131	0.1867
0.9	0.1866	0.7447	0.0485	0.0153	0.712	0.7301	0.7209	0.7443	0.0519	0.0164	0.7441	0.0493	0.0156	0.7448	0.0515	0.0163	0.0	0.0	0.0	0.3131	0.1865
0.9	0.1869	0.7447	0.0474	0.015	0.7115	0.732	0.7216	0.7443	0.0519	0.0164	0.7441	0.0469	0.0148	0.7448	0.0515	0.0163	0.0	0.0	0.0	0.3131	0.1864
0.9	0.1868	0.7452	0.049	0.0155	0.712	0.7317	0.7217	0.7443	0.0519	0.0164	0.7452	0.0482	0.0153	0.7448	0.0515	0.0163	0.0	0.0	0.0	0.3131	0.1866
0.9	0.1865	0.7447	0.0488	0.0154	0.711	0.7318	0.7212	0.7443	0.0519	0.0164	0.746	0.049	0.0155	0.7448	0.0515	0.0163	0.0	0.0	0.0	0.3131	0.1864
0.9	0.1865	0.7448	0.049	0.0155	0.7118	0.7313	0.7215	0.7443	0.0519	0.0164	0.7446	0.0494	0.0156	0.7448	0.0515	0.0163	0.0	0.0	0.0	0.3131	0.1865
0.9	0.1862	0.745	0.0476	0.015	0.712	0.7314	0.7216	0.7443	0.0519	0.0164	0.7452	0.049	0.0155	0.7448	0.0515	0.0163	0.0	0.0	0.0	0.3131	0.1864
0.9	0.1864	0.7448	0.0488	0.0154	0.7114	0.7315	0.7213	0.7443	0.0519	0.0164	0.7438	0.0468	0.0148	0.7448	0.0515	0.0163	0.0	0.0	0.0	0.3131	0.1866
0.9	0.1862	0.7454	0.0492	0.0155	0.7117	0.7328	0.7221	0.7443	0.0519	0.0164	0.7461	0.0486	0.0154	0.7448	0.0515	0.0163	0.0	0.0	0.0	0.3131	0.1864
0.9	0.1866	0.7448	0.0493	0.0156	0.7115	0.7315	0.7213	0.7443	0.0519	0.0164	0.7444	0.047	0.0149	0.7448	0.0515	0.0163	0.0	0.0	0.0	0.3131	0.1866
0.9	0.1865	0.7458	0.0496	0.0157	0.7123	0.7332	0.7226	0.7443	0.0519	0.0164	0.744	0.0476	0.0151	0.7448	0.0515	0.0163	0.0	0.0	0.0	0.3131	0.1869
0.9	0.1862	0.7454	0.0485	0.0153	0.7121	0.7331	0.7224	0.7443	0.0519	0.0164	0.7445	0.0477	0.0151	0.7448	0.0515	0.0163	0.0	0.0	0.0	0.3131	0.1866
0.9	0.1865	0.7445	0.0483	0.0153	0.7115	0.7305	0.7209	0.7443	0.0519	0.0164	0.7456	0.0476	0.015	0.7448	0.0515	0.0163	0.0	0.0	0.0	0.3131	0.1866
0.9	0.1862	0.7454	0.0485	0.0153	0.7125	0.7313	0.7218	0.7443	0.0519	0.0164	0.7468	0.0481	0.0152	0.7448	0.0515	0.0163	0.0	0.0	0.0	0.3131	0.1866
0.9	0.1867	0.7444	0.0483	0.0153	0.7108	0.7315	0.721	0.7443	0.0519	0.0164	0.7458	0.048	0.0152	0.7448	0.0515	0.0163	0.0	0.0	0.0	0.3131	0.1867
0.9	0.1866	0.745	0.0477	0.0151	0.7113	0.7335	0.7222	0.7443	0.0519	0.0164	0.7445	0.0476	0.015	0.7448	0.0515	0.0163	0.0	0.0	0.0	0.3131	0.1866
0.9	0.1865	0.7443	0.0482	0.0153	0.7117	0.7301	0.7208	0.7443	0.0519	0.0164	0.7439	0.05	0.0158	0.7448	0.0515	0.0163	0.0	0.0	0.0	0.3131	0.1865
0.9	0.1865	0.746	0.0484	0.0153	0.7127	0.7331	0.7227	0.7443	0.0519	0.0164	0.7439	0.048	0.0152	0.7448	0.0515	0.0163	0.0	0.0	0.0	0.3131	0.1865
0.9	0.1866	0.7454	0.0485	0.0153	0.7119	0.7323	0.7219	0.7443	0.0519	0.0164	0.7451	0.0491	0.0155	0.7448	0.0515	0.0163	0.0	0.0	0.0	0.3131	0.1863
0.9	0.1865	0.7449	0.049	0.0155	0.712	0.7311	0.7214	0.7443	0.0519	0.0164	0.7447	0.0482	0.0153	0.7448	0.0515	0.0163	0.0	0.0	0.0	0.3131	0.1865
0.9	0.1865	0.7454	0.0469	0.0148	0.7122	0.7326	0.7222	0.7443	0.0519	0.0164	0.7458	0.0471	0.0149	0.7448	0.0515	0.0163	0.0	0.0	0.0	0.3131	0.1863
0.9	0.1865	0.745	0.0493	0.0156	0.7114	0.7324	0.7217	0.7443	0.0519	0.0164	0.7443	0.0478	0.0151	0.7448	0.0515	0.0163	0.0	0.0	0.0	0.3131	0.1865
0.9	0.1867	0.7449	0.0484	0.0153	0.7118	0.731	0.7213	0.7443	0.0519	0.0164	0.745	0.0488	0.0154	0.7448	0.0515	0.0163	0.0	0.0	0.0	0.3131	0.1866
0.9	0.1866	0.745	0.0492	0.0156	0.7121	0.7305	0.7212	0.7443	0.0519	0.0164	0.745	0.0488	0.0154	0.7448	0.0515	0.0163	0.0	0.0	0.0	0.3131	0.1864
0.9	0.1864	0.7462	0.0487	0.0154	0.7126	0.7339	0.7231	0.7443	0.0519	0.0164	0.7452	0.0485	0.0153	0.7448	0.0515	0.0163	0.0	0.0	0.0	0.3131	0.1861
0.9	0.1863	0.7457	0.0499	0.0158	0.7122	0.7322	0.7221	0.7443	0.0519	0.0164	0.7454	0.0493	0.0156	0.7448	0.0515	0.0163	0.0	0.0	0.0	0.3131	0.1863
0.9	0.1866	0.7458	0.0485	0.0153	0.7124	0.7334	0.7227	0.7443	0.0519	0.0164	0.7452	0.0481	0.0152	0.7448	0.0515	0.0163	0.0	0.0	0.0	0.3131	0.1866
