Label	trainingSize	meanSquaredLoss	meanAccuracy	sd	se	meanPrecision	meanRecall	f1	mle_meanAccuracy	mle_sd	mle_se	mple_meanAccuracy	mple_sd	mple_se	i2_initialEstimate_meanAccuracy	i2_initialEstimate_sd	i2_initialEstimate_se	initialEstimate_meanAccuracy	initialEstimate_sd	i2_initialEstimate_se	i1_meanSquaredLoss	i2_meanSquaredLoss


90perc_2repeat	0.05	0.2839	0.477	0.1247	0.0558	0.5088	0.3114	0.3863	0.4129	0.1197	0.0535	0.5203	0.0851	0.038	0.4663	0.1605	0.0718	0.0	0.0	0.0	0.2531	0.3649
80perc_2repeat	0.05	0.3047	0.4225	0.0928	0.0415	0.4131	0.4372	0.4248	0.4343	0.1277	0.0571	0.4228	0.0933	0.0417	0.3596	0.1045	0.0468	0.0	0.0	0.0	0.251	0.3717
70perc_2repeat	0.1	0.258	0.5416	0.0323	0.0144	0.5375	0.6357	0.5825	0.6978	0.0557	0.0249	0.5323	0.0344	0.0154	0.5431	0.0517	0.0231	0.0	0.0	0.0	0.2524	0.3107
100perc_2repeat	0.1	0.3316	0.3879	0.0513	0.0229	0.3548	0.5172	0.4209	0.2599	0.0068	0.003	0.3977	0.0543	0.0243	0.2696	0.0144	0.0064	0.0	0.0	0.0	0.2577	0.3462
60perc_2repeat	0.1	0.2551	0.5633	0.038	0.017	0.6589	0.3544	0.4609	0.7265	0.0296	0.0132	0.5582	0.0363	0.0162	0.6116	0.0953	0.0426	0.0	0.0	0.0	0.261	0.2937
50perc_2repeat	0.1	0.2397	0.5881	0.0355	0.0159	0.6144	0.5386	0.574	0.7247	0.0274	0.0123	0.5663	0.0401	0.018	0.6902	0.0462	0.0207	0.0	0.0	0.0	0.2667	0.2929
15perc_2repeat	0.1	0.2147	0.6911	0.0284	0.0127	0.7418	0.5514	0.6326	0.7398	0.0062	0.0028	0.6239	0.0716	0.032	0.7052	0.029	0.013	0.0	0.0	0.0	0.3231	0.3076
40perc_2repeat	0.1	0.246	0.587	0.0565	0.0252	0.6345	0.5686	0.5997	0.7401	0.0063	0.0028	0.5424	0.0388	0.0173	0.6763	0.0401	0.0179	0.0	0.0	0.0	0.2809	0.3409
90perc_2repeat	0.1	0.2924	0.4761	0.0374	0.0167	0.4487	0.4425	0.4456	0.2742	0.0295	0.0132	0.4847	0.0348	0.0156	0.3734	0.0698	0.0312	0.0	0.0	0.0	0.2518	0.3129
30perc_2repeat	0.1	0.2301	0.6324	0.0525	0.0235	0.6557	0.6062	0.6299	0.7401	0.0068	0.003	0.5709	0.038	0.017	0.7058	0.0342	0.0153	0.0	0.0	0.0	0.293	0.3282
80perc_2repeat	0.1	0.2801	0.4968	0.0563	0.0252	0.4673	0.43	0.4479	0.4487	0.1217	0.0544	0.4963	0.0589	0.0263	0.4737	0.1553	0.0695	0.0	0.0	0.0	0.2505	0.3069
100perc_5repeat	0.1	0.3964	0.364	0.0544	0.0243	0.347	0.5154	0.4148	0.2599	0.0068	0.003	0.3992	0.0686	0.0307	0.276	0.0227	0.0102	0.0	0.0	0.0	0.289	0.429
15perc_5repeat	0.1	0.226	0.6671	0.0357	0.0159	0.7065	0.5586	0.6239	0.7401	0.0068	0.003	0.5942	0.0668	0.0299	0.7233	0.0285	0.0128	0.0	0.0	0.0	0.3235	0.3463
60perc_5repeat	0.1	0.2816	0.5068	0.027	0.0121	0.4762	0.3733	0.4185	0.5746	0.1527	0.0683	0.5096	0.0237	0.0106	0.5446	0.1142	0.0511	0.0	0.0	0.0	0.2514	0.3144
50perc_5repeat	0.1	0.2647	0.5494	0.0376	0.0168	0.5665	0.3505	0.4331	0.6971	0.0314	0.0141	0.5423	0.0292	0.0131	0.5783	0.1094	0.0489	0.0	0.0	0.0	0.2563	0.3147
40perc_5repeat	0.1	0.275	0.5687	0.0288	0.0129	0.6137	0.5167	0.561	0.7384	0.0077	0.0034	0.5558	0.019	0.0085	0.7128	0.06	0.0268	0.0	0.0	0.0	0.2667	0.3415
90perc_5repeat	0.1	0.3515	0.4001	0.0683	0.0306	0.3417	0.4013	0.3691	0.2756	0.0313	0.014	0.4162	0.0691	0.0309	0.2776	0.0173	0.0077	0.0	0.0	0.0	0.2673	0.385
5perc_5repeat	0.1	0.2321	0.6552	0.0482	0.0215	0.6809	0.6073	0.642	0.7401	0.0068	0.003	0.5655	0.0176	0.0079	0.7246	0.023	0.0103	0.0	0.0	0.0	0.3557	0.368
80perc_5repeat	0.1	0.3125	0.4196	0.0644	0.0288	0.3716	0.4043	0.3873	0.2602	0.0062	0.0028	0.436	0.0537	0.024	0.3265	0.0363	0.0162	0.0	0.0	0.0	0.2547	0.3484
70perc_5repeat	0.1	0.2898	0.4402	0.0719	0.0322	0.3851	0.2882	0.3297	0.3584	0.0907	0.0406	0.4594	0.0636	0.0284	0.3798	0.1085	0.0485	0.0	0.0	0.0	0.2536	0.3059
30perc_5repeat	0.1	0.2411	0.6216	0.0202	0.009	0.7057	0.4208	0.5273	0.7244	0.0313	0.014	0.5789	0.0178	0.008	0.7182	0.0261	0.0117	0.0	0.0	0.0	0.3023	0.3291
80perc_2repeat	0.2	0.2703	0.4817	0.0417	0.0186	0.4411	0.5132	0.4744	0.4266	0.0933	0.0417	0.4792	0.0394	0.0176	0.4383	0.1128	0.0504	0.0	0.0	0.0	0.2499	0.2738
90perc_2repeat	0.2	0.2859	0.3452	0.0873	0.0391	0.32	0.3252	0.3226	0.2641	0.0065	0.0029	0.348	0.0905	0.0405	0.3076	0.0777	0.0348	0.0	0.0	0.0	0.2497	0.2866
5perc_2repeat	0.2	0.2149	0.6978	0.039	0.0174	0.7147	0.5963	0.6502	0.7359	0.0065	0.0029	0.6667	0.0343	0.0153	0.7261	0.0117	0.0052	0.0	0.0	0.0	0.331	0.2385
15perc_2repeat	0.2	0.2138	0.6884	0.0424	0.0189	0.7157	0.5564	0.6261	0.7359	0.0065	0.0029	0.6601	0.0574	0.0257	0.7194	0.0213	0.0095	0.0	0.0	0.0	0.3106	0.2417
30perc_2repeat	0.2	0.2189	0.6754	0.0453	0.0203	0.7269	0.491	0.5861	0.7359	0.0065	0.0029	0.651	0.0522	0.0233	0.716	0.0207	0.0093	0.0	0.0	0.0	0.293	0.2437
70perc_2repeat	0.2	0.27	0.5196	0.0593	0.0265	0.521	0.5238	0.5224	0.6185	0.1216	0.0544	0.5204	0.058	0.0259	0.5574	0.0825	0.0369	0.0	0.0	0.0	0.2525	0.2932
60perc_2repeat	0.2	0.2434	0.57	0.0363	0.0162	0.5512	0.5499	0.5505	0.7379	0.0071	0.0032	0.5658	0.0353	0.0158	0.6512	0.1076	0.0481	0.0	0.0	0.0	0.2562	0.2475
40perc_2repeat	0.2	0.2298	0.6252	0.0628	0.0281	0.6694	0.4862	0.5633	0.7359	0.0065	0.0029	0.6156	0.0678	0.0303	0.7114	0.0251	0.0112	0.0	0.0	0.0	0.2794	0.2466
100perc_10repeat	0.1	0.4179	0.3476	0.0607	0.0271	0.3394	0.5031	0.4054	0.2599	0.0068	0.003	0.4067	0.0724	0.0324	0.2826	0.0249	0.0112	0.0	0.0	0.0	0.311	0.4553
50perc_10repeat	0.1	0.2613	0.5307	0.0495	0.0221	0.5116	0.5257	0.5185	0.6229	0.1204	0.0538	0.5291	0.0485	0.0217	0.592	0.0985	0.0441	0.0	0.0	0.0	0.251	0.2733
60perc_10repeat	0.1	0.2911	0.4828	0.0337	0.0151	0.4592	0.4546	0.4569	0.3832	0.149	0.0666	0.4876	0.0332	0.0149	0.4031	0.1038	0.0464	0.0	0.0	0.0	0.2501	0.3152
30perc_10repeat	0.1	0.2254	0.6426	0.0432	0.0193	0.7224	0.4114	0.5243	0.7244	0.0313	0.014	0.609	0.0593	0.0265	0.7325	0.0204	0.0091	0.0	0.0	0.0	0.279	0.287
80perc_10repeat	0.1	0.3501	0.3814	0.0519	0.0232	0.3979	0.65	0.4936	0.2599	0.0068	0.003	0.4051	0.055	0.0246	0.3008	0.0544	0.0243	0.0	0.0	0.0	0.2641	0.4202
15perc_10repeat	0.1	0.2215	0.6782	0.0319	0.0143	0.7006	0.5973	0.6448	0.7401	0.0068	0.003	0.5879	0.0539	0.0241	0.7168	0.0346	0.0155	0.0	0.0	0.0	0.3183	0.3515
70perc_10repeat	0.1	0.3121	0.3979	0.0536	0.024	0.345	0.4142	0.3765	0.2599	0.0068	0.003	0.4117	0.0523	0.0234	0.3049	0.0503	0.0225	0.0	0.0	0.0	0.2543	0.3411
100perc_2repeat	0.2	0.3103	0.3186	0.0282	0.0126	0.3174	0.4239	0.363	0.2641	0.0065	0.0029	0.3266	0.0305	0.0136	0.2744	0.0119	0.0053	0.0	0.0	0.0	0.2524	0.3134
40perc_2repeat	0.25	0.2393	0.6103	0.066	0.0295	0.6137	0.5996	0.6065	0.7389	0.0074	0.0033	0.6018	0.0584	0.0261	0.6925	0.05	0.0223	0.0	0.0	0.0	0.3495	0.2554
30perc_2repeat	0.25	0.2225	0.6631	0.0641	0.0287	0.7006	0.4999	0.5835	0.7389	0.0074	0.0033	0.6497	0.071	0.0318	0.7177	0.0168	0.0075	0.0	0.0	0.0	0.4084	0.2491
15perc_2repeat	0.25	0.2202	0.6634	0.0524	0.0234	0.6684	0.647	0.6576	0.7389	0.0074	0.0033	0.645	0.0571	0.0255	0.7308	0.0111	0.0049	0.0	0.0	0.0	0.4545	0.242
5perc_2repeat	0.25	0.2141	0.6886	0.0384	0.0172	0.6982	0.628	0.6612	0.7355	0.0059	0.0027	0.6605	0.0575	0.0257	0.7208	0.0167	0.0075	0.0	0.0	0.0	0.4981	0.2421
90perc_10repeat	0.1	0.3723	0.3534	0.0414	0.0185	0.3093	0.3485	0.3277	0.2602	0.0062	0.0028	0.4085	0.0349	0.0156	0.2865	0.0447	0.02	0.0	0.0	0.0	0.2828	0.419
50perc_2repeat	0.2	0.2268	0.6537	0.0715	0.032	0.6457	0.6248	0.6351	0.7379	0.0071	0.0032	0.6481	0.0751	0.0336	0.6924	0.0463	0.0207	0.0	0.0	0.0	0.2621	0.238
70perc_2repeat	0.25	0.2602	0.5293	0.0493	0.0221	0.5079	0.6288	0.5619	0.6189	0.1352	0.0605	0.5269	0.0479	0.0214	0.545	0.1088	0.0486	0.0	0.0	0.0	0.2629	0.2646
50perc_2repeat	0.25	0.2376	0.6212	0.0773	0.0346	0.6414	0.5369	0.5845	0.7333	0.0059	0.0027	0.6159	0.0731	0.0327	0.6974	0.0335	0.015	0.0	0.0	0.0	0.3231	0.2515
90perc_5repeat	0.2	0.342	0.3307	0.0288	0.0129	0.3292	0.4485	0.3797	0.2641	0.0065	0.0029	0.3432	0.0356	0.0159	0.2756	0.0148	0.0066	0.0	0.0	0.0	0.2603	0.3488
15perc_5repeat	0.2	0.2163	0.6819	0.0347	0.0155	0.7048	0.5615	0.625	0.7359	0.0065	0.0029	0.6465	0.0395	0.0176	0.7194	0.0198	0.0089	0.0	0.0	0.0	0.3049	0.2489
5perc_5repeat	0.2	0.2124	0.6974	0.0408	0.0182	0.7162	0.5912	0.6477	0.7359	0.0065	0.0029	0.6654	0.0409	0.0183	0.7245	0.0129	0.0058	0.0	0.0	0.0	0.3285	0.2361
80perc_2repeat	0.25	0.2869	0.4721	0.0229	0.0103	0.4496	0.7087	0.5502	0.3363	0.0648	0.029	0.4721	0.022	0.0098	0.4385	0.0441	0.0197	0.0	0.0	0.0	0.2431	0.2988
70perc_5repeat	0.2	0.2895	0.4105	0.0316	0.0141	0.3864	0.5394	0.4503	0.2661	0.0067	0.003	0.4178	0.0283	0.0127	0.3299	0.0483	0.0216	0.0	0.0	0.0	0.2494	0.2928
60perc_5repeat	0.2	0.2643	0.5261	0.0579	0.0259	0.5101	0.5465	0.5277	0.6573	0.0602	0.0269	0.5258	0.0568	0.0254	0.5621	0.1205	0.0539	0.0	0.0	0.0	0.2508	0.2706
40perc_5repeat	0.2	0.2312	0.625	0.0641	0.0287	0.6204	0.6083	0.6143	0.7359	0.0065	0.0029	0.6108	0.0735	0.0329	0.6605	0.0659	0.0295	0.0	0.0	0.0	0.2619	0.2421
80perc_5repeat	0.2	0.3131	0.3295	0.0411	0.0184	0.335	0.4673	0.3902	0.2641	0.0065	0.0029	0.3432	0.0476	0.0213	0.2953	0.0505	0.0226	0.0	0.0	0.0	0.252	0.3199
100perc_2repeat	0.25	0.3087	0.3514	0.041	0.0184	0.3209	0.4239	0.3653	0.2641	0.0058	0.0026	0.3553	0.043	0.0192	0.2732	0.0098	0.0044	0.0	0.0	0.0	0.1986	0.3112
60perc_2repeat	0.25	0.2488	0.5691	0.0465	0.0208	0.5662	0.5698	0.568	0.7368	0.0071	0.0032	0.5694	0.0483	0.0216	0.6521	0.0749	0.0335	0.0	0.0	0.0	0.2874	0.2533
40perc_10repeat	0.1	0.2497	0.581	0.0266	0.0119	0.6913	0.3223	0.4396	0.7265	0.0281	0.0126	0.5683	0.0279	0.0125	0.7064	0.058	0.0259	0.0	0.0	0.0	0.2651	0.314
90perc_2repeat	0.25	0.2913	0.3693	0.0538	0.0241	0.3621	0.5521	0.4374	0.2757	0.0297	0.0133	0.3727	0.0539	0.0241	0.2793	0.0152	0.0068	0.0	0.0	0.0	0.2178	0.2948
5perc_10repeat	0.1	0.219	0.6995	0.0255	0.0114	0.7214	0.621	0.6674	0.7398	0.0062	0.0028	0.597	0.0649	0.029	0.7224	0.0231	0.0103	0.0	0.0	0.0	0.3494	0.3492
100perc_5repeat	0.2	0.379	0.3059	0.0368	0.0165	0.3073	0.4137	0.3527	0.2641	0.0065	0.0029	0.3259	0.0378	0.0169	0.2738	0.0121	0.0054	0.0	0.0	0.0	0.2715	0.389
30perc_5repeat	0.25	0.2401	0.6088	0.0546	0.0244	0.6316	0.5805	0.605	0.7359	0.0058	0.0026	0.5978	0.0532	0.0238	0.7064	0.0321	0.0144	0.0	0.0	0.0	0.372	0.268
5perc_2repeat	0.3	0.2006	0.716	0.0199	0.0089	0.7328	0.6327	0.6791	0.7373	0.0086	0.0039	0.7082	0.027	0.0121	0.7401	0.0109	0.0049	0.0	0.0	0.0	0.3473	0.2062
5perc_5repeat	0.25	0.2239	0.6705	0.0313	0.014	0.6947	0.5889	0.6374	0.7359	0.0058	0.0026	0.6476	0.0426	0.019	0.7269	0.0068	0.0031	0.0	0.0	0.0	0.4925	0.2503
30perc_2repeat	0.3	0.2022	0.7032	0.0221	0.0099	0.7394	0.5779	0.6488	0.7346	0.0064	0.0029	0.7014	0.0275	0.0123	0.7384	0.0111	0.005	0.0	0.0	0.0	0.2929	0.2032
40perc_2repeat	0.3	0.2117	0.7046	0.0475	0.0213	0.6851	0.724	0.704	0.7359	0.0097	0.0044	0.6983	0.0492	0.022	0.7355	0.016	0.0071	0.0	0.0	0.0	0.2762	0.213
40perc_5repeat	0.25	0.224	0.6327	0.0391	0.0175	0.6599	0.5201	0.5817	0.7196	0.0334	0.0149	0.6213	0.0434	0.0194	0.6939	0.0302	0.0135	0.0	0.0	0.0	0.3355	0.2283
50perc_2repeat	0.3	0.2159	0.6824	0.0426	0.019	0.7144	0.563	0.6297	0.7221	0.0255	0.0114	0.6797	0.0421	0.0188	0.732	0.0207	0.0093	0.0	0.0	0.0	0.2669	0.2165
50perc_5repeat	0.25	0.2363	0.6133	0.0794	0.0355	0.6268	0.5166	0.5664	0.7359	0.0058	0.0026	0.6137	0.0786	0.0352	0.6645	0.1076	0.0481	0.0	0.0	0.0	0.2777	0.2379
60perc_5repeat	0.25	0.2631	0.4865	0.0427	0.0191	0.466	0.5016	0.4832	0.4254	0.1138	0.0509	0.4864	0.0412	0.0184	0.4943	0.0763	0.0341	0.0	0.0	0.0	0.2452	0.2656
80perc_2repeat	0.3	0.2708	0.4374	0.0269	0.012	0.4181	0.547	0.4739	0.3359	0.0938	0.042	0.4387	0.0274	0.0122	0.3565	0.0433	0.0194	0.0	0.0	0.0	0.2493	0.2735
70perc_5repeat	0.25	0.2832	0.3982	0.0766	0.0343	0.3297	0.2939	0.3108	0.2813	0.0339	0.0152	0.3978	0.0783	0.035	0.3212	0.0577	0.0258	0.0	0.0	0.0	0.2248	0.2875
60perc_2repeat	0.3	0.2384	0.5914	0.0456	0.0204	0.6298	0.5233	0.5716	0.7253	0.0337	0.0151	0.5938	0.0455	0.0204	0.663	0.0636	0.0284	0.0	0.0	0.0	0.2574	0.2424
80perc_5repeat	0.25	0.3112	0.3379	0.0587	0.0262	0.3258	0.4327	0.3717	0.2804	0.0334	0.0149	0.3416	0.06	0.0268	0.3038	0.0289	0.0129	0.0	0.0	0.0	0.1986	0.3151
70perc_2repeat	0.3	0.2351	0.6115	0.0437	0.0195	0.6255	0.4217	0.5038	0.6839	0.0547	0.0244	0.611	0.0394	0.0176	0.6488	0.0699	0.0312	0.0	0.0	0.0	0.2539	0.2348
50perc_5repeat	0.2	0.2478	0.5981	0.0791	0.0354	0.5716	0.5936	0.5824	0.7379	0.0071	0.0032	0.5961	0.0785	0.0351	0.6746	0.0627	0.0281	0.0	0.0	0.0	0.2536	0.2578
90perc_2repeat	0.3	0.2889	0.3475	0.0211	0.0094	0.3481	0.4798	0.4035	0.2627	0.0086	0.0039	0.3486	0.0207	0.0092	0.2737	0.0152	0.0068	0.0	0.0	0.0	0.2506	0.2899
90perc_5repeat	0.25	0.3353	0.3352	0.0588	0.0263	0.3229	0.4441	0.374	0.2667	0.0059	0.0027	0.3408	0.0589	0.0263	0.2929	0.0402	0.018	0.0	0.0	0.0	0.1826	0.3409
15perc_2repeat	0.3	0.2055	0.6999	0.0278	0.0124	0.7232	0.5996	0.6556	0.7373	0.0086	0.0039	0.6889	0.0309	0.0138	0.7329	0.0172	0.0077	0.0	0.0	0.0	0.323	0.2119
15perc_5repeat	0.25	0.2167	0.682	0.0587	0.0262	0.6959	0.5838	0.6349	0.7359	0.0058	0.0026	0.6643	0.0609	0.0272	0.716	0.0309	0.0138	0.0	0.0	0.0	0.4371	0.2352
80perc_10repeat	0.2	0.3372	0.3792	0.0355	0.0159	0.3495	0.4429	0.3907	0.2641	0.0065	0.0029	0.3936	0.0416	0.0186	0.2939	0.0268	0.012	0.0	0.0	0.0	0.257	0.3508
100perc_5repeat	0.25	0.3773	0.3466	0.0416	0.0186	0.3153	0.4251	0.3621	0.2641	0.0058	0.0026	0.3544	0.0434	0.0194	0.2748	0.0121	0.0054	0.0	0.0	0.0	0.1656	0.386
100perc_2repeat	0.3	0.3088	0.2931	0.0226	0.0101	0.299	0.3862	0.337	0.2627	0.0086	0.0039	0.2967	0.0232	0.0104	0.2605	0.01	0.0045	0.0	0.0	0.0	0.2548	0.3091
40perc_10repeat	0.2	0.2249	0.6653	0.0613	0.0274	0.6976	0.4982	0.5813	0.7359	0.0065	0.0029	0.6596	0.0632	0.0283	0.7206	0.011	0.0049	0.0	0.0	0.0	0.2613	0.2302
70perc_10repeat	0.2	0.3026	0.3961	0.0376	0.0168	0.3479	0.4583	0.3955	0.2653	0.0069	0.0031	0.403	0.036	0.0161	0.317	0.0696	0.0311	0.0	0.0	0.0	0.2517	0.318
15perc_10repeat	0.2	0.2117	0.6793	0.0405	0.0181	0.698	0.5564	0.6192	0.7359	0.0065	0.0029	0.645	0.0522	0.0233	0.72	0.0193	0.0086	0.0	0.0	0.0	0.3045	0.2382
60perc_10repeat	0.2	0.2686	0.4753	0.0566	0.0253	0.4426	0.5111	0.4744	0.3448	0.1047	0.0468	0.4773	0.0551	0.0246	0.4581	0.0977	0.0437	0.0	0.0	0.0	0.2497	0.2746
30perc_10repeat	0.2	0.219	0.662	0.0392	0.0175	0.6697	0.5728	0.6175	0.7359	0.0065	0.0029	0.6383	0.0553	0.0247	0.6964	0.0505	0.0226	0.0	0.0	0.0	0.2722	0.2304
30perc_5repeat	0.2	0.2251	0.6417	0.0511	0.0228	0.6591	0.563	0.6073	0.7359	0.0065	0.0029	0.6132	0.0523	0.0234	0.7102	0.0214	0.0096	0.0	0.0	0.0	0.2802	0.2463
5perc_2repeat	0.35	0.1953	0.7212	0.0109	0.0049	0.7293	0.6553	0.6903	0.727	0.02	0.0089	0.7163	0.0127	0.0057	0.7317	0.0103	0.0046	0.0	0.0	0.0	0.3352	0.1972
15perc_2repeat	0.35	0.1945	0.7205	0.0139	0.0062	0.7232	0.6677	0.6943	0.7246	0.0181	0.0081	0.7173	0.0197	0.0088	0.7277	0.01	0.0045	0.0	0.0	0.0	0.3114	0.1956
30perc_2repeat	0.35	0.2104	0.6793	0.0365	0.0163	0.6976	0.5949	0.6422	0.7231	0.0275	0.0123	0.676	0.0376	0.0168	0.7146	0.0135	0.006	0.0	0.0	0.0	0.2912	0.2134
30perc_5repeat	0.3	0.2076	0.6975	0.0282	0.0126	0.7159	0.6046	0.6555	0.7373	0.0086	0.0039	0.6921	0.0333	0.0149	0.7322	0.0153	0.0068	0.0	0.0	0.0	0.2851	0.2094
5perc_5repeat	0.3	0.2046	0.7039	0.0274	0.0123	0.7298	0.5995	0.6583	0.7373	0.0086	0.0039	0.6951	0.0312	0.0139	0.7384	0.013	0.0058	0.0	0.0	0.0	0.3416	0.2112
90perc_10repeat	0.2	0.37	0.3356	0.0404	0.0181	0.3285	0.4592	0.383	0.2641	0.0065	0.0029	0.3618	0.0488	0.0218	0.2834	0.0224	0.01	0.0	0.0	0.0	0.2682	0.3857
50perc_5repeat	0.3	0.2432	0.5846	0.0536	0.024	0.5608	0.7174	0.6295	0.7184	0.0338	0.0151	0.5834	0.055	0.0246	0.6691	0.0447	0.02	0.0	0.0	0.0	0.2536	0.2447
40perc_5repeat	0.3	0.2165	0.6848	0.0345	0.0154	0.6864	0.6486	0.667	0.7378	0.0079	0.0035	0.684	0.0342	0.0153	0.7289	0.0229	0.0102	0.0	0.0	0.0	0.2663	0.217
50perc_10repeat	0.25	0.2492	0.5588	0.0308	0.0138	0.5358	0.4055	0.4617	0.6895	0.0524	0.0234	0.5558	0.0302	0.0135	0.6525	0.04	0.0179	0.0	0.0	0.0	0.2631	0.2539
15perc_10repeat	0.25	0.216	0.68	0.0501	0.0224	0.6914	0.5965	0.6405	0.7359	0.0058	0.0026	0.6647	0.0597	0.0267	0.717	0.0287	0.0128	0.0	0.0	0.0	0.4329	0.2363
5perc_10repeat	0.25	0.229	0.6532	0.033	0.0148	0.6729	0.6055	0.6374	0.7355	0.0059	0.0027	0.6262	0.0439	0.0196	0.7235	0.0147	0.0066	0.0	0.0	0.0	0.4897	0.262
60perc_2repeat	0.35	0.2369	0.5954	0.0537	0.024	0.5836	0.696	0.6348	0.7266	0.0196	0.0087	0.5938	0.052	0.0232	0.6806	0.0395	0.0177	0.0	0.0	0.0	0.256	0.2377
70perc_5repeat	0.3	0.2832	0.3385	0.0178	0.008	0.3404	0.4404	0.384	0.2903	0.0351	0.0157	0.337	0.0192	0.0086	0.2938	0.0307	0.0137	0.0	0.0	0.0	0.2505	0.284
60perc_5repeat	0.3	0.2557	0.5238	0.0441	0.0197	0.5113	0.617	0.5592	0.5719	0.1214	0.0543	0.5221	0.0502	0.0224	0.5891	0.0949	0.0424	0.0	0.0	0.0	0.2502	0.2579
70perc_2repeat	0.35	0.2418	0.5895	0.0425	0.019	0.5637	0.6026	0.5825	0.6476	0.0654	0.0292	0.5863	0.0442	0.0198	0.6343	0.0668	0.0299	0.0	0.0	0.0	0.2531	0.2418
30perc_10repeat	0.25	0.2139	0.6777	0.0519	0.0232	0.711	0.5335	0.6096	0.7368	0.0083	0.0037	0.6724	0.0599	0.0268	0.7266	0.0154	0.0069	0.0	0.0	0.0	0.352	0.2214
60perc_10repeat	0.25	0.2728	0.4281	0.0305	0.0136	0.3851	0.415	0.3995	0.2959	0.0664	0.0297	0.4311	0.0313	0.014	0.3325	0.057	0.0255	0.0	0.0	0.0	0.234	0.2747
80perc_2repeat	0.35	0.2563	0.4951	0.057	0.0255	0.4579	0.3377	0.3887	0.4084	0.1293	0.0578	0.4944	0.0565	0.0253	0.4707	0.0647	0.0289	0.0	0.0	0.0	0.2496	0.2567
80perc_5repeat	0.3	0.3189	0.3574	0.0539	0.0241	0.3483	0.486	0.4058	0.2774	0.0329	0.0147	0.3624	0.0568	0.0254	0.275	0.0143	0.0064	0.0	0.0	0.0	0.2557	0.322
50perc_2repeat	0.35	0.2232	0.6603	0.0198	0.0089	0.6572	0.649	0.6531	0.7211	0.0262	0.0117	0.6582	0.0234	0.0105	0.7214	0.012	0.0054	0.0	0.0	0.0	0.2615	0.2236
90perc_2repeat	0.35	0.2825	0.3426	0.0365	0.0163	0.3344	0.4182	0.3716	0.2695	0.0338	0.0151	0.3408	0.0395	0.0176	0.3029	0.0515	0.023	0.0	0.0	0.0	0.2504	0.2836
90perc_10repeat	0.25	0.3716	0.3543	0.0569	0.0254	0.3153	0.4034	0.3539	0.2641	0.0058	0.0026	0.3611	0.0583	0.0261	0.2743	0.0154	0.0069	0.0	0.0	0.0	0.168	0.3807
70perc_10repeat	0.25	0.2944	0.3104	0.0272	0.0122	0.3134	0.4072	0.3542	0.2641	0.0058	0.0026	0.3104	0.0268	0.012	0.2648	0.0134	0.006	0.0	0.0	0.0	0.2096	0.2955
15perc_5repeat	0.3	0.1987	0.7149	0.0229	0.0102	0.7178	0.6705	0.6933	0.7373	0.0086	0.0039	0.7113	0.0244	0.0109	0.7395	0.01	0.0045	0.0	0.0	0.0	0.3175	0.2002
100perc_10repeat	0.25	0.4083	0.3431	0.0372	0.0166	0.3105	0.4166	0.3558	0.2641	0.0058	0.0026	0.3605	0.0453	0.0203	0.2759	0.0122	0.0055	0.0	0.0	0.0	0.1567	0.4202
50perc_10repeat	0.2	0.2462	0.5567	0.0452	0.0202	0.5423	0.5685	0.5551	0.7359	0.0057	0.0026	0.5556	0.046	0.0206	0.6676	0.0585	0.0261	0.0	0.0	0.0	0.2526	0.2495
5perc_5repeat	0.35	0.1982	0.7153	0.0189	0.0084	0.7263	0.6418	0.6815	0.727	0.02	0.0089	0.7102	0.0241	0.0108	0.7317	0.0109	0.0049	0.0	0.0	0.0	0.333	0.2009
40perc_2repeat	0.35	0.2272	0.6314	0.0445	0.0199	0.6341	0.5949	0.6139	0.7246	0.0181	0.0081	0.6318	0.0466	0.0208	0.6965	0.0159	0.0071	0.0	0.0	0.0	0.2745	0.2326
30perc_5repeat	0.35	0.2128	0.6789	0.0545	0.0244	0.6794	0.666	0.6726	0.7419	0.0133	0.006	0.6756	0.0541	0.0242	0.722	0.0172	0.0077	0.0	0.0	0.0	0.2759	0.2145
100perc_10repeat	0.2	0.4107	0.3031	0.0389	0.0174	0.3035	0.4079	0.348	0.2641	0.0065	0.0029	0.327	0.0382	0.0171	0.2738	0.0121	0.0054	0.0	0.0	0.0	0.2857	0.4236
15perc_2repeat	0.4	0.2077	0.6937	0.0492	0.022	0.6821	0.712	0.6967	0.7371	0.0112	0.005	0.6925	0.0505	0.0226	0.7263	0.0088	0.0039	0.0	0.0	0.0	0.3721	0.21
30perc_2repeat	0.4	0.2144	0.687	0.0458	0.0205	0.6806	0.6777	0.6791	0.7382	0.01	0.0045	0.6856	0.0474	0.0212	0.7203	0.0112	0.005	0.0	0.0	0.0	0.3501	0.215
90perc_5repeat	0.3	0.346	0.3026	0.0378	0.0169	0.3109	0.4236	0.3586	0.2627	0.0086	0.0039	0.304	0.0379	0.017	0.2672	0.0142	0.0064	0.0	0.0	0.0	0.2627	0.3485
40perc_2repeat	0.4	0.2254	0.6588	0.0756	0.0338	0.661	0.7046	0.6821	0.7371	0.0112	0.005	0.6567	0.0747	0.0334	0.7102	0.0202	0.009	0.0	0.0	0.0	0.3045	0.2308
40perc_10repeat	0.25	0.2308	0.6392	0.0644	0.0288	0.6182	0.7083	0.6602	0.7178	0.0326	0.0146	0.6363	0.069	0.0309	0.7156	0.0358	0.016	0.0	0.0	0.0	0.3092	0.2332
15perc_5repeat	0.35	0.202	0.7028	0.0236	0.0106	0.7178	0.6201	0.6654	0.727	0.02	0.0089	0.695	0.0274	0.0123	0.7323	0.0103	0.0046	0.0	0.0	0.0	0.3046	0.2052
100perc_5repeat	0.3	0.3815	0.2872	0.0213	0.0095	0.2942	0.3791	0.3313	0.2627	0.0086	0.0039	0.2911	0.0249	0.0112	0.2605	0.01	0.0045	0.0	0.0	0.0	0.2802	0.3832
50perc_5repeat	0.35	0.233	0.6504	0.0635	0.0284	0.6364	0.6352	0.6358	0.7305	0.0376	0.0168	0.6537	0.0597	0.0267	0.7141	0.0306	0.0137	0.0	0.0	0.0	0.254	0.2328
5perc_2repeat	0.4	0.2119	0.6881	0.0516	0.0231	0.6791	0.7089	0.6937	0.7371	0.0112	0.005	0.6815	0.0553	0.0247	0.7293	0.0113	0.005	0.0	0.0	0.0	0.4047	0.2173
60perc_5repeat	0.35	0.252	0.5271	0.0482	0.0216	0.5099	0.5566	0.5322	0.5643	0.1686	0.0754	0.5281	0.048	0.0215	0.5611	0.0938	0.0419	0.0	0.0	0.0	0.2507	0.2532
50perc_2repeat	0.4	0.2283	0.6445	0.0429	0.0192	0.6506	0.6367	0.6435	0.7226	0.0227	0.0102	0.644	0.0442	0.0198	0.6902	0.0384	0.0172	0.0	0.0	0.0	0.2862	0.2289
80perc_10repeat	0.25	0.3414	0.3744	0.0438	0.0196	0.3467	0.4898	0.406	0.2804	0.0334	0.0149	0.3836	0.04	0.0179	0.2932	0.0167	0.0075	0.0	0.0	0.0	0.1853	0.3524
60perc_2repeat	0.4	0.2355	0.5938	0.0267	0.012	0.6311	0.4217	0.5056	0.6903	0.0263	0.0117	0.589	0.0244	0.0109	0.6567	0.0146	0.0065	0.0	0.0	0.0	0.2872	0.2362
100perc_2repeat	0.35	0.3062	0.2834	0.0109	0.0049	0.2844	0.344	0.3114	0.273	0.02	0.0089	0.286	0.0097	0.0043	0.27	0.0111	0.0049	0.0	0.0	0.0	0.2536	0.3067
5perc_10repeat	0.2	0.2146	0.6938	0.0391	0.0175	0.7132	0.5835	0.6419	0.7359	0.0065	0.0029	0.6584	0.0384	0.0172	0.72	0.0172	0.0077	0.0	0.0	0.0	0.3285	0.2439
80perc_5repeat	0.35	0.3089	0.2996	0.0397	0.0178	0.3054	0.3981	0.3456	0.2769	0.0275	0.0123	0.2979	0.0411	0.0184	0.2809	0.0231	0.0103	0.0	0.0	0.0	0.2543	0.3112
15perc_10repeat	0.3	0.2066	0.69	0.0289	0.0129	0.7165	0.587	0.6453	0.7373	0.0086	0.0039	0.6822	0.0329	0.0147	0.7384	0.0113	0.0051	0.0	0.0	0.0	0.3151	0.2137
30perc_10repeat	0.3	0.2153	0.6682	0.0361	0.0162	0.702	0.5719	0.6303	0.7373	0.0086	0.0039	0.6645	0.0346	0.0155	0.7349	0.0152	0.0068	0.0	0.0	0.0	0.2756	0.2175
70perc_2repeat	0.4	0.2474	0.5574	0.024	0.0107	0.5398	0.5682	0.5536	0.6925	0.0507	0.0227	0.557	0.0286	0.0128	0.5887	0.057	0.0255	0.0	0.0	0.0	0.2547	0.2479
50perc_10repeat	0.3	0.2408	0.5894	0.0256	0.0114	0.5684	0.5486	0.5583	0.7217	0.0259	0.0116	0.5926	0.0257	0.0115	0.6843	0.0462	0.0207	0.0	0.0	0.0	0.2526	0.2411
100perc_2repeat	0.4	0.3019	0.3094	0.0434	0.0194	0.283	0.2947	0.2887	0.2629	0.0112	0.005	0.3085	0.0409	0.0183	0.272	0.0078	0.0035	0.0	0.0	0.0	0.2241	0.3021
80perc_2repeat	0.4	0.2666	0.4444	0.0352	0.0157	0.436	0.5676	0.4932	0.3812	0.0858	0.0384	0.4429	0.0402	0.018	0.4097	0.0705	0.0315	0.0	0.0	0.0	0.2479	0.2673
90perc_5repeat	0.35	0.339	0.2786	0.0168	0.0075	0.2778	0.3344	0.3035	0.273	0.02	0.0089	0.2801	0.0205	0.0092	0.2666	0.011	0.0049	0.0	0.0	0.0	0.2614	0.3398
5perc_10repeat	0.3	0.1996	0.7098	0.018	0.0081	0.7344	0.6095	0.6661	0.7373	0.0086	0.0039	0.704	0.0243	0.0108	0.7401	0.0109	0.0049	0.0	0.0	0.0	0.3433	0.2036
100perc_5repeat	0.35	0.3755	0.2771	0.0104	0.0047	0.2764	0.331	0.3012	0.273	0.02	0.0089	0.2786	0.0111	0.0049	0.2689	0.0123	0.0055	0.0	0.0	0.0	0.2747	0.3777
90perc_2repeat	0.4	0.2839	0.3635	0.0202	0.009	0.3319	0.3503	0.3409	0.2629	0.0112	0.005	0.3666	0.022	0.0098	0.2863	0.0131	0.0059	0.0	0.0	0.0	0.2354	0.2844
40perc_5repeat	0.35	0.2178	0.6898	0.034	0.0152	0.6722	0.7101	0.6906	0.7419	0.0133	0.006	0.6889	0.0368	0.0164	0.7225	0.0227	0.0101	0.0	0.0	0.0	0.2636	0.2183
40perc_10repeat	0.3	0.2244	0.647	0.0324	0.0145	0.7004	0.456	0.5524	0.7373	0.0086	0.0039	0.645	0.0324	0.0145	0.7129	0.03	0.0134	0.0	0.0	0.0	0.2626	0.2261
60perc_10repeat	0.3	0.2738	0.4534	0.0444	0.0198	0.4254	0.507	0.4627	0.2899	0.0276	0.0123	0.4564	0.0448	0.02	0.3777	0.0555	0.0248	0.0	0.0	0.0	0.2494	0.2765
80perc_10repeat	0.3	0.3389	0.2807	0.0084	0.0038	0.2911	0.3672	0.3248	0.2627	0.0086	0.0039	0.2858	0.0102	0.0045	0.2633	0.0105	0.0047	0.0	0.0	0.0	0.2617	0.3399
100perc_10repeat	0.3	0.418	0.2874	0.0235	0.0105	0.2938	0.3785	0.3308	0.2627	0.0086	0.0039	0.2923	0.0276	0.0124	0.2599	0.0109	0.0049	0.0	0.0	0.0	0.2987	0.4207
15perc_5repeat	0.4	0.2105	0.6849	0.0445	0.0199	0.6748	0.7016	0.688	0.7371	0.0112	0.005	0.6785	0.0491	0.022	0.7263	0.0109	0.0049	0.0	0.0	0.0	0.3703	0.2147
15perc_2repeat	0.45	0.1989	0.7131	0.0137	0.0061	0.7302	0.6414	0.6829	0.749	0.0152	0.0068	0.7115	0.0128	0.0057	0.7394	0.0144	0.0064	0.0	0.0	0.0	0.3753	0.1992
30perc_5repeat	0.4	0.2153	0.679	0.052	0.0233	0.6618	0.7207	0.69	0.7371	0.0112	0.005	0.6791	0.0513	0.0229	0.7263	0.008	0.0036	0.0	0.0	0.0	0.3168	0.2165
40perc_2repeat	0.45	0.2103	0.7013	0.0314	0.0141	0.7262	0.6079	0.6618	0.7496	0.0146	0.0065	0.7003	0.0323	0.0145	0.7439	0.0141	0.0063	0.0	0.0	0.0	0.3094	0.2104
5perc_2repeat	0.45	0.2046	0.7101	0.0441	0.0197	0.7441	0.6047	0.6672	0.7302	0.0368	0.0165	0.708	0.0447	0.02	0.7349	0.0163	0.0073	0.0	0.0	0.0	0.3992	0.2064
50perc_2repeat	0.45	0.2216	0.6763	0.035	0.0156	0.6922	0.6027	0.6444	0.712	0.0328	0.0147	0.6736	0.0366	0.0164	0.7193	0.0155	0.0069	0.0	0.0	0.0	0.2819	0.2224
70perc_2repeat	0.45	0.2453	0.5636	0.0442	0.0198	0.5545	0.436	0.4881	0.6346	0.1296	0.0579	0.5601	0.0423	0.0189	0.6016	0.0714	0.0319	0.0	0.0	0.0	0.2545	0.2456
50perc_5repeat	0.4	0.2287	0.656	0.0297	0.0133	0.6518	0.6529	0.6523	0.7349	0.0149	0.0067	0.6525	0.0353	0.0158	0.7233	0.011	0.0049	0.0	0.0	0.0	0.2812	0.2289
5perc_10repeat	0.35	0.1976	0.7146	0.0192	0.0086	0.731	0.6304	0.677	0.727	0.02	0.0089	0.7112	0.0224	0.01	0.7306	0.0104	0.0046	0.0	0.0	0.0	0.3287	0.2
70perc_5repeat	0.4	0.2757	0.3853	0.0516	0.0231	0.3663	0.4038	0.3841	0.2737	0.0305	0.0137	0.3832	0.0564	0.0252	0.3449	0.0579	0.0259	0.0	0.0	0.0	0.245	0.2763
80perc_2repeat	0.45	0.2692	0.431	0.0271	0.0121	0.4145	0.5308	0.4655	0.3273	0.0724	0.0324	0.4269	0.0297	0.0133	0.3706	0.08	0.0358	0.0	0.0	0.0	0.2462	0.2702
70perc_10repeat	0.3	0.3031	0.3621	0.0403	0.018	0.3388	0.437	0.3817	0.2779	0.0255	0.0114	0.3645	0.0412	0.0184	0.2818	0.0339	0.0151	0.0	0.0	0.0	0.2523	0.3049
15perc_10repeat	0.35	0.1998	0.7082	0.0318	0.0142	0.7319	0.604	0.6618	0.727	0.02	0.0089	0.7047	0.0366	0.0164	0.7288	0.0104	0.0047	0.0	0.0	0.0	0.3059	0.2024
5perc_5repeat	0.4	0.2108	0.6897	0.0473	0.0212	0.6792	0.7118	0.6951	0.7371	0.0112	0.005	0.6854	0.0529	0.0236	0.7293	0.0112	0.005	0.0	0.0	0.0	0.4009	0.2149
100perc_5repeat	0.4	0.3675	0.3025	0.0431	0.0193	0.2742	0.2834	0.2787	0.2629	0.0112	0.005	0.3082	0.0472	0.0211	0.2719	0.0091	0.0041	0.0	0.0	0.0	0.2144	0.3677
100perc_2repeat	0.45	0.3032	0.2858	0.0216	0.0097	0.2931	0.3727	0.3282	0.251	0.0152	0.0068	0.2853	0.0201	0.009	0.2626	0.0143	0.0064	0.0	0.0	0.0	0.2268	0.3034
60perc_2repeat	0.45	0.2298	0.6516	0.0623	0.0279	0.6832	0.4832	0.566	0.7062	0.044	0.0197	0.6512	0.0606	0.0271	0.702	0.0408	0.0182	0.0	0.0	0.0	0.2697	0.2301
60perc_10repeat	0.35	0.2717	0.3694	0.0244	0.0109	0.3688	0.4844	0.4188	0.2864	0.0255	0.0114	0.3685	0.0287	0.0128	0.3029	0.0499	0.0223	0.0	0.0	0.0	0.2496	0.2724
80perc_5repeat	0.4	0.3085	0.3235	0.0293	0.0131	0.3208	0.3951	0.3541	0.2629	0.0112	0.005	0.3237	0.0287	0.0128	0.285	0.0148	0.0066	0.0	0.0	0.0	0.2235	0.3094
90perc_5repeat	0.4	0.3367	0.3134	0.0357	0.016	0.2822	0.2971	0.2895	0.2629	0.0112	0.005	0.3197	0.0373	0.0167	0.2702	0.0112	0.005	0.0	0.0	0.0	0.2126	0.3366
30perc_2repeat	0.45	0.2067	0.691	0.0185	0.0083	0.7163	0.6092	0.6584	0.749	0.0152	0.0068	0.6911	0.0183	0.0082	0.7375	0.0144	0.0065	0.0	0.0	0.0	0.3345	0.2073
5perc_2repeat	0.5	0.1944	0.7276	0.0237	0.0106	0.7241	0.6827	0.7028	0.7452	0.0096	0.0043	0.7278	0.0237	0.0106	0.737	0.0115	0.0051	0.0	0.0	0.0	0.347	0.1947
50perc_10repeat	0.35	0.2398	0.5929	0.0368	0.0165	0.5823	0.5704	0.5763	0.7419	0.0133	0.006	0.5889	0.036	0.0161	0.6819	0.0417	0.0186	0.0	0.0	0.0	0.2527	0.2404
100perc_10repeat	0.35	0.4107	0.278	0.0096	0.0043	0.2779	0.3346	0.3036	0.273	0.02	0.0089	0.2803	0.0126	0.0056	0.2706	0.0103	0.0046	0.0	0.0	0.0	0.2902	0.4135
70perc_10repeat	0.35	0.2884	0.3162	0.0444	0.0199	0.3061	0.3809	0.3394	0.2769	0.0275	0.0123	0.3156	0.0436	0.0195	0.2819	0.0242	0.0108	0.0	0.0	0.0	0.2508	0.2893
15perc_2repeat	0.5	0.1973	0.7173	0.0253	0.0113	0.7225	0.6513	0.6851	0.7477	0.0136	0.0061	0.7183	0.0261	0.0117	0.7356	0.0129	0.0058	0.0	0.0	0.0	0.3235	0.1977
30perc_2repeat	0.5	0.206	0.7099	0.0281	0.0126	0.7039	0.6715	0.6874	0.7477	0.0136	0.0061	0.7069	0.0312	0.0139	0.7385	0.0158	0.0071	0.0	0.0	0.0	0.3021	0.2062
60perc_5repeat	0.4	0.2599	0.4837	0.0048	0.0021	0.4703	0.693	0.5603	0.6199	0.1456	0.0651	0.4848	0.0017	0.0007	0.4872	0.0144	0.0065	0.0	0.0	0.0	0.26	0.2613
90perc_10repeat	0.35	0.3695	0.286	0.0113	0.005	0.2874	0.3506	0.3159	0.2769	0.0275	0.0123	0.2886	0.0167	0.0075	0.2729	0.0151	0.0068	0.0	0.0	0.0	0.272	0.3717
80perc_10repeat	0.35	0.332	0.2903	0.0179	0.008	0.2934	0.3633	0.3247	0.273	0.02	0.0089	0.2909	0.0186	0.0083	0.2689	0.01	0.0045	0.0	0.0	0.0	0.2594	0.3337
40perc_2repeat	0.5	0.216	0.6745	0.0499	0.0223	0.6854	0.5905	0.6344	0.7477	0.0136	0.0061	0.6673	0.0502	0.0225	0.7167	0.0325	0.0145	0.0	0.0	0.0	0.2752	0.2173
5perc_5repeat	0.45	0.1963	0.7252	0.03	0.0134	0.75	0.6375	0.6892	0.749	0.0152	0.0068	0.7248	0.0303	0.0136	0.7407	0.0132	0.0059	0.0	0.0	0.0	0.3981	0.1972
30perc_5repeat	0.45	0.2101	0.7079	0.0443	0.0198	0.7385	0.5997	0.6619	0.749	0.0152	0.0068	0.708	0.0436	0.0195	0.7336	0.0179	0.008	0.0	0.0	0.0	0.3133	0.2103
50perc_2repeat	0.5	0.215	0.6823	0.0183	0.0082	0.7106	0.552	0.6213	0.7477	0.0136	0.0061	0.688	0.0182	0.0082	0.7183	0.0378	0.0169	0.0	0.0	0.0	0.2734	0.2147
90perc_2repeat	0.45	0.2835	0.3547	0.0327	0.0146	0.341	0.4261	0.3788	0.2698	0.0368	0.0165	0.3561	0.0363	0.0162	0.2812	0.0232	0.0104	0.0	0.0	0.0	0.2335	0.2841
60perc_2repeat	0.5	0.2363	0.6173	0.0497	0.0222	0.5963	0.6978	0.6431	0.7452	0.0096	0.0043	0.6188	0.0525	0.0235	0.6877	0.0414	0.0185	0.0	0.0	0.0	0.2601	0.2366
90perc_10repeat	0.3	0.3779	0.3066	0.0283	0.0127	0.3065	0.395	0.3452	0.2627	0.0086	0.0039	0.3127	0.0281	0.0125	0.2643	0.0123	0.0055	0.0	0.0	0.0	0.2771	0.3823
30perc_10repeat	0.35	0.213	0.675	0.0288	0.0129	0.6979	0.5926	0.641	0.7459	0.0204	0.0091	0.6709	0.031	0.0139	0.726	0.006	0.0027	0.0	0.0	0.0	0.2716	0.214
60perc_5repeat	0.45	0.2524	0.5047	0.0362	0.0162	0.4882	0.5935	0.5357	0.4733	0.1287	0.0576	0.5041	0.0415	0.0185	0.5143	0.0366	0.0164	0.0	0.0	0.0	0.2533	0.2529
5perc_10repeat	0.4	0.209	0.6926	0.0391	0.0175	0.6826	0.7032	0.6928	0.7371	0.0112	0.005	0.6909	0.0424	0.019	0.7298	0.0106	0.0047	0.0	0.0	0.0	0.4083	0.2126
70perc_2repeat	0.5	0.2451	0.5468	0.0547	0.0245	0.5412	0.469	0.5025	0.649	0.0913	0.0408	0.5445	0.0483	0.0216	0.5446	0.0735	0.0329	0.0	0.0	0.0	0.253	0.2453
40perc_10repeat	0.4	0.2289	0.637	0.0443	0.0198	0.6103	0.7184	0.6599	0.7382	0.01	0.0045	0.6416	0.0472	0.0211	0.7051	0.0382	0.0171	0.0	0.0	0.0	0.2878	0.2287
80perc_2repeat	0.5	0.2634	0.4154	0.0458	0.0205	0.3837	0.3964	0.3899	0.2665	0.0361	0.0162	0.4187	0.047	0.021	0.3223	0.0535	0.0239	0.0	0.0	0.0	0.2483	0.2633
100perc_5repeat	0.45	0.3702	0.2752	0.028	0.0125	0.2829	0.3593	0.3166	0.251	0.0152	0.0068	0.2738	0.0279	0.0125	0.2626	0.0137	0.0061	0.0	0.0	0.0	0.2194	0.3711
15perc_10repeat	0.4	0.2101	0.6849	0.0528	0.0236	0.6683	0.7231	0.6946	0.7371	0.0112	0.005	0.6815	0.0555	0.0248	0.7275	0.0085	0.0038	0.0	0.0	0.0	0.3565	0.2128
90perc_2repeat	0.5	0.2822	0.3074	0.0173	0.0077	0.2927	0.3505	0.319	0.2523	0.0136	0.0061	0.3095	0.0159	0.0071	0.2561	0.0119	0.0053	0.0	0.0	0.0	0.2474	0.2823
100perc_2repeat	0.5	0.3031	0.2819	0.0195	0.0087	0.2826	0.3464	0.3113	0.2523	0.0136	0.0061	0.2802	0.0196	0.0088	0.2561	0.0133	0.006	0.0	0.0	0.0	0.2453	0.303
15perc_5repeat	0.45	0.2053	0.6991	0.0428	0.0191	0.743	0.5657	0.6424	0.7302	0.0368	0.0165	0.6962	0.0438	0.0196	0.7329	0.0231	0.0103	0.0	0.0	0.0	0.3583	0.2066
60perc_10repeat	0.4	0.2643	0.4171	0.0494	0.0221	0.3935	0.42	0.4063	0.3038	0.0266	0.0119	0.4282	0.0478	0.0214	0.3558	0.0886	0.0396	0.0	0.0	0.0	0.2387	0.2639
5perc_5repeat	0.5	0.1936	0.7278	0.0251	0.0112	0.7298	0.6698	0.6985	0.7477	0.0136	0.0061	0.7269	0.0273	0.0122	0.737	0.0146	0.0065	0.0	0.0	0.0	0.3404	0.1939
40perc_5repeat	0.4	0.2267	0.6512	0.0601	0.0269	0.6549	0.6604	0.6576	0.7371	0.0112	0.005	0.6522	0.0589	0.0263	0.7122	0.0275	0.0123	0.0	0.0	0.0	0.2918	0.2282
50perc_5repeat	0.45	0.2404	0.6053	0.064	0.0286	0.6229	0.566	0.5931	0.7513	0.0193	0.0086	0.6073	0.0666	0.0298	0.6643	0.0641	0.0287	0.0	0.0	0.0	0.2625	0.2411
50perc_10repeat	0.4	0.2485	0.5388	0.034	0.0152	0.5417	0.5954	0.5673	0.7242	0.0232	0.0104	0.5452	0.0338	0.0151	0.616	0.0338	0.0151	0.0	0.0	0.0	0.261	0.2489
70perc_5repeat	0.45	0.2805	0.3707	0.0633	0.0283	0.3529	0.4149	0.3814	0.285	0.0346	0.0155	0.3726	0.0626	0.028	0.3035	0.0485	0.0217	0.0	0.0	0.0	0.2369	0.2799
5perc_2repeat	0.6	0.1912	0.7316	0.0208	0.0093	0.7327	0.6834	0.7072	0.7556	0.0136	0.0061	0.7301	0.0223	0.01	0.7386	0.0151	0.0067	0.0	0.0	0.0	0.3644	0.1916
70perc_10repeat	0.4	0.2921	0.3267	0.0436	0.0195	0.2996	0.3157	0.3074	0.2624	0.0114	0.0051	0.3301	0.0408	0.0183	0.279	0.0149	0.0067	0.0	0.0	0.0	0.2346	0.2924
15perc_5repeat	0.5	0.2054	0.701	0.0426	0.019	0.7116	0.6176	0.6613	0.7452	0.0096	0.0043	0.7003	0.0466	0.0208	0.7293	0.0188	0.0084	0.0	0.0	0.0	0.317	0.2057
80perc_5repeat	0.45	0.3166	0.3038	0.023	0.0103	0.3212	0.4418	0.372	0.251	0.0152	0.0068	0.3054	0.0256	0.0115	0.2769	0.0125	0.0056	0.0	0.0	0.0	0.2287	0.3171
80perc_10repeat	0.4	0.3261	0.3373	0.0491	0.022	0.3101	0.3297	0.3196	0.2629	0.0112	0.005	0.3364	0.0499	0.0223	0.282	0.0195	0.0087	0.0	0.0	0.0	0.2226	0.3273
15perc_2repeat	0.6	0.1962	0.7211	0.0326	0.0146	0.7385	0.639	0.6852	0.7508	0.0147	0.0066	0.7186	0.0339	0.0152	0.7368	0.0331	0.0148	0.0	0.0	0.0	0.3449	0.1959
90perc_10repeat	0.4	0.3601	0.3085	0.0447	0.02	0.2798	0.2896	0.2846	0.2629	0.0112	0.005	0.3116	0.046	0.0206	0.2719	0.0112	0.005	0.0	0.0	0.0	0.2157	0.361
40perc_5repeat	0.5	0.2143	0.6769	0.0265	0.0118	0.7161	0.5122	0.5972	0.7477	0.0136	0.0061	0.6779	0.0256	0.0114	0.711	0.0296	0.0132	0.0	0.0	0.0	0.2755	0.2146
30perc_2repeat	0.6	0.2097	0.7035	0.0468	0.0209	0.7182	0.631	0.6717	0.7298	0.0522	0.0233	0.7058	0.0444	0.0199	0.7309	0.0309	0.0138	0.0	0.0	0.0	0.307	0.2093
50perc_5repeat	0.5	0.2256	0.6887	0.0268	0.012	0.6947	0.5996	0.6437	0.7503	0.0107	0.0048	0.693	0.0276	0.0124	0.7391	0.016	0.0072	0.0	0.0	0.0	0.2568	0.2255
50perc_2repeat	0.6	0.2201	0.6669	0.0279	0.0125	0.7126	0.5108	0.5951	0.7476	0.0262	0.0117	0.6715	0.0293	0.0131	0.6908	0.0242	0.0108	0.0	0.0	0.0	0.2824	0.2201
5perc_10repeat	0.45	0.1979	0.7234	0.0346	0.0155	0.749	0.6357	0.6877	0.749	0.0152	0.0068	0.7211	0.0347	0.0155	0.7381	0.0134	0.006	0.0	0.0	0.0	0.397	0.1989
60perc_2repeat	0.6	0.2302	0.6376	0.0375	0.0168	0.6454	0.5802	0.6111	0.7153	0.0548	0.0245	0.6422	0.0391	0.0175	0.6831	0.037	0.0166	0.0	0.0	0.0	0.2739	0.2299
80perc_2repeat	0.6	0.264	0.4323	0.0432	0.0193	0.413	0.5193	0.4601	0.3032	0.1173	0.0525	0.4329	0.0429	0.0192	0.3889	0.0603	0.0269	0.0	0.0	0.0	0.248	0.2637
70perc_5repeat	0.5	0.2789	0.3507	0.0424	0.019	0.3252	0.3767	0.3491	0.2677	0.0335	0.015	0.3481	0.0389	0.0174	0.2829	0.0292	0.0131	0.0	0.0	0.0	0.2432	0.2788
80perc_5repeat	0.5	0.3107	0.3244	0.048	0.0215	0.3187	0.4192	0.3621	0.2523	0.0136	0.0061	0.3215	0.0491	0.0219	0.2772	0.0301	0.0134	0.0	0.0	0.0	0.2522	0.3112
30perc_5repeat	0.5	0.2046	0.7216	0.0268	0.012	0.716	0.6844	0.6998	0.7477	0.0136	0.0061	0.7195	0.0252	0.0113	0.739	0.0104	0.0046	0.0	0.0	0.0	0.2893	0.2044
40perc_2repeat	0.6	0.2076	0.7107	0.0435	0.0194	0.7114	0.672	0.6911	0.7605	0.0174	0.0078	0.7108	0.0434	0.0194	0.7248	0.0333	0.0149	0.0	0.0	0.0	0.2988	0.2072
15perc_10repeat	0.45	0.2038	0.7049	0.0379	0.017	0.7405	0.589	0.6561	0.749	0.0152	0.0068	0.7036	0.0392	0.0176	0.7349	0.0158	0.0071	0.0	0.0	0.0	0.3591	0.2048
90perc_2repeat	0.6	0.2807	0.3252	0.0358	0.016	0.322	0.3972	0.3557	0.2742	0.0528	0.0236	0.3194	0.0354	0.0158	0.2659	0.0274	0.0123	0.0	0.0	0.0	0.2391	0.2812
40perc_5repeat	0.45	0.2173	0.6934	0.0234	0.0105	0.7111	0.6128	0.6583	0.749	0.0152	0.0068	0.6922	0.0237	0.0106	0.7278	0.0207	0.0093	0.0	0.0	0.0	0.2847	0.2174
70perc_10repeat	0.45	0.2962	0.308	0.0212	0.0095	0.3188	0.4186	0.362	0.2704	0.045	0.0201	0.31	0.0204	0.0091	0.2729	0.018	0.008	0.0	0.0	0.0	0.2322	0.2964
80perc_10repeat	0.45	0.3316	0.3164	0.029	0.0129	0.3207	0.432	0.3681	0.251	0.0152	0.0068	0.3186	0.0294	0.0131	0.2715	0.0184	0.0082	0.0	0.0	0.0	0.225	0.3321
40perc_10repeat	0.45	0.2273	0.6585	0.0456	0.0204	0.6813	0.5752	0.6238	0.7314	0.0372	0.0166	0.6556	0.0466	0.0209	0.715	0.0276	0.0123	0.0	0.0	0.0	0.2786	0.2274
50perc_10repeat	0.45	0.2437	0.565	0.0308	0.0138	0.5529	0.4788	0.5132	0.6962	0.0353	0.0158	0.5565	0.0333	0.0149	0.5986	0.0496	0.0222	0.0	0.0	0.0	0.2567	0.2443
100perc_2repeat	0.6	0.3011	0.2813	0.0175	0.0078	0.2864	0.3498	0.315	0.2395	0.0174	0.0078	0.2774	0.0167	0.0074	0.2571	0.0161	0.0072	0.0	0.0	0.0	0.2352	0.3013
90perc_10repeat	0.45	0.3692	0.2874	0.0317	0.0142	0.302	0.3991	0.3438	0.251	0.0152	0.0068	0.2905	0.0318	0.0142	0.2612	0.0139	0.0062	0.0	0.0	0.0	0.2216	0.3698
60perc_5repeat	0.5	0.254	0.4832	0.0278	0.0124	0.4491	0.4658	0.4573	0.3877	0.0912	0.0408	0.4874	0.0256	0.0114	0.4447	0.0465	0.0208	0.0	0.0	0.0	0.2513	0.2538
100perc_10repeat	0.4	0.3999	0.305	0.046	0.0206	0.2753	0.2825	0.2789	0.2629	0.0112	0.005	0.3082	0.0496	0.0222	0.2719	0.0091	0.0041	0.0	0.0	0.0	0.2153	0.4017
40perc_10repeat	0.35	0.2233	0.6685	0.0298	0.0133	0.66	0.6566	0.6583	0.7206	0.0258	0.0115	0.6677	0.0331	0.0148	0.7106	0.0146	0.0065	0.0	0.0	0.0	0.2594	0.2235
90perc_5repeat	0.45	0.3412	0.292	0.0368	0.0165	0.2998	0.3959	0.3412	0.251	0.0152	0.0068	0.2946	0.037	0.0166	0.2619	0.0134	0.006	0.0	0.0	0.0	0.2186	0.3416
90perc_5repeat	0.5	0.3389	0.2896	0.0303	0.0135	0.2965	0.3791	0.3328	0.2523	0.0136	0.0061	0.2892	0.0313	0.014	0.2637	0.0154	0.0069	0.0	0.0	0.0	0.2502	0.3397
100perc_10repeat	0.45	0.4047	0.2748	0.0284	0.0127	0.2823	0.3589	0.316	0.251	0.0152	0.0068	0.2757	0.0302	0.0135	0.2613	0.0136	0.0061	0.0	0.0	0.0	0.2212	0.4049
100perc_5repeat	0.5	0.3692	0.2735	0.0225	0.0101	0.2707	0.3261	0.2958	0.2523	0.0136	0.0061	0.2735	0.0225	0.0101	0.261	0.0101	0.0045	0.0	0.0	0.0	0.255	0.3697
5perc_5repeat	0.6	0.1906	0.7315	0.0235	0.0105	0.7377	0.6741	0.7045	0.7556	0.0136	0.0061	0.7305	0.0226	0.0101	0.7395	0.0159	0.0071	0.0	0.0	0.0	0.3621	0.1907
70perc_2repeat	0.6	0.2508	0.5221	0.0572	0.0256	0.5054	0.5392	0.5218	0.6048	0.141	0.063	0.5213	0.0558	0.0249	0.5636	0.0857	0.0383	0.0	0.0	0.0	0.2519	0.2509
15perc_5repeat	0.6	0.1943	0.7217	0.0237	0.0106	0.7394	0.6413	0.6868	0.7605	0.0174	0.0078	0.7234	0.0226	0.0101	0.7325	0.0191	0.0086	0.0	0.0	0.0	0.3379	0.1941
50perc_2repeat	0.7	0.2147	0.7022	0.0517	0.0231	0.7176	0.5898	0.6475	0.7645	0.0322	0.0144	0.7018	0.0513	0.0229	0.7301	0.0572	0.0256	0.0	0.0	0.0	0.2306	0.2147
50perc_5repeat	0.6	0.2331	0.642	0.0372	0.0166	0.6447	0.5906	0.6165	0.721	0.0482	0.0216	0.644	0.0379	0.0169	0.7041	0.0286	0.0128	0.0	0.0	0.0	0.2587	0.233
30perc_5repeat	0.6	0.2091	0.7041	0.0364	0.0163	0.7159	0.6285	0.6694	0.725	0.0501	0.0224	0.7028	0.0365	0.0163	0.7241	0.0294	0.0132	0.0	0.0	0.0	0.3033	0.2091
40perc_5repeat	0.6	0.2144	0.7042	0.034	0.0152	0.7041	0.6665	0.6848	0.7532	0.0198	0.0089	0.7025	0.0339	0.0152	0.7402	0.0223	0.01	0.0	0.0	0.0	0.2833	0.2147
5perc_2repeat	0.7	0.1844	0.7515	0.0332	0.0149	0.76	0.6928	0.7249	0.7645	0.0322	0.0144	0.7506	0.0319	0.0143	0.7633	0.0319	0.0142	0.0	0.0	0.0	0.221	0.1848
5perc_10repeat	0.5	0.1962	0.7214	0.0308	0.0138	0.7241	0.6614	0.6913	0.7452	0.0096	0.0043	0.7198	0.0319	0.0143	0.7363	0.0122	0.0055	0.0	0.0	0.0	0.339	0.1969
40perc_10repeat	0.5	0.2201	0.6883	0.0342	0.0153	0.704	0.5829	0.6378	0.7452	0.0096	0.0043	0.6918	0.0377	0.0169	0.7238	0.0244	0.0109	0.0	0.0	0.0	0.2642	0.2203
40perc_2repeat	0.7	0.2064	0.7348	0.0392	0.0175	0.7475	0.6654	0.7041	0.7645	0.0322	0.0144	0.7321	0.0388	0.0174	0.7556	0.0429	0.0192	0.0	0.0	0.0	0.2209	0.2071
15perc_10repeat	0.5	0.198	0.7187	0.0364	0.0163	0.7247	0.6496	0.6851	0.7477	0.0136	0.0061	0.7177	0.0342	0.0153	0.7329	0.0151	0.0067	0.0	0.0	0.0	0.3115	0.1985
60perc_2repeat	0.7	0.2341	0.6348	0.0532	0.0238	0.6151	0.675	0.6437	0.7344	0.0344	0.0154	0.6378	0.0515	0.023	0.6794	0.0485	0.0217	0.0	0.0	0.0	0.2342	0.233
30perc_10repeat	0.5	0.2125	0.6969	0.0503	0.0225	0.709	0.6056	0.6532	0.7477	0.0136	0.0061	0.699	0.0474	0.0212	0.7312	0.0263	0.0118	0.0	0.0	0.0	0.2825	0.2126
70perc_2repeat	0.7	0.2424	0.5631	0.0147	0.0066	0.5559	0.4178	0.477	0.6613	0.0781	0.0349	0.5684	0.0166	0.0074	0.6163	0.0346	0.0155	0.0	0.0	0.0	0.2459	0.2424
80perc_5repeat	0.6	0.3047	0.3071	0.0238	0.0106	0.3009	0.3691	0.3315	0.2419	0.0184	0.0082	0.3069	0.026	0.0116	0.2607	0.0257	0.0115	0.0	0.0	0.0	0.2314	0.3047
30perc_2repeat	0.7	0.195	0.7455	0.045	0.0201	0.7489	0.6932	0.7199	0.7645	0.0322	0.0144	0.7466	0.0443	0.0198	0.7556	0.0408	0.0182	0.0	0.0	0.0	0.2132	0.1953
90perc_5repeat	0.6	0.3328	0.2737	0.0321	0.0144	0.277	0.3402	0.3053	0.2444	0.0136	0.0061	0.2732	0.0304	0.0136	0.2555	0.0198	0.0089	0.0	0.0	0.0	0.2347	0.3327
50perc_10repeat	0.5	0.2395	0.602	0.0274	0.0122	0.598	0.4714	0.5272	0.7477	0.0136	0.0061	0.6006	0.0224	0.01	0.6984	0.0312	0.0139	0.0	0.0	0.0	0.2571	0.2394
60perc_10repeat	0.45	0.2622	0.4496	0.0356	0.0159	0.4179	0.4823	0.4478	0.2991	0.0461	0.0206	0.4483	0.0339	0.0152	0.3837	0.0628	0.0281	0.0	0.0	0.0	0.2452	0.262
80perc_2repeat	0.7	0.2627	0.4104	0.0266	0.0119	0.3778	0.4204	0.398	0.2806	0.0578	0.0259	0.4139	0.0247	0.011	0.3246	0.0418	0.0187	0.0	0.0	0.0	0.2647	0.2628
100perc_5repeat	0.6	0.3651	0.2695	0.0202	0.0091	0.2713	0.3258	0.2961	0.2395	0.0174	0.0078	0.2696	0.02	0.0089	0.2589	0.0145	0.0065	0.0	0.0	0.0	0.2345	0.3647
60perc_10repeat	0.5	0.2606	0.4229	0.0308	0.0138	0.3724	0.3282	0.3489	0.2581	0.0197	0.0088	0.4228	0.0241	0.0108	0.3278	0.0489	0.0219	0.0	0.0	0.0	0.2458	0.2608
90perc_10repeat	0.5	0.3694	0.284	0.0292	0.0131	0.287	0.3601	0.3194	0.2523	0.0136	0.0061	0.2841	0.0297	0.0133	0.2672	0.0173	0.0077	0.0	0.0	0.0	0.257	0.3697
100perc_10repeat	0.5	0.4035	0.2728	0.0235	0.0105	0.2677	0.3206	0.2918	0.2523	0.0136	0.0061	0.2735	0.0226	0.0101	0.2644	0.0118	0.0053	0.0	0.0	0.0	0.2643	0.4035
70perc_10repeat	0.5	0.2965	0.297	0.0437	0.0195	0.2935	0.3667	0.326	0.2523	0.0136	0.0061	0.2964	0.0392	0.0175	0.2736	0.0268	0.012	0.0	0.0	0.0	0.2446	0.2971
30perc_10repeat	0.45	0.207	0.7143	0.0381	0.017	0.7451	0.6094	0.6705	0.749	0.0152	0.0068	0.7105	0.0374	0.0167	0.7336	0.0179	0.008	0.0	0.0	0.0	0.3112	0.2073
90perc_2repeat	0.7	0.2795	0.3059	0.0262	0.0117	0.2968	0.3567	0.324	0.2387	0.029	0.013	0.3067	0.0242	0.0108	0.239	0.0288	0.0129	0.0	0.0	0.0	0.2664	0.2799
70perc_5repeat	0.6	0.2754	0.3988	0.0431	0.0193	0.3876	0.4853	0.431	0.296	0.0429	0.0192	0.399	0.0433	0.0193	0.3709	0.0647	0.0289	0.0	0.0	0.0	0.245	0.2756
15perc_2repeat	0.8	0.1969	0.7217	0.0213	0.0095	0.71	0.7015	0.7057	0.7415	0.0422	0.0189	0.7211	0.022	0.0098	0.7254	0.0274	0.0123	0.0	0.0	0.0	0.2572	0.1969
5perc_2repeat	0.8	0.1952	0.7243	0.0222	0.0099	0.7052	0.7181	0.7116	0.7415	0.0422	0.0189	0.7233	0.021	0.0094	0.7204	0.02	0.0089	0.0	0.0	0.0	0.2654	0.1944
15perc_2repeat	0.7	0.1878	0.7429	0.0349	0.0156	0.7571	0.6729	0.7125	0.7645	0.0322	0.0144	0.7425	0.0331	0.0148	0.7622	0.0325	0.0145	0.0	0.0	0.0	0.2161	0.1878
5perc_5repeat	0.7	0.1842	0.7517	0.0314	0.0141	0.7584	0.6956	0.7256	0.7645	0.0322	0.0144	0.7501	0.0312	0.0139	0.7633	0.0299	0.0134	0.0	0.0	0.0	0.217	0.1846
40perc_2repeat	0.8	0.2061	0.7	0.0086	0.0039	0.7033	0.6403	0.6703	0.7415	0.0422	0.0189	0.6961	0.0113	0.005	0.7121	0.0246	0.011	0.0	0.0	0.0	0.2524	0.2067
30perc_5repeat	0.7	0.1999	0.7447	0.0346	0.0155	0.7575	0.6738	0.7132	0.7645	0.0322	0.0144	0.7464	0.0334	0.015	0.7589	0.0362	0.0162	0.0	0.0	0.0	0.2188	0.1999
60perc_5repeat	0.6	0.2457	0.5497	0.0384	0.0172	0.53	0.4134	0.4645	0.5782	0.0881	0.0394	0.5483	0.043	0.0193	0.5738	0.0666	0.0298	0.0	0.0	0.0	0.2534	0.2461
60perc_2repeat	0.8	0.232	0.657	0.0368	0.0165	0.6377	0.648	0.6428	0.7333	0.0358	0.016	0.6582	0.0436	0.0195	0.7036	0.0313	0.014	0.0	0.0	0.0	0.2499	0.2319
50perc_5repeat	0.7	0.2327	0.6416	0.0393	0.0176	0.6334	0.5734	0.6019	0.7591	0.0262	0.0117	0.6404	0.0418	0.0187	0.7334	0.0523	0.0234	0.0	0.0	0.0	0.2335	0.233
80perc_2repeat	0.8	0.2553	0.488	0.0317	0.0142	0.4506	0.4642	0.4573	0.361	0.0929	0.0416	0.4936	0.0323	0.0144	0.4653	0.0622	0.0278	0.0	0.0	0.0	0.2535	0.2549
15perc_10repeat	0.6	0.1945	0.7248	0.0261	0.0117	0.7326	0.6643	0.6968	0.7605	0.0174	0.0078	0.724	0.0279	0.0125	0.7369	0.017	0.0076	0.0	0.0	0.0	0.3368	0.1945
60perc_5repeat	0.7	0.2589	0.4738	0.0345	0.0154	0.4539	0.6469	0.5335	0.4828	0.1881	0.0841	0.472	0.0245	0.0109	0.4753	0.0566	0.0253	0.0	0.0	0.0	0.2522	0.2588
70perc_2repeat	0.8	0.2442	0.5812	0.0571	0.0255	0.5673	0.5494	0.5582	0.7089	0.0543	0.0243	0.5746	0.055	0.0246	0.644	0.1126	0.0503	0.0	0.0	0.0	0.2522	0.2441
100perc_2repeat	0.8	0.2994	0.2828	0.0222	0.0099	0.2637	0.2915	0.2769	0.2585	0.0422	0.0189	0.2865	0.0179	0.008	0.273	0.026	0.0116	0.0	0.0	0.0	0.2698	0.299
90perc_2repeat	0.8	0.2832	0.3074	0.0347	0.0155	0.2904	0.341	0.3137	0.2602	0.0439	0.0196	0.3041	0.035	0.0156	0.2679	0.0428	0.0191	0.0	0.0	0.0	0.2662	0.284
80perc_10repeat	0.5	0.3316	0.305	0.042	0.0188	0.308	0.4029	0.3491	0.2548	0.0144	0.0065	0.3043	0.041	0.0183	0.2826	0.0278	0.0124	0.0	0.0	0.0	0.246	0.332
70perc_5repeat	0.7	0.2807	0.3166	0.0269	0.012	0.3154	0.398	0.3519	0.2376	0.0299	0.0134	0.3234	0.0308	0.0138	0.2646	0.0405	0.0181	0.0	0.0	0.0	0.2725	0.2809
50perc_10repeat	0.6	0.2378	0.6066	0.0329	0.0147	0.613	0.5025	0.5523	0.7032	0.062	0.0277	0.6105	0.0353	0.0158	0.6824	0.0337	0.0151	0.0	0.0	0.0	0.2551	0.2369
80perc_5repeat	0.7	0.3133	0.2863	0.0383	0.0171	0.2947	0.3829	0.333	0.2387	0.029	0.013	0.2867	0.0368	0.0165	0.2534	0.0378	0.0169	0.0	0.0	0.0	0.2938	0.3133
100perc_5repeat	0.7	0.3734	0.2485	0.0309	0.0138	0.2469	0.2968	0.2696	0.2355	0.0322	0.0144	0.2454	0.032	0.0143	0.2367	0.0322	0.0144	0.0	0.0	0.0	0.3455	0.3727
100perc_2repeat	0.7	0.3048	0.2569	0.0281	0.0126	0.2587	0.3162	0.2846	0.2355	0.0322	0.0144	0.2591	0.0282	0.0126	0.2356	0.0333	0.0149	0.0	0.0	0.0	0.2901	0.3047
30perc_10repeat	0.6	0.2076	0.7266	0.0131	0.0058	0.7321	0.6691	0.6992	0.7605	0.0174	0.0078	0.7245	0.0117	0.0053	0.7392	0.0244	0.0109	0.0	0.0	0.0	0.2947	0.208
60perc_10repeat	0.6	0.263	0.4055	0.0425	0.019	0.3912	0.4873	0.434	0.279	0.0482	0.0216	0.4168	0.0416	0.0186	0.305	0.0544	0.0243	0.0	0.0	0.0	0.2463	0.2622
40perc_10repeat	0.6	0.2225	0.656	0.0305	0.0136	0.6898	0.5329	0.6013	0.7468	0.0209	0.0094	0.6554	0.0337	0.0151	0.6924	0.0371	0.0166	0.0	0.0	0.0	0.2743	0.2224
90perc_5repeat	0.7	0.3398	0.2596	0.0409	0.0183	0.2628	0.3265	0.2912	0.2355	0.0322	0.0144	0.2589	0.0408	0.0182	0.24	0.0351	0.0157	0.0	0.0	0.0	0.3189	0.3397
15perc_5repeat	0.7	0.1887	0.7442	0.0377	0.0169	0.7542	0.6799	0.7152	0.7645	0.0322	0.0144	0.7452	0.0364	0.0163	0.7578	0.0355	0.0159	0.0	0.0	0.0	0.2112	0.1886
80perc_10repeat	0.6	0.3284	0.2864	0.0309	0.0138	0.2991	0.3859	0.337	0.2395	0.0174	0.0078	0.2859	0.03	0.0134	0.2674	0.0273	0.0122	0.0	0.0	0.0	0.2345	0.3283
40perc_5repeat	0.7	0.2122	0.7282	0.0442	0.0198	0.7462	0.6449	0.6919	0.7645	0.0322	0.0144	0.7306	0.0421	0.0188	0.7523	0.041	0.0183	0.0	0.0	0.0	0.2247	0.2123
5perc_2repeat	0.9	0.1821	0.7539	0.0454	0.0203	0.7635	0.7151	0.7385	0.7607	0.0601	0.0269	0.7562	0.0454	0.0203	0.7574	0.048	0.0214	0.0	0.0	0.0	0.3518	0.181
100perc_10repeat	0.6	0.3976	0.2679	0.0223	0.01	0.2701	0.3252	0.2951	0.2395	0.0174	0.0078	0.2686	0.0216	0.0096	0.2589	0.0145	0.0065	0.0	0.0	0.0	0.2388	0.3977
30perc_2repeat	0.9	0.1891	0.7553	0.058	0.026	0.7716	0.7063	0.7375	0.7607	0.0601	0.0269	0.7543	0.0633	0.0283	0.7541	0.068	0.0304	0.0	0.0	0.0	0.3095	0.1901
15perc_2repeat	0.9	0.1819	0.7609	0.0473	0.0211	0.7699	0.7217	0.745	0.7607	0.0601	0.0269	0.7571	0.0478	0.0214	0.7574	0.048	0.0214	0.0	0.0	0.0	0.3264	0.1824
50perc_2repeat	0.8	0.2168	0.7058	0.0159	0.0071	0.6844	0.6993	0.6918	0.7187	0.0167	0.0075	0.7046	0.0223	0.01	0.7153	0.0185	0.0083	0.0	0.0	0.0	0.2454	0.2168
70perc_10repeat	0.6	0.299	0.3423	0.037	0.0165	0.3414	0.4449	0.3863	0.2532	0.0156	0.007	0.3401	0.0352	0.0157	0.2955	0.0294	0.0131	0.0	0.0	0.0	0.2447	0.2993
30perc_2repeat	0.8	0.1993	0.7208	0.0299	0.0134	0.7038	0.7033	0.7035	0.7415	0.0422	0.0189	0.7188	0.0285	0.0128	0.7221	0.0281	0.0126	0.0	0.0	0.0	0.2494	0.2
90perc_10repeat	0.6	0.364	0.2772	0.0233	0.0104	0.2882	0.3617	0.3208	0.2444	0.0136	0.0061	0.2748	0.0265	0.0118	0.2633	0.0245	0.011	0.0	0.0	0.0	0.2349	0.3637
5perc_5repeat	0.8	0.194	0.725	0.0234	0.0105	0.7041	0.7207	0.7123	0.7415	0.0422	0.0189	0.7228	0.0227	0.0102	0.7203	0.0151	0.0068	0.0	0.0	0.0	0.263	0.1947
50perc_2repeat	0.9	0.2116	0.7185	0.0289	0.0129	0.7573	0.6333	0.6898	0.7279	0.0286	0.0128	0.7089	0.0307	0.0137	0.7213	0.0388	0.0173	0.0	0.0	0.0	0.2813	0.2128
60perc_2repeat	0.9	0.23	0.6649	0.0617	0.0276	0.6612	0.6664	0.6638	0.7148	0.0583	0.0261	0.6672	0.0533	0.0238	0.7016	0.0617	0.0276	0.0	0.0	0.0	0.2593	0.2299
50perc_5repeat	0.8	0.2318	0.6508	0.0394	0.0176	0.6287	0.6001	0.614	0.7268	0.0319	0.0143	0.6528	0.0305	0.0136	0.6823	0.0304	0.0136	0.0	0.0	0.0	0.2455	0.2309
70perc_2repeat	0.9	0.2404	0.5867	0.0308	0.0138	0.5842	0.5481	0.5655	0.6951	0.1134	0.0507	0.5874	0.0263	0.0118	0.6033	0.0721	0.0323	0.0	0.0	0.0	0.2516	0.2409
60perc_5repeat	0.8	0.2503	0.5165	0.062	0.0277	0.495	0.4897	0.4923	0.5756	0.1386	0.062	0.5196	0.0596	0.0266	0.5292	0.0781	0.0349	0.0	0.0	0.0	0.2553	0.2503
40perc_2repeat	0.9	0.2034	0.7403	0.058	0.0259	0.7452	0.711	0.7277	0.7475	0.0525	0.0235	0.7419	0.0536	0.024	0.7475	0.0554	0.0248	0.0	0.0	0.0	0.2871	0.2035
5perc_10repeat	0.7	0.1845	0.7528	0.0305	0.0136	0.7606	0.697	0.7274	0.7645	0.0322	0.0144	0.7515	0.0325	0.0146	0.7666	0.0289	0.0129	0.0	0.0	0.0	0.2169	0.1844
80perc_2repeat	0.9	0.2629	0.4232	0.0324	0.0145	0.4331	0.5026	0.4653	0.3049	0.1216	0.0544	0.426	0.0184	0.0082	0.3672	0.0338	0.0151	0.0	0.0	0.0	0.2427	0.2632
90perc_5repeat	0.8	0.3273	0.2808	0.033	0.0147	0.2623	0.2919	0.2763	0.2667	0.0358	0.016	0.2787	0.0313	0.014	0.2679	0.037	0.0166	0.0	0.0	0.0	0.2798	0.3277
80perc_5repeat	0.8	0.2994	0.3042	0.0191	0.0085	0.2945	0.3418	0.3164	0.2732	0.0319	0.0143	0.2984	0.0165	0.0074	0.2913	0.0274	0.0122	0.0	0.0	0.0	0.2704	0.2992
100perc_2repeat	0.9	0.3052	0.2539	0.0479	0.0214	0.2622	0.2868	0.274	0.2393	0.0601	0.0269	0.2541	0.0456	0.0204	0.2361	0.0661	0.0295	0.0	0.0	0.0	0.2413	0.3053
90perc_2repeat	0.9	0.2837	0.2911	0.0487	0.0218	0.2892	0.3117	0.3001	0.2459	0.0486	0.0217	0.2763	0.0382	0.0171	0.2525	0.0482	0.0215	0.0	0.0	0.0	0.2449	0.2838
15perc_5repeat	0.8	0.1965	0.7157	0.0279	0.0125	0.697	0.7035	0.7002	0.7333	0.0358	0.016	0.718	0.0269	0.012	0.717	0.0278	0.0124	0.0	0.0	0.0	0.2569	0.1959
15perc_10repeat	0.7	0.1879	0.7502	0.0345	0.0154	0.7596	0.6882	0.7221	0.7645	0.0322	0.0144	0.7486	0.0352	0.0158	0.7622	0.0328	0.0147	0.0	0.0	0.0	0.2122	0.1883
5perc_10repeat	0.6	0.1892	0.7324	0.0213	0.0095	0.741	0.6702	0.7038	0.7605	0.0174	0.0078	0.7328	0.0204	0.0091	0.7395	0.0165	0.0074	0.0	0.0	0.0	0.3662	0.1891
30perc_10repeat	0.7	0.2029	0.7327	0.0355	0.0159	0.7491	0.6455	0.6934	0.7613	0.029	0.013	0.7283	0.0341	0.0152	0.75	0.0344	0.0154	0.0	0.0	0.0	0.2172	0.2033
40perc_10repeat	0.7	0.2175	0.7164	0.034	0.0152	0.7403	0.6199	0.6747	0.7591	0.0349	0.0156	0.7151	0.0333	0.0149	0.7533	0.0452	0.0202	0.0	0.0	0.0	0.2323	0.2177
40perc_5repeat	0.8	0.2185	0.6849	0.0212	0.0095	0.6945	0.6077	0.6482	0.7415	0.0422	0.0189	0.6843	0.0212	0.0095	0.7187	0.0184	0.0082	0.0	0.0	0.0	0.2466	0.2183
50perc_10repeat	0.7	0.2434	0.5681	0.0349	0.0156	0.5538	0.5297	0.5415	0.7559	0.0315	0.0141	0.5796	0.043	0.0192	0.647	0.0522	0.0234	0.0	0.0	0.0	0.244	0.2432
70perc_10repeat	0.7	0.2969	0.2947	0.0326	0.0146	0.3061	0.4085	0.35	0.2355	0.0322	0.0144	0.2918	0.0329	0.0147	0.2611	0.0446	0.0199	0.0	0.0	0.0	0.2787	0.2973
60perc_10repeat	0.7	0.266	0.4167	0.032	0.0143	0.3863	0.4492	0.4154	0.2591	0.059	0.0264	0.418	0.0373	0.0167	0.3559	0.056	0.025	0.0	0.0	0.0	0.2616	0.2663
90perc_10repeat	0.7	0.3688	0.2546	0.0271	0.0121	0.2557	0.3136	0.2817	0.2355	0.0322	0.0144	0.2569	0.027	0.0121	0.2367	0.03	0.0134	0.0	0.0	0.0	0.3406	0.3691
100perc_10repeat	0.7	0.4094	0.2443	0.0324	0.0145	0.2435	0.2924	0.2657	0.2355	0.0322	0.0144	0.2471	0.0323	0.0144	0.2345	0.0301	0.0135	0.0	0.0	0.0	0.3757	0.4091
70perc_5repeat	0.8	0.2751	0.3589	0.0182	0.0081	0.34	0.3915	0.3639	0.2829	0.0188	0.0084	0.3674	0.0207	0.0092	0.3262	0.0294	0.0132	0.0	0.0	0.0	0.2576	0.2747
15perc_5repeat	0.9	0.1843	0.7578	0.0437	0.0195	0.7708	0.7124	0.7404	0.7607	0.0601	0.0269	0.7567	0.0428	0.0191	0.7574	0.0523	0.0234	0.0	0.0	0.0	0.3353	0.1852
30perc_5repeat	0.9	0.1996	0.7412	0.0396	0.0177	0.7631	0.6845	0.7217	0.7607	0.0601	0.0269	0.7349	0.0369	0.0165	0.7443	0.0396	0.0177	0.0	0.0	0.0	0.287	0.2
100perc_5repeat	0.8	0.3619	0.2758	0.0213	0.0095	0.255	0.2796	0.2667	0.2585	0.0422	0.0189	0.2779	0.0194	0.0087	0.2796	0.0181	0.0081	0.0	0.0	0.0	0.3028	0.3613
70perc_5repeat	0.9	0.2766	0.323	0.0574	0.0257	0.3202	0.34	0.3298	0.2459	0.0486	0.0217	0.3283	0.0597	0.0267	0.2525	0.0525	0.0235	0.0	0.0	0.0	0.2461	0.2768
60perc_5repeat	0.9	0.2529	0.4958	0.0431	0.0193	0.4915	0.4782	0.4848	0.4098	0.1372	0.0613	0.4881	0.0481	0.0215	0.5049	0.0894	0.04	0.0	0.0	0.0	0.2516	0.2532
5perc_5repeat	0.9	0.1809	0.763	0.0486	0.0217	0.7692	0.7278	0.7479	0.7607	0.0601	0.0269	0.7578	0.0494	0.0221	0.7607	0.0535	0.0239	0.0	0.0	0.0	0.3489	0.1809
80perc_5repeat	0.9	0.3058	0.2525	0.054	0.0242	0.2634	0.2915	0.2767	0.2393	0.0601	0.0269	0.2459	0.0531	0.0237	0.2426	0.0617	0.0276	0.0	0.0	0.0	0.2415	0.3055
5perc_10repeat	0.8	0.1955	0.72	0.0208	0.0093	0.6991	0.7147	0.7068	0.7415	0.0422	0.0189	0.7193	0.02	0.0089	0.7154	0.0169	0.0075	0.0	0.0	0.0	0.2636	0.1945
100perc_5repeat	0.9	0.3758	0.2398	0.0524	0.0235	0.2466	0.2691	0.2574	0.2393	0.0601	0.0269	0.2396	0.0489	0.0219	0.2426	0.0543	0.0243	0.0	0.0	0.0	0.2483	0.3768
15perc_10repeat	0.8	0.196	0.7199	0.0246	0.011	0.7045	0.705	0.7047	0.7415	0.0422	0.0189	0.7232	0.0303	0.0135	0.7205	0.0286	0.0128	0.0	0.0	0.0	0.2523	0.1962
50perc_10repeat	0.8	0.241	0.5981	0.0168	0.0075	0.5723	0.6157	0.5932	0.7187	0.0167	0.0075	0.6037	0.0261	0.0117	0.689	0.0413	0.0185	0.0	0.0	0.0	0.2498	0.2412
30perc_5repeat	0.8	0.2088	0.7089	0.0072	0.0032	0.7049	0.6698	0.6869	0.7333	0.0358	0.016	0.7075	0.0088	0.0039	0.7238	0.0275	0.0123	0.0	0.0	0.0	0.2466	0.209
40perc_10repeat	0.8	0.2218	0.6879	0.0307	0.0137	0.6856	0.6187	0.6504	0.7415	0.0422	0.0189	0.6839	0.0283	0.0127	0.7072	0.0346	0.0155	0.0	0.0	0.0	0.2459	0.2222
40perc_5repeat	0.9	0.2138	0.7094	0.0356	0.0159	0.7264	0.6591	0.6911	0.7541	0.0486	0.0217	0.7042	0.0353	0.0158	0.7246	0.0432	0.0193	0.0	0.0	0.0	0.2737	0.214
90perc_10repeat	0.8	0.3609	0.2801	0.0247	0.011	0.2634	0.2933	0.2775	0.2585	0.0422	0.0189	0.2826	0.021	0.0094	0.2813	0.0197	0.0088	0.0	0.0	0.0	0.3011	0.3624
100perc_10repeat	0.8	0.3947	0.2793	0.0216	0.0097	0.2575	0.2811	0.2688	0.2585	0.0422	0.0189	0.2768	0.0204	0.0091	0.2796	0.0181	0.0081	0.0	0.0	0.0	0.3223	0.3951
70perc_10repeat	0.8	0.2966	0.328	0.0242	0.0108	0.328	0.4154	0.3666	0.2992	0.0675	0.0302	0.3338	0.0255	0.0114	0.3129	0.0163	0.0073	0.0	0.0	0.0	0.2577	0.296
60perc_10repeat	0.8	0.2642	0.4051	0.0402	0.018	0.3742	0.4116	0.392	0.2683	0.0371	0.0166	0.3979	0.052	0.0233	0.3493	0.081	0.0362	0.0	0.0	0.0	0.2543	0.2642
80perc_10repeat	0.8	0.3248	0.2919	0.0175	0.0078	0.28	0.3237	0.3003	0.2585	0.0422	0.0189	0.2879	0.021	0.0094	0.2779	0.0316	0.0142	0.0	0.0	0.0	0.2823	0.325
80perc_10repeat	0.7	0.3336	0.2558	0.036	0.0161	0.2606	0.3247	0.2891	0.2355	0.0322	0.0144	0.254	0.0348	0.0156	0.2433	0.037	0.0166	0.0	0.0	0.0	0.3104	0.3331
90perc_5repeat	0.9	0.3429	0.2471	0.0526	0.0235	0.2616	0.2932	0.2765	0.2393	0.0601	0.0269	0.2461	0.0503	0.0225	0.2492	0.0533	0.0238	0.0	0.0	0.0	0.2405	0.3419
15perc_10repeat	0.9	0.1848	0.7581	0.0439	0.0197	0.7715	0.7104	0.7397	0.7607	0.0601	0.0269	0.7515	0.0432	0.0193	0.7639	0.0447	0.02	0.0	0.0	0.0	0.3225	0.1857
40perc_10repeat	0.9	0.2172	0.7084	0.0524	0.0234	0.7342	0.6316	0.679	0.7541	0.0486	0.0217	0.7016	0.0511	0.0228	0.7344	0.0581	0.026	0.0	0.0	0.0	0.2713	0.2169
5perc_10repeat	0.9	0.1806	0.7635	0.0542	0.0242	0.7664	0.7351	0.7504	0.7607	0.0601	0.0269	0.7585	0.0498	0.0223	0.7607	0.0535	0.0239	0.0	0.0	0.0	0.348	0.1809
50perc_10repeat	0.9	0.2393	0.6126	0.0332	0.0148	0.5931	0.6562	0.6231	0.6984	0.0592	0.0265	0.6112	0.0321	0.0143	0.6689	0.0468	0.0209	0.0	0.0	0.0	0.2515	0.2397
30perc_10repeat	0.8	0.2101	0.7021	0.0246	0.011	0.6913	0.6698	0.6804	0.7268	0.0319	0.0143	0.699	0.0253	0.0113	0.7121	0.0151	0.0067	0.0	0.0	0.0	0.2441	0.21
70perc_10repeat	0.9	0.2947	0.2775	0.0314	0.014	0.2808	0.3116	0.2954	0.2361	0.0564	0.0252	0.2787	0.0309	0.0138	0.2623	0.0274	0.0123	0.0	0.0	0.0	0.2428	0.2953
80perc_10repeat	0.9	0.3339	0.2632	0.0337	0.0151	0.2777	0.3188	0.2968	0.2393	0.0601	0.0269	0.2588	0.0299	0.0134	0.2557	0.0304	0.0136	0.0	0.0	0.0	0.2449	0.3335
50perc_5repeat	0.9	0.23	0.6468	0.0408	0.0182	0.6653	0.5511	0.6029	0.7607	0.0601	0.0269	0.6482	0.0374	0.0167	0.682	0.061	0.0273	0.0	0.0	0.0	0.2657	0.2292
100perc_10repeat	0.9	0.4122	0.2384	0.0531	0.0238	0.2449	0.2672	0.2556	0.2393	0.0601	0.0269	0.2384	0.0482	0.0216	0.2426	0.0543	0.0243	0.0	0.0	0.0	0.2568	0.4123
30perc_10repeat	0.9	0.1997	0.7398	0.0528	0.0236	0.7668	0.663	0.7111	0.7607	0.0601	0.0269	0.7407	0.0448	0.0201	0.7541	0.0549	0.0245	0.0	0.0	0.0	0.2815	0.2008
90perc_10repeat	0.9	0.3713	0.2447	0.0449	0.0201	0.2572	0.2885	0.272	0.2393	0.0601	0.0269	0.2445	0.0456	0.0204	0.2459	0.0529	0.0236	0.0	0.0	0.0	0.2473	0.3704
60perc_10repeat	0.9	0.2637	0.3946	0.065	0.0291	0.3819	0.3395	0.3595	0.2426	0.0445	0.0199	0.4023	0.0577	0.0258	0.3344	0.0766	0.0343	0.0	0.0	0.0	0.244	0.2639
