Label	trainingSize	Accuracy_Mean	Accuracy_SD	Accuracy_SE	Precision_Mean	Recall_Mean	F1	Accuracy_Median	PriorClass0_Mean	PriorClass0_SD	PriorClass0_SE	ProbabilityEstimate_0given0_Mean 	ProbabilityEstimate_0given0_SD 	ProbabilityEstimate_0given0_SE 	ProbabilityEstimate_1given1_Mean	ProbabilityEstimate_1given1_SD	ProbabilityEstimate_1given1_SE

original	0.9	0.2393	0.0428	0.003	0.0	0.0	0.0	0.2361	0.527	0.0063	0.0004	0.6451	0.0006	0.0	0.5876	0.0007	0.0
original	0.8	0.2636	0.0466	0.0033	0.0	0.0	0.0	0.2607	0.5293	0.01	0.0007	0.647	0.001	0.0	0.5858	0.001	0.0
original	0.7	0.2687	0.0507	0.0036	0.0	0.0	0.0	0.2609	0.5264	0.0132	0.0009	0.6441	0.0013	0.0	0.5905	0.0014	0.0
original	0.6	0.3031	0.0594	0.0042	0.0	0.0	0.0	0.3068	0.5293	0.0158	0.0011	0.6464	0.0015	0.0	0.5829	0.0019	0.0
original	0.5	0.3244	0.0636	0.0045	0.0	0.0	0.0	0.3282	0.528	0.0218	0.0015	0.6446	0.0021	0.0	0.5867	0.0023	0.0
original	0.45	0.3351	0.0645	0.0046	0.0	0.0	0.0	0.3398	0.5289	0.0228	0.0016	0.6459	0.0025	0.0	0.5843	0.0025	0.0
original	0.4	0.3446	0.0671	0.0047	0.0	0.0	0.0	0.3493	0.5268	0.0236	0.0017	0.6413	0.0029	0.0	0.5854	0.0028	0.0
original	0.35	0.3569	0.0625	0.0044	0.0	0.0	0.0	0.367	0.5271	0.0238	0.0017	0.6424	0.003	0.0	0.5867	0.003	0.0
original	0.3	0.3806	0.0647	0.0046	0.0	0.0	0.0	0.3966	0.5287	0.0328	0.0023	0.641	0.0037	0.0	0.5832	0.004	0.0
original	0.25	0.3916	0.0648	0.0046	0.0	0.0	0.0	0.4059	0.5283	0.0369	0.0026	0.6429	0.0042	0.0	0.5772	0.0048	0.0
original	0.2	0.4004	0.0624	0.0044	0.0	0.0	0.0	0.407	0.5248	0.0422	0.003	0.6334	0.0049	0.0	0.583	0.0054	0.0
original	0.1	0.4209	0.0668	0.0047	0.0	0.0	0.0	0.4367	0.5206	0.0558	0.0039	0.6175	0.0086	0.0	0.5748	0.01	0.0
original	0.05	0.4187	0.0767	0.0054	0.0	0.0	0.0	0.4475	0.5369	0.0887	0.0063	0.5694	0.0137	0.0	0.5149	0.014	0.0

5perc_2repeat	0.1	0.4164	0.0682	0.0048	0.0	0.0	0.0	0.434	0.5258	0.0571	0.004	0.6116	0.0091	0.0	0.5503	0.0111	0.0
15perc_5repeat	0.1	0.4228	0.0649	0.0046	0.0	0.0	0.0	0.4381	0.519	0.058	0.0041	0.6057	0.0103	0.0	0.5741	0.0105	0.0
30perc_5repeat	0.1	0.4233	0.0634	0.0045	0.0	0.0	0.0	0.4374	0.5298	0.0596	0.0042	0.6284	0.01	0.0	0.5547	0.011	0.0
70perc_2repeat	0.05	0.4337	0.0694	0.0049	0.0	0.0	0.0	0.4482	0.5198	0.0893	0.0063	0.5448	0.0168	0.0	0.4998	0.0181	0.0
90perc_2repeat	0.05	0.4315	0.0714	0.005	0.0	0.0	0.0	0.4551	0.5124	0.0821	0.0058	0.5752	0.016	0.0	0.5442	0.0156	0.0
80perc_2repeat	0.05	0.4234	0.076	0.0054	0.0	0.0	0.0	0.4523	0.5252	0.0884	0.0063	0.5694	0.0165	0.0	0.5286	0.0153	0.0
30perc_2repeat	0.05	0.4328	0.0653	0.0046	0.0	0.0	0.0	0.4538	0.5361	0.0892	0.0063	0.5944	0.0174	0.0	0.5186	0.0182	0.0
70perc_5repeat	0.05	0.4342	0.0725	0.0051	0.0	0.0	0.0	0.4537	0.5292	0.0829	0.0059	0.5941	0.0172	0.0	0.5059	0.0188	0.0
15perc_2repeat	0.05	0.4229	0.0822	0.0058	0.0	0.0	0.0	0.45	0.5198	0.0938	0.0066	0.5494	0.0188	0.0	0.5159	0.0183	0.0
80perc_5repeat	0.05	0.4231	0.0704	0.005	0.0	0.0	0.0	0.4481	0.5277	0.081	0.0057	0.5546	0.0183	0.0	0.4921	0.0173	0.0
5perc_10repeat	0.1	0.4224	0.0659	0.0047	0.0	0.0	0.0	0.4359	0.5211	0.0606	0.0043	0.5918	0.011	0.0	0.5713	0.0106	0.0
60perc_5repeat	0.05	0.4417	0.0635	0.0045	0.0	0.0	0.0	0.4589	0.5252	0.0833	0.0059	0.572	0.0193	0.0	0.5217	0.02	0.0
30perc_5repeat	0.05	0.4375	0.0637	0.0045	0.0	0.0	0.0	0.4513	0.5279	0.0865	0.0061	0.575	0.0194	0.0	0.5004	0.0202	0.0
40perc_5repeat	0.05	0.4374	0.0682	0.0048	0.0	0.0	0.0	0.4599	0.5313	0.0911	0.0064	0.5779	0.02	0.0	0.5114	0.019	0.0
15perc_10repeat	0.05	0.4371	0.0734	0.0052	0.0	0.0	0.0	0.4568	0.5205	0.0896	0.0063	0.5636	0.0209	0.0	0.5461	0.0203	0.0
70perc_10repeat	0.05	0.4426	0.0661	0.0047	0.0	0.0	0.0	0.4596	0.5229	0.0901	0.0064	0.5772	0.019	0.0	0.5272	0.0209	0.0
80perc_10repeat	0.05	0.4365	0.0665	0.0047	0.0	0.0	0.0	0.4545	0.5237	0.0863	0.0061	0.5945	0.0177	0.0	0.4826	0.0213	0.0
100perc_10repeat	0.05	0.4108	0.0765	0.0054	0.0	0.0	0.0	0.4351	0.5276	0.0893	0.0063	0.5466	0.0144	0.0	0.5142	0.014	0.0
90perc_10repeat	0.05	0.4324	0.0705	0.005	0.0	0.0	0.0	0.4505	0.5281	0.0848	0.006	0.5613	0.0188	0.0	0.5176	0.0193	0.0
30perc_10repeat	0.05	0.4377	0.0674	0.0048	0.0	0.0	0.0	0.4555	0.5376	0.0863	0.0061	0.5633	0.0202	0.0	0.4834	0.0213	0.0
40perc_2repeat	0.1	0.421	0.0683	0.0048	0.0	0.0	0.0	0.4392	0.529	0.0564	0.004	0.6112	0.0103	0.0	0.5739	0.011	0.0
40perc_5repeat	0.1	0.4219	0.0692	0.0049	0.0	0.0	0.0	0.4424	0.5322	0.0629	0.0045	0.6175	0.0115	0.0	0.5538	0.0114	0.0
30perc_10repeat	0.1	0.4318	0.0645	0.0046	0.0	0.0	0.0	0.4488	0.526	0.0622	0.0044	0.6157	0.0107	0.0	0.5768	0.0103	0.0
50perc_2repeat	0.05	0.4306	0.0765	0.0054	0.0	0.0	0.0	0.4582	0.5256	0.0912	0.0065	0.5511	0.0178	0.0	0.525	0.0175	0.0
5perc_10repeat	0.05	0.4425	0.0661	0.0047	0.0	0.0	0.0	0.4595	0.5268	0.0877	0.0062	0.5837	0.0206	0.0	0.539	0.0212	0.0
15perc_2repeat	0.1	0.4275	0.0627	0.0044	0.0	0.0	0.0	0.4432	0.5283	0.0581	0.0041	0.6297	0.0098	0.0	0.5698	0.011	0.0
30perc_2repeat	0.1	0.4232	0.0667	0.0047	0.0	0.0	0.0	0.4418	0.5259	0.0617	0.0044	0.6255	0.0098	0.0	0.5582	0.0117	0.0
5perc_5repeat	0.1	0.4324	0.062	0.0044	0.0	0.0	0.0	0.4466	0.5311	0.0617	0.0044	0.6498	0.0094	0.0	0.5707	0.0115	0.0
100perc_2repeat	0.05	0.4263	0.0769	0.0054	0.0	0.0	0.0	0.4499	0.5208	0.0925	0.0065	0.5708	0.0136	0.0	0.5458	0.0138	0.0
15perc_10repeat	0.1	0.4273	0.0634	0.0045	0.0	0.0	0.0	0.4435	0.5286	0.0583	0.0041	0.6371	0.01	0.0	0.5672	0.0118	0.0
50perc_5repeat	0.05	0.4404	0.0693	0.0049	0.0	0.0	0.0	0.4605	0.5239	0.0871	0.0062	0.5714	0.0189	0.0	0.5341	0.0195	0.0
90perc_5repeat	0.05	0.4284	0.0731	0.0052	0.0	0.0	0.0	0.4501	0.5295	0.0841	0.0059	0.566	0.0184	0.0	0.4925	0.0186	0.0
5perc_5repeat	0.05	0.4327	0.0737	0.0052	0.0	0.0	0.0	0.454	0.5185	0.0904	0.0064	0.5474	0.0199	0.0	0.5099	0.021	0.0
5perc_2repeat	0.05	0.4309	0.0708	0.005	0.0	0.0	0.0	0.4502	0.53	0.0871	0.0062	0.575	0.018	0.0	0.5438	0.0188	0.0
100perc_5repeat	0.05	0.4074	0.0818	0.0058	0.0	0.0	0.0	0.4367	0.5177	0.0894	0.0063	0.5287	0.0145	0.0	0.5216	0.0134	0.0
60perc_2repeat	0.05	0.4392	0.0634	0.0045	0.0	0.0	0.0	0.4578	0.5408	0.0847	0.006	0.6216	0.0163	0.0	0.5355	0.0166	0.0
40perc_2repeat	0.05	0.43	0.0732	0.0052	0.0	0.0	0.0	0.4578	0.5398	0.0868	0.0061	0.5896	0.0172	0.0	0.5167	0.018	0.0
15perc_5repeat	0.05	0.4345	0.073	0.0052	0.0	0.0	0.0	0.4552	0.5226	0.0844	0.006	0.5715	0.0199	0.0	0.517	0.0199	0.0
60perc_10repeat	0.05	0.4343	0.0699	0.0049	0.0	0.0	0.0	0.4567	0.5244	0.0836	0.0059	0.5623	0.02	0.0	0.5317	0.0205	0.0
40perc_10repeat	0.05	0.4447	0.0659	0.0047	0.0	0.0	0.0	0.4614	0.5261	0.0873	0.0062	0.6025	0.0203	0.0	0.5195	0.0214	0.0
50perc_10repeat	0.05	0.4445	0.0639	0.0045	0.0	0.0	0.0	0.458	0.5297	0.0886	0.0063	0.5648	0.0211	0.0	0.5448	0.0214	0.0
5perc_2repeat	0.2	0.398	0.0598	0.0042	0.0	0.0	0.0	0.4111	0.5302	0.0406	0.0029	0.6393	0.0057	0.0	0.5773	0.0057	0.0
50perc_2repeat	0.1	0.4257	0.0685	0.0048	0.0	0.0	0.0	0.444	0.5309	0.0577	0.0041	0.6307	0.0098	0.0	0.5732	0.0107	0.0
60perc_2repeat	0.1	0.4243	0.0628	0.0044	0.0	0.0	0.0	0.4427	0.5273	0.0594	0.0042	0.6283	0.0104	0.0	0.57	0.0102	0.0
70perc_2repeat	0.1	0.4196	0.0669	0.0047	0.0	0.0	0.0	0.441	0.5305	0.0588	0.0042	0.6273	0.0092	0.0	0.5594	0.0102	0.0
80perc_2repeat	0.1	0.4199	0.0645	0.0046	0.0	0.0	0.0	0.4382	0.5372	0.056	0.004	0.613	0.0103	0.0	0.5378	0.011	0.0
50perc_5repeat	0.1	0.4224	0.0671	0.0047	0.0	0.0	0.0	0.4413	0.5331	0.0592	0.0042	0.6191	0.0103	0.0	0.541	0.0113	0.0
40perc_10repeat	0.1	0.4141	0.0678	0.0048	0.0	0.0	0.0	0.4339	0.5244	0.0564	0.004	0.6125	0.0112	0.0	0.5607	0.0098	0.0
80perc_5repeat	0.1	0.4315	0.0608	0.0043	0.0	0.0	0.0	0.4486	0.5298	0.0579	0.0041	0.6251	0.0103	0.0	0.568	0.011	0.0
90perc_2repeat	0.1	0.4144	0.0699	0.0049	0.0	0.0	0.0	0.4367	0.5313	0.0601	0.0042	0.6117	0.0106	0.0	0.5473	0.0104	0.0
60perc_5repeat	0.1	0.4301	0.0655	0.0046	0.0	0.0	0.0	0.4491	0.531	0.0653	0.0046	0.6219	0.0104	0.0	0.565	0.0117	0.0
70perc_5repeat	0.1	0.426	0.0616	0.0044	0.0	0.0	0.0	0.4412	0.5299	0.06	0.0042	0.6283	0.0102	0.0	0.5489	0.0114	0.0
100perc_2repeat	0.1	0.4189	0.0691	0.0049	0.0	0.0	0.0	0.4367	0.5267	0.0613	0.0043	0.6094	0.0089	0.0	0.5665	0.0094	0.0
90perc_5repeat	0.1	0.4175	0.0677	0.0048	0.0	0.0	0.0	0.4369	0.5265	0.0584	0.0041	0.6212	0.0101	0.0	0.5534	0.0111	0.0
50perc_10repeat	0.1	0.4216	0.0668	0.0047	0.0	0.0	0.0	0.4431	0.5285	0.0624	0.0044	0.6117	0.0112	0.0	0.5445	0.0123	0.0
100perc_5repeat	0.1	0.4199	0.0691	0.0049	0.0	0.0	0.0	0.4375	0.5261	0.0624	0.0044	0.6074	0.0093	0.0	0.5503	0.0106	0.0
70perc_10repeat	0.1	0.4231	0.07	0.005	0.0	0.0	0.0	0.4435	0.5264	0.0657	0.0046	0.6231	0.0097	0.0	0.5656	0.0111	0.0
60perc_10repeat	0.1	0.422	0.0674	0.0048	0.0	0.0	0.0	0.4399	0.5258	0.0628	0.0044	0.6087	0.0109	0.0	0.567	0.0099	0.0
100perc_10repeat	0.1	0.414	0.0676	0.0048	0.0	0.0	0.0	0.4344	0.5291	0.0591	0.0042	0.6163	0.0093	0.0	0.5666	0.0097	0.0
90perc_10repeat	0.1	0.4295	0.0622	0.0044	0.0	0.0	0.0	0.4428	0.5356	0.0607	0.0043	0.6426	0.0098	0.0	0.5652	0.0111	0.0
80perc_10repeat	0.1	0.4262	0.0633	0.0045	0.0	0.0	0.0	0.4411	0.53	0.061	0.0043	0.6209	0.01	0.0	0.5529	0.0118	0.0
15perc_5repeat	0.2	0.4054	0.0588	0.0042	0.0	0.0	0.0	0.415	0.5293	0.0396	0.0028	0.6379	0.0054	0.0	0.5807	0.006	0.0
5perc_5repeat	0.2	0.4079	0.0567	0.004	0.0	0.0	0.0	0.4213	0.5242	0.0402	0.0028	0.6375	0.0057	0.0	0.5822	0.006	0.0
15perc_2repeat	0.2	0.4019	0.0599	0.0042	0.0	0.0	0.0	0.4139	0.5291	0.0386	0.0027	0.6351	0.0054	0.0	0.579	0.0053	0.0
5perc_10repeat	0.2	0.4064	0.0597	0.0042	0.0	0.0	0.0	0.4211	0.5259	0.0417	0.0029	0.6302	0.0051	0.0	0.5737	0.0058	0.0
15perc_10repeat	0.2	0.4066	0.0557	0.0039	0.0	0.0	0.0	0.4184	0.5253	0.0393	0.0028	0.6437	0.0056	0.0	0.5863	0.0055	0.0
5perc_2repeat	0.25	0.3853	0.0608	0.0043	0.0	0.0	0.0	0.3926	0.529	0.0345	0.0024	0.6395	0.004	0.0	0.5757	0.0046	0.0
15perc_2repeat	0.25	0.3895	0.0631	0.0045	0.0	0.0	0.0	0.3992	0.5268	0.036	0.0025	0.6439	0.0044	0.0	0.5848	0.0047	0.0
80perc_5repeat	0.2	0.4033	0.0592	0.0042	0.0	0.0	0.0	0.4192	0.5342	0.0408	0.0029	0.6386	0.0056	0.0	0.5705	0.0057	0.0
30perc_2repeat	0.25	0.3945	0.0618	0.0044	0.0	0.0	0.0	0.4115	0.527	0.0363	0.0026	0.64	0.0044	0.0	0.5792	0.0049	0.0
30perc_2repeat	0.2	0.4004	0.0592	0.0042	0.0	0.0	0.0	0.4118	0.5265	0.0398	0.0028	0.6387	0.0053	0.0	0.5823	0.0056	0.0
90perc_2repeat	0.2	0.4017	0.0602	0.0043	0.0	0.0	0.0	0.4126	0.5253	0.0423	0.003	0.6365	0.0055	0.0	0.5812	0.006	0.0
100perc_2repeat	0.2	0.4071	0.0576	0.0041	0.0	0.0	0.0	0.4163	0.5268	0.0413	0.0029	0.6409	0.0051	0.0	0.5822	0.0053	0.0
40perc_2repeat	0.25	0.3913	0.0592	0.0042	0.0	0.0	0.0	0.4038	0.5255	0.0345	0.0024	0.6439	0.0042	0.0	0.581	0.0048	0.0
5perc_5repeat	0.25	0.3917	0.0601	0.0042	0.0	0.0	0.0	0.4035	0.5294	0.0356	0.0025	0.6424	0.0042	0.0	0.5829	0.0048	0.0
90perc_5repeat	0.2	0.4039	0.0564	0.004	0.0	0.0	0.0	0.4144	0.5313	0.0399	0.0028	0.6524	0.0049	0.0	0.5815	0.0059	0.0
15perc_5repeat	0.25	0.397	0.0601	0.0042	0.0	0.0	0.0	0.4061	0.5289	0.035	0.0025	0.6448	0.0046	0.0	0.5846	0.0048	0.0
100perc_5repeat	0.2	0.3983	0.0645	0.0046	0.0	0.0	0.0	0.4059	0.526	0.0411	0.0029	0.6349	0.0049	0.0	0.5803	0.0057	0.0
30perc_5repeat	0.25	0.3938	0.0588	0.0042	0.0	0.0	0.0	0.4048	0.5309	0.0363	0.0026	0.6451	0.0043	0.0	0.5814	0.0048	0.0
80perc_10repeat	0.2	0.4033	0.0607	0.0043	0.0	0.0	0.0	0.4142	0.5294	0.0411	0.0029	0.6346	0.0056	0.0	0.5803	0.0059	0.0
40perc_2repeat	0.2	0.4052	0.0565	0.004	0.0	0.0	0.0	0.4173	0.5307	0.0381	0.0027	0.6399	0.0053	0.0	0.5791	0.0056	0.0
40perc_5repeat	0.25	0.3911	0.0635	0.0045	0.0	0.0	0.0	0.4045	0.5285	0.0382	0.0027	0.6389	0.0042	0.0	0.5763	0.0049	0.0
30perc_5repeat	0.2	0.4056	0.0604	0.0043	0.0	0.0	0.0	0.4187	0.5325	0.0407	0.0029	0.6397	0.0054	0.0	0.5746	0.0061	0.0
70perc_2repeat	0.2	0.4088	0.0602	0.0043	0.0	0.0	0.0	0.423	0.5286	0.0461	0.0033	0.6424	0.0055	0.0	0.5836	0.0059	0.0
100perc_10repeat	0.2	0.4022	0.0627	0.0044	0.0	0.0	0.0	0.4123	0.5263	0.0414	0.0029	0.6356	0.0056	0.0	0.5867	0.0051	0.0
50perc_2repeat	0.2	0.4054	0.0571	0.004	0.0	0.0	0.0	0.4183	0.5291	0.0411	0.0029	0.6465	0.0053	0.0	0.573	0.0065	0.0
90perc_10repeat	0.2	0.4071	0.0583	0.0041	0.0	0.0	0.0	0.4203	0.5238	0.0425	0.003	0.6342	0.0054	0.0	0.5796	0.0059	0.0
5perc_10repeat	0.25	0.385	0.0592	0.0042	0.0	0.0	0.0	0.3995	0.5256	0.0325	0.0023	0.6437	0.0044	0.0	0.5829	0.005	0.0
15perc_10repeat	0.25	0.3966	0.0564	0.004	0.0	0.0	0.0	0.4083	0.5286	0.0344	0.0024	0.6421	0.0043	0.0	0.5823	0.0045	0.0
80perc_2repeat	0.2	0.4031	0.062	0.0044	0.0	0.0	0.0	0.4149	0.5239	0.0402	0.0028	0.6331	0.0053	0.0	0.5897	0.0058	0.0
60perc_2repeat	0.2	0.4026	0.0597	0.0042	0.0	0.0	0.0	0.4144	0.5289	0.0389	0.0028	0.6381	0.0055	0.0	0.5772	0.0061	0.0
50perc_5repeat	0.2	0.4053	0.0644	0.0046	0.0	0.0	0.0	0.4242	0.5308	0.041	0.0029	0.6388	0.0061	0.0	0.5745	0.0061	0.0
40perc_5repeat	0.2	0.4018	0.0606	0.0043	0.0	0.0	0.0	0.4139	0.529	0.0423	0.003	0.6312	0.0051	0.0	0.5773	0.0056	0.0
30perc_10repeat	0.25	0.3915	0.0591	0.0042	0.0	0.0	0.0	0.4056	0.5286	0.0362	0.0026	0.64	0.0047	0.0	0.5889	0.0044	0.0
60perc_5repeat	0.2	0.3996	0.0633	0.0045	0.0	0.0	0.0	0.4181	0.5313	0.0371	0.0026	0.6307	0.0054	0.0	0.5711	0.0062	0.0
40perc_10repeat	0.25	0.3821	0.0682	0.0048	0.0	0.0	0.0	0.3938	0.5202	0.0352	0.0025	0.6276	0.0046	0.0	0.5829	0.0046	0.0
30perc_10repeat	0.2	0.3976	0.0633	0.0045	0.0	0.0	0.0	0.4094	0.5272	0.0387	0.0027	0.64	0.005	0.0	0.5764	0.0058	0.0
70perc_5repeat	0.2	0.4113	0.0591	0.0042	0.0	0.0	0.0	0.4213	0.5282	0.0413	0.0029	0.6422	0.0055	0.0	0.5826	0.0065	0.0
50perc_10repeat	0.2	0.4118	0.0546	0.0039	0.0	0.0	0.0	0.4196	0.5261	0.0414	0.0029	0.6363	0.0053	0.0	0.5845	0.0057	0.0
40perc_10repeat	0.2	0.3952	0.0639	0.0045	0.0	0.0	0.0	0.4106	0.5255	0.038	0.0027	0.6298	0.0053	0.0	0.5772	0.0054	0.0
70perc_10repeat	0.2	0.4036	0.061	0.0043	0.0	0.0	0.0	0.4154	0.5288	0.0399	0.0028	0.6417	0.0053	0.0	0.5818	0.0057	0.0
60perc_10repeat	0.2	0.4078	0.0546	0.0039	0.0	0.0	0.0	0.4179	0.5297	0.0407	0.0029	0.6413	0.0055	0.0	0.5782	0.0056	0.0
50perc_2repeat	0.25	0.3905	0.0613	0.0043	0.0	0.0	0.0	0.4031	0.5289	0.0366	0.0026	0.6444	0.005	0.0	0.5785	0.0045	0.0
50perc_5repeat	0.25	0.394	0.0603	0.0043	0.0	0.0	0.0	0.4088	0.5288	0.0373	0.0026	0.6473	0.0042	0.0	0.5793	0.0047	0.0
60perc_2repeat	0.25	0.3866	0.0634	0.0045	0.0	0.0	0.0	0.4014	0.5264	0.0376	0.0027	0.6364	0.0045	0.0	0.581	0.0047	0.0
50perc_10repeat	0.25	0.3863	0.0669	0.0047	0.0	0.0	0.0	0.3994	0.5245	0.0375	0.0026	0.6351	0.0047	0.0	0.5876	0.0044	0.0
60perc_5repeat	0.25	0.3936	0.0582	0.0041	0.0	0.0	0.0	0.4059	0.5271	0.0342	0.0024	0.6441	0.0045	0.0	0.5814	0.0048	0.0
70perc_2repeat	0.25	0.3962	0.0586	0.0041	0.0	0.0	0.0	0.4086	0.5284	0.0371	0.0026	0.643	0.0045	0.0	0.5784	0.0048	0.0
5perc_2repeat	0.3	0.3794	0.0615	0.0044	0.0	0.0	0.0	0.3937	0.5279	0.0318	0.0022	0.6448	0.0036	0.0	0.5812	0.004	0.0
90perc_2repeat	0.25	0.384	0.0642	0.0045	0.0	0.0	0.0	0.3952	0.5264	0.034	0.0024	0.636	0.0044	0.0	0.5808	0.0044	0.0
70perc_5repeat	0.25	0.3836	0.0653	0.0046	0.0	0.0	0.0	0.3971	0.5269	0.0325	0.0023	0.64	0.0046	0.0	0.5898	0.0049	0.0
100perc_2repeat	0.25	0.3866	0.0612	0.0043	0.0	0.0	0.0	0.4003	0.5286	0.0334	0.0024	0.6434	0.0042	0.0	0.5829	0.0046	0.0
80perc_5repeat	0.25	0.3975	0.0562	0.004	0.0	0.0	0.0	0.4063	0.5263	0.0356	0.0025	0.644	0.0044	0.0	0.5889	0.0053	0.0
90perc_5repeat	0.25	0.3885	0.0672	0.0048	0.0	0.0	0.0	0.4031	0.5283	0.0348	0.0025	0.6402	0.0048	0.0	0.5839	0.0054	0.0
40perc_2repeat	0.3	0.3758	0.0661	0.0047	0.0	0.0	0.0	0.3882	0.5272	0.0318	0.0023	0.6386	0.0037	0.0	0.5823	0.0044	0.0
100perc_5repeat	0.25	0.3901	0.0632	0.0045	0.0	0.0	0.0	0.4074	0.5298	0.0352	0.0025	0.6414	0.0041	0.0	0.5831	0.0047	0.0
60perc_10repeat	0.25	0.3884	0.0621	0.0044	0.0	0.0	0.0	0.3986	0.5238	0.0335	0.0024	0.6381	0.0047	0.0	0.5831	0.0049	0.0
70perc_10repeat	0.25	0.3943	0.0613	0.0043	0.0	0.0	0.0	0.4098	0.5253	0.0363	0.0026	0.6398	0.0046	0.0	0.5808	0.0044	0.0
30perc_5repeat	0.3	0.3759	0.0652	0.0046	0.0	0.0	0.0	0.3809	0.5301	0.0322	0.0023	0.6424	0.0035	0.0	0.5766	0.0042	0.0
80perc_10repeat	0.25	0.3801	0.0626	0.0044	0.0	0.0	0.0	0.3916	0.5238	0.0321	0.0023	0.6294	0.0048	0.0	0.5763	0.0044	0.0
90perc_10repeat	0.25	0.3851	0.0664	0.0047	0.0	0.0	0.0	0.3944	0.526	0.0355	0.0025	0.6321	0.0049	0.0	0.5792	0.0048	0.0
60perc_5repeat	0.3	0.3745	0.0629	0.0044	0.0	0.0	0.0	0.3839	0.5299	0.0291	0.0021	0.6377	0.0038	0.0	0.5799	0.0038	0.0
100perc_10repeat	0.25	0.3953	0.0539	0.0038	0.0	0.0	0.0	0.402	0.5247	0.0358	0.0025	0.6459	0.004	0.0	0.582	0.0045	0.0
5perc_10repeat	0.3	0.3783	0.0686	0.0048	0.0	0.0	0.0	0.3922	0.5254	0.0314	0.0022	0.6414	0.0036	0.0	0.5858	0.0039	0.0
15perc_10repeat	0.3	0.3766	0.0634	0.0045	0.0	0.0	0.0	0.3854	0.5272	0.0334	0.0024	0.6399	0.0035	0.0	0.5849	0.0038	0.0
30perc_10repeat	0.3	0.3752	0.0666	0.0047	0.0	0.0	0.0	0.3918	0.5284	0.0313	0.0022	0.6453	0.0035	0.0	0.58	0.004	0.0
50perc_10repeat	0.3	0.3755	0.0603	0.0043	0.0	0.0	0.0	0.3867	0.5267	0.0305	0.0022	0.645	0.0035	0.0	0.5856	0.004	0.0
80perc_2repeat	0.25	0.3886	0.0569	0.004	0.0	0.0	0.0	0.3995	0.5265	0.0322	0.0023	0.6397	0.0041	0.0	0.5798	0.0053	0.0
15perc_2repeat	0.3	0.3718	0.064	0.0045	0.0	0.0	0.0	0.3827	0.5269	0.0292	0.0021	0.6399	0.0036	0.0	0.585	0.0038	0.0
30perc_2repeat	0.3	0.3718	0.0647	0.0046	0.0	0.0	0.0	0.3878	0.5242	0.0313	0.0022	0.6354	0.0038	0.0	0.5851	0.0039	0.0
50perc_2repeat	0.3	0.3689	0.0654	0.0046	0.0	0.0	0.0	0.3792	0.5299	0.0281	0.002	0.642	0.0037	0.0	0.5806	0.0038	0.0
60perc_2repeat	0.3	0.3664	0.0652	0.0046	0.0	0.0	0.0	0.3852	0.5294	0.0286	0.002	0.6415	0.0035	0.0	0.5826	0.0038	0.0
5perc_5repeat	0.3	0.3775	0.0649	0.0046	0.0	0.0	0.0	0.3909	0.5262	0.0312	0.0022	0.6409	0.0037	0.0	0.5841	0.004	0.0
70perc_2repeat	0.3	0.3782	0.0603	0.0043	0.0	0.0	0.0	0.3874	0.5293	0.0314	0.0022	0.6425	0.0038	0.0	0.5861	0.0039	0.0
15perc_5repeat	0.3	0.3741	0.0631	0.0045	0.0	0.0	0.0	0.3785	0.5241	0.0314	0.0022	0.6394	0.0034	0.0	0.5897	0.0041	0.0
40perc_5repeat	0.3	0.3759	0.0631	0.0045	0.0	0.0	0.0	0.3913	0.5269	0.0313	0.0022	0.6465	0.0036	0.0	0.5917	0.0038	0.0
50perc_5repeat	0.3	0.3759	0.0639	0.0045	0.0	0.0	0.0	0.3886	0.5285	0.0332	0.0023	0.6444	0.0039	0.0	0.5873	0.0038	0.0
80perc_2repeat	0.3	0.3716	0.0691	0.0049	0.0	0.0	0.0	0.3871	0.5259	0.0325	0.0023	0.6369	0.0037	0.0	0.5821	0.0039	0.0
70perc_5repeat	0.3	0.3717	0.0634	0.0045	0.0	0.0	0.0	0.3792	0.5271	0.0315	0.0022	0.6411	0.0037	0.0	0.5847	0.0041	0.0
90perc_2repeat	0.3	0.3695	0.0638	0.0045	0.0	0.0	0.0	0.3843	0.5262	0.0298	0.0021	0.6362	0.0037	0.0	0.5809	0.0041	0.0
40perc_10repeat	0.3	0.3731	0.0678	0.0048	0.0	0.0	0.0	0.3934	0.5278	0.0317	0.0022	0.6379	0.0037	0.0	0.5796	0.0041	0.0
80perc_5repeat	0.3	0.3704	0.0656	0.0046	0.0	0.0	0.0	0.3863	0.5261	0.0304	0.0022	0.6454	0.0036	0.0	0.5825	0.0042	0.0
60perc_10repeat	0.3	0.3785	0.0646	0.0046	0.0	0.0	0.0	0.3921	0.5285	0.0322	0.0023	0.6415	0.0039	0.0	0.5761	0.004	0.0
5perc_2repeat	0.35	0.3593	0.067	0.0047	0.0	0.0	0.0	0.3701	0.5274	0.0276	0.002	0.6385	0.0031	0.0	0.583	0.0031	0.0
70perc_10repeat	0.3	0.3708	0.0589	0.0042	0.0	0.0	0.0	0.377	0.5249	0.0283	0.002	0.6462	0.0035	0.0	0.5856	0.0038	0.0
15perc_2repeat	0.35	0.3578	0.0665	0.0047	0.0	0.0	0.0	0.3704	0.5256	0.0265	0.0019	0.6395	0.0032	0.0	0.5821	0.0036	0.0
90perc_5repeat	0.3	0.371	0.0683	0.0048	0.0	0.0	0.0	0.3849	0.5234	0.0305	0.0022	0.6392	0.0038	0.0	0.592	0.0039	0.0
100perc_5repeat	0.3	0.3751	0.064	0.0045	0.0	0.0	0.0	0.3805	0.5289	0.0311	0.0022	0.6451	0.0033	0.0	0.5821	0.0041	0.0
100perc_2repeat	0.3	0.3717	0.0639	0.0045	0.0	0.0	0.0	0.38	0.5218	0.0292	0.0021	0.6337	0.0039	0.0	0.5877	0.0038	0.0
30perc_2repeat	0.35	0.3513	0.066	0.0047	0.0	0.0	0.0	0.359	0.5261	0.0273	0.0019	0.642	0.0032	0.0	0.5895	0.0033	0.0
5perc_5repeat	0.35	0.3509	0.0619	0.0044	0.0	0.0	0.0	0.3558	0.5255	0.0249	0.0018	0.6367	0.0031	0.0	0.5857	0.0032	0.0
80perc_10repeat	0.3	0.382	0.0628	0.0044	0.0	0.0	0.0	0.3934	0.5262	0.0336	0.0024	0.6402	0.0036	0.0	0.5892	0.0044	0.0
40perc_2repeat	0.35	0.3597	0.0651	0.0046	0.0	0.0	0.0	0.3697	0.5251	0.0291	0.0021	0.6429	0.0031	0.0	0.5891	0.0034	0.0
15perc_5repeat	0.35	0.3616	0.0666	0.0047	0.0	0.0	0.0	0.3747	0.529	0.029	0.002	0.6395	0.0033	0.0	0.5799	0.0032	0.0
50perc_2repeat	0.35	0.3658	0.0651	0.0046	0.0	0.0	0.0	0.3797	0.5266	0.027	0.0019	0.6424	0.0034	0.0	0.5868	0.0033	0.0
30perc_5repeat	0.35	0.3584	0.0681	0.0048	0.0	0.0	0.0	0.3699	0.5293	0.0269	0.0019	0.6428	0.003	0.0	0.5831	0.0035	0.0
40perc_5repeat	0.35	0.3615	0.0674	0.0048	0.0	0.0	0.0	0.3731	0.5226	0.0287	0.002	0.6355	0.0036	0.0	0.5821	0.0033	0.0
100perc_10repeat	0.3	0.3747	0.0632	0.0045	0.0	0.0	0.0	0.3844	0.5279	0.029	0.0021	0.6426	0.0034	0.0	0.5855	0.0038	0.0
60perc_2repeat	0.35	0.3551	0.0656	0.0046	0.0	0.0	0.0	0.368	0.5253	0.0272	0.0019	0.6427	0.0031	0.0	0.5928	0.0035	0.0
5perc_10repeat	0.35	0.3709	0.0661	0.0047	0.0	0.0	0.0	0.3866	0.5292	0.0282	0.002	0.6469	0.0034	0.0	0.582	0.0034	0.0
50perc_5repeat	0.35	0.3616	0.0668	0.0047	0.0	0.0	0.0	0.3728	0.5267	0.0295	0.0021	0.6451	0.0033	0.0	0.5903	0.0036	0.0
90perc_10repeat	0.3	0.3741	0.064	0.0045	0.0	0.0	0.0	0.383	0.5262	0.0297	0.0021	0.636	0.0041	0.0	0.5885	0.0043	0.0
15perc_10repeat	0.35	0.3544	0.066	0.0047	0.0	0.0	0.0	0.3648	0.5275	0.0252	0.0018	0.6436	0.0031	0.0	0.5861	0.0033	0.0
60perc_5repeat	0.35	0.3568	0.0661	0.0047	0.0	0.0	0.0	0.3663	0.5252	0.0271	0.0019	0.644	0.0031	0.0	0.592	0.0035	0.0
30perc_10repeat	0.35	0.3628	0.0648	0.0046	0.0	0.0	0.0	0.3759	0.5314	0.0253	0.0018	0.6501	0.0031	0.0	0.5812	0.0031	0.0
40perc_10repeat	0.35	0.3639	0.0646	0.0046	0.0	0.0	0.0	0.3765	0.5277	0.0273	0.0019	0.6465	0.0031	0.0	0.5896	0.0036	0.0
50perc_10repeat	0.35	0.3616	0.0691	0.0049	0.0	0.0	0.0	0.3743	0.5243	0.0287	0.002	0.6415	0.0034	0.0	0.591	0.0033	0.0
60perc_10repeat	0.35	0.363	0.0659	0.0047	0.0	0.0	0.0	0.3753	0.5306	0.0295	0.0021	0.6459	0.0032	0.0	0.5816	0.0034	0.0
30perc_2repeat	0.4	0.3482	0.068	0.0048	0.0	0.0	0.0	0.36	0.5267	0.0252	0.0018	0.6431	0.003	0.0	0.5834	0.0033	0.0
5perc_2repeat	0.4	0.3399	0.0643	0.0045	0.0	0.0	0.0	0.3438	0.5246	0.0235	0.0017	0.6415	0.0027	0.0	0.5896	0.0029	0.0
15perc_5repeat	0.4	0.3446	0.0673	0.0048	0.0	0.0	0.0	0.3545	0.5268	0.0246	0.0017	0.6406	0.0029	0.0	0.5889	0.0029	0.0
60perc_2repeat	0.4	0.343	0.0629	0.0045	0.0	0.0	0.0	0.3454	0.5259	0.0233	0.0016	0.6434	0.0027	0.0	0.5844	0.0031	0.0
70perc_2repeat	0.35	0.3598	0.0662	0.0047	0.0	0.0	0.0	0.3742	0.5277	0.0292	0.0021	0.6429	0.0032	0.0	0.586	0.0035	0.0
40perc_5repeat	0.4	0.3329	0.0682	0.0048	0.0	0.0	0.0	0.3337	0.5265	0.0245	0.0017	0.6419	0.0027	0.0	0.5876	0.0032	0.0
70perc_2repeat	0.4	0.3357	0.0679	0.0048	0.0	0.0	0.0	0.3353	0.525	0.0241	0.0017	0.6418	0.0027	0.0	0.5894	0.0028	0.0
50perc_5repeat	0.4	0.3328	0.0706	0.005	0.0	0.0	0.0	0.3358	0.5266	0.0242	0.0017	0.6377	0.0028	0.0	0.5876	0.0028	0.0
40perc_2repeat	0.4	0.3431	0.0651	0.0046	0.0	0.0	0.0	0.3466	0.528	0.0227	0.0016	0.6468	0.0026	0.0	0.5846	0.003	0.0
90perc_2repeat	0.4	0.3442	0.0693	0.0049	0.0	0.0	0.0	0.3582	0.5284	0.0247	0.0017	0.64	0.0029	0.0	0.5846	0.0028	0.0
40perc_10repeat	0.4	0.3447	0.0702	0.005	0.0	0.0	0.0	0.3508	0.5253	0.0277	0.002	0.6382	0.0032	0.0	0.585	0.0029	0.0
50perc_2repeat	0.4	0.348	0.0663	0.0047	0.0	0.0	0.0	0.354	0.5279	0.0248	0.0018	0.6432	0.0028	0.0	0.5846	0.0031	0.0
100perc_2repeat	0.35	0.3574	0.0655	0.0046	0.0	0.0	0.0	0.3734	0.5286	0.0275	0.0019	0.6399	0.0032	0.0	0.5788	0.0031	0.0
50perc_10repeat	0.4	0.3478	0.0686	0.0049	0.0	0.0	0.0	0.3605	0.5297	0.0231	0.0016	0.6501	0.0028	0.0	0.5846	0.0028	0.0
80perc_5repeat	0.35	0.3632	0.0639	0.0045	0.0	0.0	0.0	0.3754	0.5289	0.0273	0.0019	0.6469	0.0032	0.0	0.5849	0.0035	0.0
90perc_5repeat	0.35	0.3637	0.0708	0.005	0.0	0.0	0.0	0.3766	0.5258	0.0286	0.002	0.6434	0.0034	0.0	0.5845	0.0034	0.0
100perc_2repeat	0.4	0.3431	0.0638	0.0045	0.0	0.0	0.0	0.3537	0.5271	0.0231	0.0016	0.6442	0.0026	0.0	0.5846	0.0027	0.0
90perc_5repeat	0.4	0.346	0.0666	0.0047	0.0	0.0	0.0	0.352	0.5284	0.0248	0.0018	0.6433	0.0028	0.0	0.5851	0.003	0.0
15perc_2repeat	0.4	0.3467	0.0653	0.0046	0.0	0.0	0.0	0.3525	0.5265	0.0247	0.0017	0.6441	0.0028	0.0	0.591	0.0029	0.0
60perc_10repeat	0.4	0.3507	0.0666	0.0047	0.0	0.0	0.0	0.3648	0.5277	0.0245	0.0017	0.6459	0.0027	0.0	0.5782	0.003	0.0
70perc_10repeat	0.4	0.3346	0.0704	0.005	0.0	0.0	0.0	0.3446	0.5261	0.0246	0.0017	0.6423	0.0029	0.0	0.5864	0.003	0.0
100perc_5repeat	0.35	0.3616	0.0696	0.0049	0.0	0.0	0.0	0.3747	0.527	0.03	0.0021	0.6404	0.0033	0.0	0.5823	0.0034	0.0
70perc_10repeat	0.35	0.3541	0.068	0.0048	0.0	0.0	0.0	0.3675	0.5259	0.0282	0.002	0.6409	0.0033	0.0	0.5833	0.0033	0.0
80perc_10repeat	0.4	0.3487	0.0634	0.0045	0.0	0.0	0.0	0.3564	0.5279	0.0246	0.0017	0.6443	0.0027	0.0	0.5828	0.0033	0.0
80perc_5repeat	0.4	0.3542	0.0637	0.0045	0.0	0.0	0.0	0.3627	0.5277	0.0254	0.0018	0.6474	0.003	0.0	0.5885	0.0032	0.0
5perc_5repeat	0.4	0.3475	0.0707	0.005	0.0	0.0	0.0	0.3578	0.5299	0.0251	0.0018	0.6469	0.0027	0.0	0.5861	0.003	0.0
100perc_5repeat	0.4	0.3438	0.0656	0.0046	0.0	0.0	0.0	0.3501	0.5249	0.0249	0.0018	0.6449	0.003	0.0	0.5894	0.0028	0.0
80perc_10repeat	0.35	0.3622	0.0588	0.0042	0.0	0.0	0.0	0.373	0.5289	0.0244	0.0017	0.6468	0.0028	0.0	0.5861	0.0034	0.0
90perc_10repeat	0.4	0.3421	0.0653	0.0046	0.0	0.0	0.0	0.3499	0.5266	0.0233	0.0016	0.6438	0.0028	0.0	0.5892	0.003	0.0
90perc_10repeat	0.35	0.3553	0.0679	0.0048	0.0	0.0	0.0	0.3679	0.5254	0.0269	0.0019	0.6387	0.0032	0.0	0.5828	0.0036	0.0
100perc_10repeat	0.35	0.3481	0.0676	0.0048	0.0	0.0	0.0	0.3517	0.5265	0.0263	0.0019	0.6386	0.003	0.0	0.5854	0.0032	0.0
5perc_10repeat	0.4	0.3492	0.0652	0.0046	0.0	0.0	0.0	0.3658	0.5304	0.0229	0.0016	0.6462	0.0027	0.0	0.5809	0.0031	0.0
15perc_10repeat	0.4	0.3483	0.0649	0.0046	0.0	0.0	0.0	0.356	0.5266	0.0257	0.0018	0.6418	0.0028	0.0	0.5841	0.003	0.0
5perc_2repeat	0.45	0.3322	0.0648	0.0046	0.0	0.0	0.0	0.3383	0.5285	0.021	0.0015	0.6458	0.0024	0.0	0.5842	0.0024	0.0
5perc_5repeat	0.45	0.3377	0.065	0.0046	0.0	0.0	0.0	0.3428	0.5298	0.0221	0.0016	0.6476	0.0022	0.0	0.581	0.0026	0.0
30perc_2repeat	0.45	0.3296	0.0676	0.0048	0.0	0.0	0.0	0.3359	0.5259	0.024	0.0017	0.6433	0.0024	0.0	0.5871	0.0027	0.0
15perc_5repeat	0.45	0.3263	0.0649	0.0046	0.0	0.0	0.0	0.3314	0.5253	0.0208	0.0015	0.6397	0.0026	0.0	0.5878	0.0026	0.0
100perc_10repeat	0.4	0.338	0.068	0.0048	0.0	0.0	0.0	0.3488	0.5267	0.0251	0.0018	0.639	0.0024	0.0	0.5847	0.003	0.0
60perc_2repeat	0.45	0.3188	0.0688	0.0049	0.0	0.0	0.0	0.3069	0.5249	0.022	0.0016	0.6389	0.0027	0.0	0.5897	0.0027	0.0
40perc_5repeat	0.45	0.3335	0.0655	0.0046	0.0	0.0	0.0	0.3432	0.5286	0.0203	0.0014	0.6468	0.0025	0.0	0.5859	0.0027	0.0
90perc_2repeat	0.45	0.3283	0.0651	0.0046	0.0	0.0	0.0	0.3304	0.5262	0.0213	0.0015	0.6462	0.0024	0.0	0.5873	0.0025	0.0
60perc_5repeat	0.45	0.3316	0.0651	0.0046	0.0	0.0	0.0	0.3327	0.5281	0.0219	0.0015	0.6456	0.0024	0.0	0.5861	0.0026	0.0
5perc_10repeat	0.45	0.3377	0.0676	0.0048	0.0	0.0	0.0	0.345	0.5311	0.0214	0.0015	0.6489	0.0025	0.0	0.5831	0.0028	0.0
5perc_2repeat	0.5	0.3153	0.0673	0.0048	0.0	0.0	0.0	0.3217	0.5276	0.0194	0.0014	0.6415	0.0023	0.0	0.5832	0.0023	0.0
80perc_2repeat	0.4	0.3391	0.0684	0.0048	0.0	0.0	0.0	0.345	0.5265	0.025	0.0018	0.6405	0.0029	0.0	0.589	0.0029	0.0
100perc_2repeat	0.45	0.3353	0.0681	0.0048	0.0	0.0	0.0	0.3391	0.5303	0.0225	0.0016	0.6454	0.0025	0.0	0.5815	0.0026	0.0
15perc_10repeat	0.45	0.3336	0.0663	0.0047	0.0	0.0	0.0	0.337	0.5291	0.0223	0.0016	0.6443	0.0026	0.0	0.5827	0.0026	0.0
15perc_2repeat	0.5	0.3161	0.0679	0.0048	0.0	0.0	0.0	0.313	0.5288	0.0204	0.0014	0.6463	0.0021	0.0	0.5865	0.0023	0.0
30perc_5repeat	0.45	0.3262	0.0675	0.0048	0.0	0.0	0.0	0.33	0.5273	0.0212	0.0015	0.6432	0.0024	0.0	0.5869	0.0026	0.0
30perc_10repeat	0.45	0.3283	0.0675	0.0048	0.0	0.0	0.0	0.3399	0.525	0.0238	0.0017	0.6404	0.0024	0.0	0.588	0.0027	0.0
70perc_2repeat	0.45	0.3318	0.068	0.0048	0.0	0.0	0.0	0.3366	0.5277	0.0232	0.0016	0.6443	0.0027	0.0	0.5857	0.0028	0.0
40perc_10repeat	0.45	0.3334	0.0685	0.0048	0.0	0.0	0.0	0.3383	0.5296	0.0213	0.0015	0.6472	0.0024	0.0	0.5847	0.0028	0.0
60perc_10repeat	0.45	0.332	0.0658	0.0047	0.0	0.0	0.0	0.3369	0.5261	0.0235	0.0017	0.6408	0.0026	0.0	0.5856	0.0028	0.0
50perc_5repeat	0.45	0.3236	0.0672	0.0047	0.0	0.0	0.0	0.3292	0.5281	0.022	0.0016	0.6428	0.0023	0.0	0.5864	0.0027	0.0
15perc_2repeat	0.45	0.3284	0.0682	0.0048	0.0	0.0	0.0	0.341	0.5247	0.0215	0.0015	0.645	0.0025	0.0	0.5871	0.0024	0.0
70perc_10repeat	0.45	0.3287	0.0626	0.0044	0.0	0.0	0.0	0.3297	0.5244	0.0219	0.0015	0.6426	0.0027	0.0	0.587	0.0026	0.0
80perc_10repeat	0.45	0.3333	0.0651	0.0046	0.0	0.0	0.0	0.3393	0.5285	0.021	0.0015	0.6445	0.0026	0.0	0.5876	0.0027	0.0
90perc_10repeat	0.45	0.3382	0.0667	0.0047	0.0	0.0	0.0	0.3437	0.5294	0.0238	0.0017	0.6477	0.0025	0.0	0.5843	0.0029	0.0
40perc_2repeat	0.45	0.3265	0.0687	0.0049	0.0	0.0	0.0	0.3326	0.5264	0.0214	0.0015	0.6437	0.0026	0.0	0.5855	0.0026	0.0
5perc_5repeat	0.5	0.3171	0.0612	0.0043	0.0	0.0	0.0	0.3139	0.527	0.0197	0.0014	0.645	0.0021	0.0	0.5882	0.0023	0.0
50perc_2repeat	0.45	0.3318	0.0696	0.0049	0.0	0.0	0.0	0.3397	0.5281	0.0238	0.0017	0.6456	0.0024	0.0	0.5857	0.0026	0.0
15perc_10repeat	0.5	0.3175	0.0689	0.0049	0.0	0.0	0.0	0.316	0.527	0.0201	0.0014	0.6441	0.0021	0.0	0.5845	0.0025	0.0
80perc_2repeat	0.45	0.3254	0.0672	0.0048	0.0	0.0	0.0	0.3296	0.5263	0.0216	0.0015	0.6413	0.0024	0.0	0.5876	0.0028	0.0
70perc_5repeat	0.45	0.332	0.0606	0.0043	0.0	0.0	0.0	0.3332	0.5267	0.0206	0.0015	0.6435	0.0025	0.0	0.5878	0.0026	0.0
30perc_2repeat	0.5	0.316	0.0612	0.0043	0.0	0.0	0.0	0.3209	0.527	0.0185	0.0013	0.6463	0.0021	0.0	0.5858	0.0023	0.0
80perc_5repeat	0.45	0.3374	0.065	0.0046	0.0	0.0	0.0	0.3441	0.5304	0.0219	0.0015	0.6454	0.0027	0.0	0.5807	0.0025	0.0
90perc_5repeat	0.45	0.3338	0.0657	0.0046	0.0	0.0	0.0	0.3445	0.5262	0.0219	0.0015	0.6379	0.0028	0.0	0.5837	0.0026	0.0
50perc_2repeat	0.5	0.3142	0.0654	0.0046	0.0	0.0	0.0	0.3142	0.5262	0.0215	0.0015	0.6426	0.0023	0.0	0.591	0.0024	0.0
100perc_5repeat	0.45	0.331	0.0664	0.0047	0.0	0.0	0.0	0.3411	0.5253	0.0233	0.0017	0.6401	0.0026	0.0	0.5893	0.0028	0.0
50perc_10repeat	0.45	0.3389	0.0697	0.0049	0.0	0.0	0.0	0.3392	0.5303	0.0218	0.0015	0.6512	0.0024	0.0	0.5876	0.0029	0.0
60perc_2repeat	0.5	0.3242	0.0654	0.0046	0.0	0.0	0.0	0.3311	0.5283	0.0214	0.0015	0.65	0.0022	0.0	0.5898	0.0024	0.0
15perc_5repeat	0.5	0.3229	0.0644	0.0046	0.0	0.0	0.0	0.3197	0.5275	0.0225	0.0016	0.6484	0.0023	0.0	0.5909	0.0023	0.0
30perc_5repeat	0.5	0.3121	0.0659	0.0047	0.0	0.0	0.0	0.3024	0.5257	0.0213	0.0015	0.6382	0.0021	0.0	0.5878	0.0025	0.0
40perc_2repeat	0.5	0.3119	0.0659	0.0047	0.0	0.0	0.0	0.319	0.5252	0.0193	0.0014	0.6442	0.0022	0.0	0.5892	0.0024	0.0
50perc_5repeat	0.5	0.3231	0.0646	0.0046	0.0	0.0	0.0	0.3225	0.5292	0.0199	0.0014	0.6472	0.0022	0.0	0.5851	0.0023	0.0
70perc_2repeat	0.5	0.3123	0.0604	0.0043	0.0	0.0	0.0	0.3184	0.5251	0.0197	0.0014	0.6415	0.002	0.0	0.5879	0.0024	0.0
80perc_2repeat	0.5	0.3126	0.0657	0.0046	0.0	0.0	0.0	0.3148	0.527	0.0199	0.0014	0.6413	0.0022	0.0	0.5854	0.0024	0.0
40perc_5repeat	0.5	0.3271	0.0676	0.0048	0.0	0.0	0.0	0.3301	0.5303	0.0199	0.0014	0.6473	0.0023	0.0	0.5791	0.0026	0.0
60perc_5repeat	0.5	0.3188	0.0637	0.0045	0.0	0.0	0.0	0.3238	0.5287	0.0198	0.0014	0.6437	0.0021	0.0	0.584	0.0024	0.0
5perc_10repeat	0.5	0.3157	0.0627	0.0044	0.0	0.0	0.0	0.3133	0.5269	0.0196	0.0014	0.6451	0.0022	0.0	0.5873	0.0022	0.0
40perc_10repeat	0.5	0.3179	0.0663	0.0047	0.0	0.0	0.0	0.3208	0.5276	0.0205	0.0014	0.6447	0.0021	0.0	0.584	0.0022	0.0
100perc_10repeat	0.45	0.3303	0.0676	0.0048	0.0	0.0	0.0	0.3406	0.5292	0.021	0.0015	0.6459	0.0026	0.0	0.5852	0.0023	0.0
70perc_5repeat	0.5	0.3181	0.0655	0.0046	0.0	0.0	0.0	0.3235	0.5265	0.0204	0.0014	0.6418	0.0023	0.0	0.5857	0.0025	0.0
100perc_2repeat	0.5	0.3208	0.0607	0.0043	0.0	0.0	0.0	0.3249	0.5259	0.0203	0.0014	0.6435	0.0021	0.0	0.5909	0.0025	0.0
80perc_5repeat	0.5	0.3219	0.0653	0.0046	0.0	0.0	0.0	0.3225	0.5285	0.0207	0.0015	0.6454	0.0023	0.0	0.5848	0.0025	0.0
15perc_2repeat	0.6	0.2975	0.0625	0.0044	0.0	0.0	0.0	0.2935	0.5281	0.0162	0.0011	0.6446	0.0019	0.0	0.5843	0.0019	0.0
50perc_10repeat	0.5	0.3173	0.0605	0.0043	0.0	0.0	0.0	0.318	0.5266	0.0194	0.0014	0.6424	0.0022	0.0	0.5823	0.0023	0.0
90perc_5repeat	0.5	0.3136	0.0637	0.0045	0.0	0.0	0.0	0.3115	0.5265	0.0194	0.0014	0.646	0.0023	0.0	0.5886	0.0024	0.0
90perc_2repeat	0.5	0.3173	0.0618	0.0044	0.0	0.0	0.0	0.3224	0.5272	0.0191	0.0014	0.6435	0.0023	0.0	0.587	0.0023	0.0
5perc_5repeat	0.6	0.2974	0.0628	0.0044	0.0	0.0	0.0	0.295	0.5277	0.0168	0.0012	0.6439	0.0019	0.0	0.5854	0.0017	0.0
100perc_5repeat	0.5	0.3148	0.065	0.0046	0.0	0.0	0.0	0.3198	0.528	0.0195	0.0014	0.6446	0.0021	0.0	0.5877	0.0021	0.0
60perc_10repeat	0.5	0.33	0.0633	0.0045	0.0	0.0	0.0	0.3363	0.5302	0.0207	0.0015	0.6483	0.0024	0.0	0.5843	0.0023	0.0
30perc_10repeat	0.5	0.3165	0.067	0.0047	0.0	0.0	0.0	0.3126	0.5272	0.0216	0.0015	0.6425	0.0023	0.0	0.5858	0.0024	0.0
70perc_10repeat	0.5	0.3167	0.0657	0.0046	0.0	0.0	0.0	0.3206	0.5273	0.0208	0.0015	0.6434	0.0022	0.0	0.5864	0.0025	0.0
80perc_10repeat	0.5	0.3181	0.0679	0.0048	0.0	0.0	0.0	0.3107	0.5286	0.0191	0.0014	0.6445	0.0024	0.0	0.5824	0.0023	0.0
30perc_5repeat	0.6	0.2943	0.056	0.004	0.0	0.0	0.0	0.2902	0.5279	0.0145	0.001	0.6425	0.0016	0.0	0.5823	0.0018	0.0
5perc_2repeat	0.6	0.2909	0.0614	0.0043	0.0	0.0	0.0	0.2853	0.5258	0.0169	0.0012	0.6435	0.0018	0.0	0.5876	0.0019	0.0
5perc_10repeat	0.6	0.2863	0.058	0.0041	0.0	0.0	0.0	0.2829	0.5256	0.0156	0.0011	0.6416	0.0018	0.0	0.5883	0.0018	0.0
100perc_10repeat	0.5	0.3236	0.0664	0.0047	0.0	0.0	0.0	0.3246	0.5286	0.0203	0.0014	0.648	0.002	0.0	0.5866	0.0021	0.0
30perc_2repeat	0.6	0.2933	0.0605	0.0043	0.0	0.0	0.0	0.2919	0.527	0.0159	0.0011	0.6444	0.0018	0.0	0.5861	0.0018	0.0
50perc_5repeat	0.6	0.2988	0.0604	0.0043	0.0	0.0	0.0	0.2975	0.5289	0.0159	0.0011	0.646	0.0017	0.0	0.5861	0.002	0.0
90perc_10repeat	0.5	0.3116	0.0652	0.0046	0.0	0.0	0.0	0.3126	0.5264	0.02	0.0014	0.6411	0.0022	0.0	0.5872	0.0024	0.0
80perc_2repeat	0.6	0.3006	0.0587	0.0042	0.0	0.0	0.0	0.302	0.5288	0.0152	0.0011	0.6499	0.0017	0.0	0.585	0.0018	0.0
60perc_5repeat	0.6	0.2974	0.0639	0.0045	0.0	0.0	0.0	0.2927	0.5277	0.0171	0.0012	0.6443	0.0018	0.0	0.5838	0.0019	0.0
15perc_5repeat	0.6	0.2964	0.0608	0.0043	0.0	0.0	0.0	0.2941	0.5279	0.0159	0.0011	0.6451	0.0017	0.0	0.5866	0.0018	0.0
5perc_2repeat	0.7	0.2755	0.0562	0.004	0.0	0.0	0.0	0.2718	0.5266	0.0143	0.001	0.6442	0.0014	0.0	0.5867	0.0016	0.0
15perc_10repeat	0.6	0.298	0.058	0.0041	0.0	0.0	0.0	0.2977	0.528	0.015	0.0011	0.6474	0.0017	0.0	0.5867	0.0016	0.0
90perc_2repeat	0.6	0.2991	0.0627	0.0044	0.0	0.0	0.0	0.2933	0.5279	0.017	0.0012	0.6469	0.0018	0.0	0.5862	0.0019	0.0
40perc_2repeat	0.6	0.2929	0.0567	0.004	0.0	0.0	0.0	0.2923	0.5267	0.0153	0.0011	0.6432	0.0018	0.0	0.5869	0.0018	0.0
15perc_2repeat	0.7	0.273	0.0507	0.0036	0.0	0.0	0.0	0.2647	0.5277	0.0122	0.0009	0.6447	0.0013	0.0	0.5858	0.0014	0.0
50perc_2repeat	0.6	0.3013	0.0624	0.0044	0.0	0.0	0.0	0.2951	0.5278	0.0179	0.0013	0.6479	0.0017	0.0	0.5889	0.0021	0.0
30perc_2repeat	0.7	0.2751	0.0516	0.0036	0.0	0.0	0.0	0.2684	0.5263	0.0134	0.0009	0.6457	0.0015	0.0	0.5882	0.0014	0.0
80perc_5repeat	0.6	0.2977	0.0624	0.0044	0.0	0.0	0.0	0.2917	0.5274	0.0158	0.0011	0.6468	0.0019	0.0	0.5869	0.002	0.0
40perc_2repeat	0.7	0.2821	0.0538	0.0038	0.0	0.0	0.0	0.2679	0.5289	0.0139	0.001	0.6467	0.0015	0.0	0.5871	0.0015	0.0
5perc_5repeat	0.7	0.2799	0.0562	0.004	0.0	0.0	0.0	0.2756	0.5284	0.0141	0.001	0.6476	0.0014	0.0	0.589	0.0014	0.0
100perc_5repeat	0.6	0.2979	0.0624	0.0044	0.0	0.0	0.0	0.2962	0.5273	0.017	0.0012	0.6444	0.0017	0.0	0.5855	0.0019	0.0
60perc_2repeat	0.6	0.2984	0.0627	0.0044	0.0	0.0	0.0	0.2972	0.5285	0.0159	0.0011	0.6445	0.0019	0.0	0.5837	0.002	0.0
70perc_10repeat	0.6	0.2942	0.0638	0.0045	0.0	0.0	0.0	0.2956	0.5269	0.0168	0.0012	0.6463	0.0017	0.0	0.5886	0.0019	0.0
30perc_5repeat	0.7	0.2761	0.0539	0.0038	0.0	0.0	0.0	0.2681	0.5277	0.0124	0.0009	0.6453	0.0013	0.0	0.5859	0.0015	0.0
70perc_2repeat	0.6	0.2986	0.0641	0.0045	0.0	0.0	0.0	0.2886	0.5285	0.0164	0.0012	0.6453	0.0018	0.0	0.5847	0.0018	0.0
40perc_5repeat	0.7	0.2754	0.0518	0.0037	0.0	0.0	0.0	0.2726	0.5274	0.0119	0.0008	0.646	0.0013	0.0	0.5867	0.0014	0.0
15perc_5repeat	0.7	0.2718	0.0516	0.0036	0.0	0.0	0.0	0.2658	0.5269	0.0135	0.001	0.646	0.0014	0.0	0.5897	0.0014	0.0
90perc_10repeat	0.6	0.2975	0.0618	0.0044	0.0	0.0	0.0	0.2959	0.5286	0.0167	0.0012	0.6448	0.0018	0.0	0.5852	0.0019	0.0
100perc_2repeat	0.6	0.2941	0.0598	0.0042	0.0	0.0	0.0	0.2943	0.5277	0.0155	0.0011	0.6439	0.0017	0.0	0.5863	0.0017	0.0
100perc_10repeat	0.6	0.2988	0.0618	0.0044	0.0	0.0	0.0	0.293	0.5285	0.0156	0.0011	0.6458	0.0018	0.0	0.5845	0.0017	0.0
5perc_10repeat	0.7	0.2748	0.0516	0.0036	0.0	0.0	0.0	0.266	0.5268	0.0131	0.0009	0.6456	0.0013	0.0	0.5894	0.0015	0.0
30perc_10repeat	0.6	0.2953	0.0608	0.0043	0.0	0.0	0.0	0.2886	0.528	0.0154	0.0011	0.644	0.0017	0.0	0.5859	0.0019	0.0
70perc_5repeat	0.6	0.2979	0.0591	0.0042	0.0	0.0	0.0	0.3012	0.5284	0.0164	0.0012	0.6483	0.0016	0.0	0.5895	0.002	0.0
50perc_5repeat	0.7	0.2686	0.0511	0.0036	0.0	0.0	0.0	0.2621	0.5255	0.0128	0.0009	0.643	0.0015	0.0	0.5903	0.0014	0.0
15perc_10repeat	0.7	0.2806	0.057	0.004	0.0	0.0	0.0	0.2712	0.5283	0.0143	0.001	0.6478	0.0013	0.0	0.5874	0.0017	0.0
80perc_10repeat	0.6	0.2956	0.064	0.0045	0.0	0.0	0.0	0.2897	0.5286	0.0165	0.0012	0.6445	0.002	0.0	0.5852	0.0019	0.0
70perc_2repeat	0.7	0.2735	0.0524	0.0037	0.0	0.0	0.0	0.2705	0.527	0.0127	0.0009	0.6465	0.0015	0.0	0.5895	0.0014	0.0
40perc_10repeat	0.6	0.2979	0.059	0.0042	0.0	0.0	0.0	0.3004	0.527	0.0149	0.0011	0.646	0.0019	0.0	0.5873	0.0018	0.0
90perc_5repeat	0.6	0.2965	0.062	0.0044	0.0	0.0	0.0	0.2965	0.5279	0.0162	0.0011	0.6454	0.0018	0.0	0.5866	0.0019	0.0
80perc_2repeat	0.7	0.2772	0.0546	0.0039	0.0	0.0	0.0	0.2748	0.5275	0.0135	0.001	0.6454	0.0015	0.0	0.5879	0.0015	0.0
50perc_2repeat	0.7	0.2799	0.0551	0.0039	0.0	0.0	0.0	0.2812	0.5277	0.0138	0.001	0.6464	0.0015	0.0	0.5862	0.0016	0.0
50perc_10repeat	0.6	0.297	0.0591	0.0042	0.0	0.0	0.0	0.29	0.5275	0.016	0.0011	0.6439	0.0018	0.0	0.584	0.0019	0.0
60perc_5repeat	0.7	0.2733	0.0523	0.0037	0.0	0.0	0.0	0.269	0.5268	0.0122	0.0009	0.6451	0.0014	0.0	0.5875	0.0014	0.0
5perc_2repeat	0.8	0.2578	0.0439	0.0031	0.0	0.0	0.0	0.2544	0.527	0.01	0.0007	0.6472	0.001	0.0	0.5898	0.001	0.0
40perc_10repeat	0.7	0.2777	0.0518	0.0037	0.0	0.0	0.0	0.2714	0.5277	0.0136	0.001	0.6463	0.0013	0.0	0.588	0.0015	0.0
100perc_2repeat	0.7	0.2747	0.0528	0.0037	0.0	0.0	0.0	0.2738	0.5271	0.0133	0.0009	0.6451	0.0014	0.0	0.5864	0.0013	0.0
60perc_10repeat	0.6	0.2962	0.0569	0.004	0.0	0.0	0.0	0.2972	0.5276	0.0154	0.0011	0.6463	0.0017	0.0	0.5874	0.0019	0.0
70perc_5repeat	0.7	0.2693	0.0485	0.0034	0.0	0.0	0.0	0.2639	0.5256	0.0135	0.001	0.6438	0.0014	0.0	0.5892	0.0016	0.0
60perc_2repeat	0.7	0.2726	0.0551	0.0039	0.0	0.0	0.0	0.2651	0.5273	0.0133	0.0009	0.6423	0.0015	0.0	0.5843	0.0016	0.0
90perc_5repeat	0.7	0.2768	0.0532	0.0038	0.0	0.0	0.0	0.2715	0.5286	0.0134	0.0009	0.6439	0.0015	0.0	0.5862	0.0015	0.0
5perc_5repeat	0.8	0.26	0.0473	0.0033	0.0	0.0	0.0	0.257	0.528	0.0102	0.0007	0.646	0.001	0.0	0.5859	0.0011	0.0
40perc_2repeat	0.8	0.2632	0.0457	0.0032	0.0	0.0	0.0	0.2539	0.528	0.0099	0.0007	0.6469	0.001	0.0	0.5869	0.0011	0.0
100perc_5repeat	0.7	0.27	0.0477	0.0034	0.0	0.0	0.0	0.2681	0.5266	0.0118	0.0008	0.6457	0.0013	0.0	0.5907	0.0013	0.0
80perc_5repeat	0.7	0.2746	0.0501	0.0035	0.0	0.0	0.0	0.2674	0.5272	0.0125	0.0009	0.6472	0.0014	0.0	0.5879	0.0015	0.0
15perc_5repeat	0.8	0.2633	0.0506	0.0036	0.0	0.0	0.0	0.26	0.5276	0.0103	0.0007	0.6472	0.0011	0.0	0.5877	0.0011	0.0
50perc_2repeat	0.8	0.2603	0.0445	0.0031	0.0	0.0	0.0	0.2581	0.5281	0.0094	0.0007	0.6459	0.001	0.0	0.5868	0.0012	0.0
90perc_2repeat	0.7	0.2737	0.0541	0.0038	0.0	0.0	0.0	0.2671	0.5264	0.0137	0.001	0.6442	0.0015	0.0	0.5881	0.0015	0.0
15perc_2repeat	0.8	0.259	0.0475	0.0034	0.0	0.0	0.0	0.2518	0.5274	0.01	0.0007	0.6464	0.0011	0.0	0.587	0.001	0.0
30perc_2repeat	0.8	0.2553	0.0419	0.003	0.0	0.0	0.0	0.2494	0.5266	0.0094	0.0007	0.6466	0.0009	0.0	0.5877	0.0012	0.0
30perc_5repeat	0.8	0.2586	0.0474	0.0034	0.0	0.0	0.0	0.2495	0.5272	0.01	0.0007	0.6455	0.0011	0.0	0.5876	0.0011	0.0
80perc_10repeat	0.7	0.2781	0.0556	0.0039	0.0	0.0	0.0	0.2705	0.5281	0.0139	0.001	0.6446	0.0015	0.0	0.5844	0.0014	0.0
30perc_10repeat	0.7	0.2747	0.0512	0.0036	0.0	0.0	0.0	0.2722	0.5275	0.0128	0.0009	0.6469	0.0014	0.0	0.5895	0.0013	0.0
70perc_2repeat	0.8	0.2584	0.0462	0.0033	0.0	0.0	0.0	0.2545	0.5274	0.0103	0.0007	0.6448	0.0011	0.0	0.5882	0.0012	0.0
50perc_10repeat	0.7	0.2746	0.0491	0.0035	0.0	0.0	0.0	0.2735	0.5267	0.0128	0.0009	0.6452	0.0014	0.0	0.5876	0.0015	0.0
80perc_2repeat	0.8	0.2624	0.0482	0.0034	0.0	0.0	0.0	0.2544	0.5289	0.01	0.0007	0.6464	0.0011	0.0	0.5844	0.0011	0.0
90perc_2repeat	0.8	0.2545	0.0428	0.003	0.0	0.0	0.0	0.2498	0.5271	0.0099	0.0007	0.6461	0.0011	0.0	0.5893	0.0012	0.0
100perc_10repeat	0.7	0.2734	0.0535	0.0038	0.0	0.0	0.0	0.269	0.5269	0.0134	0.0009	0.6436	0.0014	0.0	0.588	0.0014	0.0
60perc_5repeat	0.8	0.2578	0.0462	0.0033	0.0	0.0	0.0	0.2523	0.5277	0.0098	0.0007	0.6455	0.001	0.0	0.5877	0.0012	0.0
100perc_2repeat	0.8	0.2544	0.0437	0.0031	0.0	0.0	0.0	0.2512	0.5271	0.0094	0.0007	0.6456	0.001	0.0	0.5872	0.001	0.0
15perc_2repeat	0.9	0.2405	0.0475	0.0034	0.0	0.0	0.0	0.2374	0.5275	0.0069	0.0005	0.6452	0.0007	0.0	0.5879	0.0007	0.0
60perc_10repeat	0.7	0.2784	0.053	0.0038	0.0	0.0	0.0	0.2716	0.5275	0.0128	0.0009	0.6462	0.0014	0.0	0.5865	0.0014	0.0
15perc_10repeat	0.8	0.2557	0.0445	0.0031	0.0	0.0	0.0	0.2538	0.5271	0.0099	0.0007	0.6443	0.001	0.0	0.5887	0.0011	0.0
30perc_2repeat	0.9	0.2467	0.0465	0.0033	0.0	0.0	0.0	0.2466	0.5276	0.0071	0.0005	0.6457	0.0008	0.0	0.5878	0.0008	0.0
5perc_2repeat	0.9	0.2457	0.0496	0.0035	0.0	0.0	0.0	0.2408	0.5276	0.0073	0.0005	0.6465	0.0007	0.0	0.5873	0.0007	0.0
90perc_5repeat	0.8	0.2572	0.045	0.0032	0.0	0.0	0.0	0.2475	0.5269	0.0099	0.0007	0.6455	0.0011	0.0	0.5883	0.0011	0.0
40perc_5repeat	0.8	0.2632	0.0446	0.0032	0.0	0.0	0.0	0.2602	0.5281	0.0093	0.0007	0.6469	0.0011	0.0	0.5859	0.0011	0.0
5perc_5repeat	0.9	0.2435	0.0437	0.0031	0.0	0.0	0.0	0.2391	0.5274	0.0063	0.0004	0.6463	0.0007	0.0	0.5885	0.0006	0.0
40perc_10repeat	0.8	0.2595	0.0452	0.0032	0.0	0.0	0.0	0.2565	0.5279	0.0092	0.0006	0.6466	0.0011	0.0	0.5869	0.001	0.0
50perc_2repeat	0.9	0.2472	0.05	0.0035	0.0	0.0	0.0	0.2453	0.5274	0.0071	0.0005	0.6466	0.0008	0.0	0.5884	0.0008	0.0
60perc_2repeat	0.9	0.2437	0.046	0.0033	0.0	0.0	0.0	0.2353	0.5271	0.0066	0.0005	0.6463	0.0007	0.0	0.588	0.0009	0.0
50perc_5repeat	0.8	0.2548	0.0438	0.0031	0.0	0.0	0.0	0.2513	0.5269	0.0093	0.0007	0.6448	0.0011	0.0	0.5878	0.001	0.0
15perc_5repeat	0.9	0.2386	0.0481	0.0034	0.0	0.0	0.0	0.2344	0.527	0.0066	0.0005	0.6437	0.0007	0.0	0.5877	0.0007	0.0
70perc_10repeat	0.7	0.2789	0.0505	0.0036	0.0	0.0	0.0	0.2739	0.5288	0.012	0.0008	0.6469	0.0013	0.0	0.5862	0.0015	0.0
70perc_2repeat	0.9	0.2452	0.0451	0.0032	0.0	0.0	0.0	0.2416	0.5274	0.0063	0.0004	0.6463	0.0007	0.0	0.5884	0.0008	0.0
30perc_5repeat	0.9	0.2466	0.0507	0.0036	0.0	0.0	0.0	0.2363	0.5276	0.0068	0.0005	0.6464	0.0008	0.0	0.5884	0.0008	0.0
40perc_2repeat	0.9	0.2422	0.0473	0.0033	0.0	0.0	0.0	0.2377	0.5273	0.0069	0.0005	0.6457	0.0008	0.0	0.5877	0.0008	0.0
30perc_10repeat	0.8	0.2611	0.0485	0.0034	0.0	0.0	0.0	0.2563	0.5278	0.0107	0.0008	0.6458	0.001	0.0	0.5879	0.0012	0.0
70perc_5repeat	0.8	0.2592	0.0449	0.0032	0.0	0.0	0.0	0.256	0.5276	0.0098	0.0007	0.6463	0.0011	0.0	0.5883	0.0012	0.0
40perc_5repeat	0.9	0.2319	0.0425	0.003	0.0	0.0	0.0	0.2291	0.5264	0.0066	0.0005	0.644	0.0007	0.0	0.5881	0.0007	0.0
90perc_10repeat	0.7	0.2693	0.0533	0.0038	0.0	0.0	0.0	0.2612	0.5256	0.0133	0.0009	0.6437	0.0015	0.0	0.5895	0.0014	0.0
80perc_2repeat	0.9	0.2437	0.0429	0.003	0.0	0.0	0.0	0.2398	0.5282	0.0065	0.0005	0.6456	0.0007	0.0	0.5867	0.0008	0.0
80perc_5repeat	0.8	0.2574	0.0452	0.0032	0.0	0.0	0.0	0.2531	0.5276	0.0094	0.0007	0.6451	0.0012	0.0	0.5865	0.0011	0.0
50perc_5repeat	0.9	0.2437	0.0442	0.0031	0.0	0.0	0.0	0.2411	0.5272	0.0066	0.0005	0.6456	0.0007	0.0	0.5881	0.0008	0.0
5perc_10repeat	0.8	0.254	0.0452	0.0032	0.0	0.0	0.0	0.2507	0.5265	0.01	0.0007	0.6449	0.0011	0.0	0.5886	0.001	0.0
90perc_2repeat	0.9	0.2447	0.0476	0.0034	0.0	0.0	0.0	0.246	0.5275	0.0068	0.0005	0.6455	0.0008	0.0	0.5865	0.0008	0.0
60perc_10repeat	0.8	0.2577	0.0415	0.0029	0.0	0.0	0.0	0.2571	0.5282	0.0096	0.0007	0.6462	0.001	0.0	0.5872	0.0011	0.0
90perc_10repeat	0.8	0.2565	0.047	0.0033	0.0	0.0	0.0	0.2489	0.5275	0.0101	0.0007	0.6443	0.0012	0.0	0.5879	0.0013	0.0
60perc_5repeat	0.9	0.2427	0.0428	0.003	0.0	0.0	0.0	0.241	0.5272	0.0065	0.0005	0.6463	0.0007	0.0	0.5878	0.0008	0.0
100perc_10repeat	0.8	0.257	0.0448	0.0032	0.0	0.0	0.0	0.2553	0.5276	0.0095	0.0007	0.6456	0.0011	0.0	0.587	0.001	0.0
100perc_5repeat	0.8	0.2514	0.0399	0.0028	0.0	0.0	0.0	0.2471	0.5256	0.0097	0.0007	0.6437	0.001	0.0	0.589	0.0011	0.0
100perc_2repeat	0.9	0.2435	0.0398	0.0028	0.0	0.0	0.0	0.24	0.5276	0.006	0.0004	0.6458	0.0006	0.0	0.5875	0.0007	0.0
70perc_5repeat	0.9	0.24	0.0425	0.003	0.0	0.0	0.0	0.2339	0.5273	0.0064	0.0005	0.645	0.0007	0.0	0.5868	0.0008	0.0
5perc_10repeat	0.9	0.2448	0.044	0.0031	0.0	0.0	0.0	0.2451	0.5276	0.0063	0.0004	0.6466	0.0007	0.0	0.5882	0.0006	0.0
80perc_5repeat	0.9	0.2425	0.0447	0.0032	0.0	0.0	0.0	0.2394	0.5273	0.007	0.0005	0.6457	0.0008	0.0	0.5888	0.0009	0.0
15perc_10repeat	0.9	0.248	0.0456	0.0032	0.0	0.0	0.0	0.2418	0.5279	0.0064	0.0004	0.6467	0.0007	0.0	0.5883	0.0007	0.0
90perc_5repeat	0.9	0.2442	0.0465	0.0033	0.0	0.0	0.0	0.2386	0.5274	0.0066	0.0005	0.6455	0.0007	0.0	0.5872	0.0009	0.0
50perc_10repeat	0.8	0.2635	0.0446	0.0032	0.0	0.0	0.0	0.2604	0.5279	0.0096	0.0007	0.6471	0.001	0.0	0.5862	0.0011	0.0
70perc_10repeat	0.8	0.26	0.047	0.0033	0.0	0.0	0.0	0.2536	0.5281	0.0101	0.0007	0.6463	0.001	0.0	0.5861	0.0011	0.0
60perc_10repeat	0.9	0.2368	0.0415	0.0029	0.0	0.0	0.0	0.2299	0.5266	0.0063	0.0004	0.645	0.0007	0.0	0.5888	0.0007	0.0
80perc_10repeat	0.8	0.2579	0.046	0.0033	0.0	0.0	0.0	0.2554	0.5275	0.0094	0.0007	0.6449	0.0011	0.0	0.5861	0.0011	0.0
70perc_10repeat	0.9	0.2424	0.043	0.003	0.0	0.0	0.0	0.2326	0.5274	0.0064	0.0005	0.6455	0.0008	0.0	0.5883	0.0008	0.0
100perc_5repeat	0.9	0.2437	0.0425	0.003	0.0	0.0	0.0	0.2414	0.5271	0.0065	0.0005	0.6454	0.0006	0.0	0.5885	0.0007	0.0
30perc_10repeat	0.9	0.2401	0.0431	0.003	0.0	0.0	0.0	0.238	0.5275	0.0062	0.0004	0.6455	0.0006	0.0	0.5869	0.0007	0.0
100perc_10repeat	0.9	0.24	0.0414	0.0029	0.0	0.0	0.0	0.2368	0.5272	0.0062	0.0004	0.6452	0.0007	0.0	0.5874	0.0007	0.0
40perc_10repeat	0.9	0.2458	0.0441	0.0031	0.0	0.0	0.0	0.2423	0.5279	0.0061	0.0004	0.6467	0.0007	0.0	0.5877	0.0007	0.0
50perc_10repeat	0.9	0.2424	0.0437	0.0031	0.0	0.0	0.0	0.2365	0.5272	0.0068	0.0005	0.6455	0.0007	0.0	0.5881	0.0008	0.0
80perc_10repeat	0.9	0.2438	0.0444	0.0031	0.0	0.0	0.0	0.2406	0.528	0.0059	0.0004	0.6452	0.0008	0.0	0.5876	0.0009	0.0
90perc_10repeat	0.9	0.2422	0.0425	0.003	0.0	0.0	0.0	0.2353	0.5275	0.007	0.0005	0.6461	0.0007	0.0	0.5889	0.0008	0.0





