Label	trainingSize	SquaredLoss_Mean	Accuracy_Mean	Accuracy_SD	Accuracy_SE	Precision_Mean	Recall_Mean	F1	Accuracy_Median	PriorClass0_Mean	PriorClass0_SD	PriorClass0_SE	ProbabilityEstimate_0given0_Mean 	ProbabilityEstimate_0given0_SD 	ProbabilityEstimate_0given0_SE 	ProbabilityEstimate_1given1_Mean	ProbabilityEstimate_1given1_SD	ProbabilityEstimate_1given1_SE

original	0.9	0.1762	0.8231	0.0471	0.0033	0.0	0.0	0.0	0.8241	0.8219	0.0052	0.0004	0.8636	0.0004	0.0	0.2785	0.0013	0.0
original	0.8	0.1784	0.8211	0.0328	0.0023	0.0	0.0	0.0	0.8241	0.8223	0.0081	0.0006	0.8638	0.0006	0.0	0.279	0.0019	0.0
original	0.7	0.1798	0.8196	0.028	0.002	0.0	0.0	0.0	0.819	0.823	0.0119	0.0008	0.8633	0.001	0.0	0.2764	0.0023	0.0
original	0.6	0.1793	0.8201	0.0191	0.0013	0.0	0.0	0.0	0.8211	0.8233	0.0127	0.0009	0.863	0.0011	0.0	0.2773	0.0033	0.0
original	0.5	0.1758	0.8237	0.0162	0.0011	0.0	0.0	0.0	0.8235	0.8204	0.0161	0.0011	0.862	0.0012	0.0	0.2845	0.0041	0.0
original	0.45	0.1779	0.8215	0.0167	0.0012	0.0	0.0	0.0	0.8194	0.8226	0.0203	0.0014	0.8628	0.0016	0.0	0.278	0.0044	0.0
original	0.4	0.1767	0.8228	0.0137	0.001	0.0	0.0	0.0	0.8226	0.8209	0.0206	0.0015	0.8602	0.0017	0.0	0.2763	0.0048	0.0
original	0.1	0.1768	0.8223	0.0057	0.0004	0.0	0.0	0.0	0.8224	0.8197	0.0504	0.0036	0.8432	0.005	0.0	0.3208	0.0104	0.0
original	0.35	0.1788	0.8206	0.0119	0.0008	0.0	0.0	0.0	0.822	0.8246	0.0221	0.0016	0.8622	0.0018	0.0	0.2757	0.0057	0.0
original	0.3	0.1788	0.8207	0.01	0.0007	0.0	0.0	0.0	0.8215	0.8252	0.0233	0.0016	0.8612	0.0021	0.0	0.2739	0.006	0.0
original	0.25	0.1777	0.8217	0.01	0.0007	0.0	0.0	0.0	0.8235	0.8231	0.0298	0.0021	0.8586	0.0026	0.0	0.286	0.0069	0.0
original	0.2	0.1775	0.8219	0.0079	0.0006	0.0	0.0	0.0	0.8211	0.8224	0.0315	0.0022	0.8605	0.0029	0.0	0.2938	0.0081	0.0
original	0.05	0.1774	0.8172	0.0408	0.0029	0.0054	0.0072	0.0061	0.8221	0.817	0.0762	0.0054	0.7809	0.0085	0.0	0.4189	0.0118	0.0


15perc_2repeat	0.1	0.1771	0.8219	0.0056	0.0004	0.0	0.0	0.0	0.8224	0.8229	0.0495	0.0035	0.8458	0.0057	0.0	0.2875	0.0132	0.0
15perc_5repeat	0.1	0.1773	0.8219	0.0056	0.0004	0.0	0.0	0.0	0.8224	0.8228	0.0497	0.0035	0.8533	0.0052	0.0	0.2736	0.0134	0.0
30perc_5repeat	0.1	0.1768	0.8223	0.0056	0.0004	0.0	0.0	0.0	0.8224	0.8194	0.05	0.0035	0.8456	0.0048	0.0	0.2346	0.011	0.0
5perc_5repeat	0.1	0.1776	0.8216	0.0053	0.0004	0.005	0.0001	0.0001	0.8204	0.8255	0.0476	0.0034	0.8597	0.0056	0.0	0.3	0.0155	0.0
60perc_2repeat	0.1	0.1776	0.8216	0.0057	0.0004	0.0	0.0	0.0	0.8224	0.8257	0.051	0.0036	0.8455	0.005	0.0	0.245	0.0107	0.0
40perc_10repeat	0.1	0.1769	0.8223	0.0056	0.0004	0.0	0.0	0.0	0.8224	0.8198	0.0503	0.0036	0.8446	0.0046	0.0	0.2258	0.0109	0.0
15perc_2repeat	0.05	0.1859	0.8097	0.0767	0.0054	0.0106	0.0183	0.0134	0.8221	0.8168	0.0719	0.0051	0.8113	0.0116	0.0	0.3668	0.0162	0.0
70perc_2repeat	0.05	0.1806	0.815	0.0581	0.0041	0.0042	0.0102	0.0059	0.8221	0.8177	0.0719	0.0051	0.8104	0.0088	0.0	0.3226	0.0122	0.0
70perc_5repeat	0.05	0.1796	0.8172	0.0479	0.0034	0.0019	0.0068	0.003	0.8221	0.8236	0.0656	0.0046	0.8202	0.009	0.0	0.2523	0.0125	0.0
15perc_10repeat	0.1	0.1765	0.8226	0.0054	0.0004	0.0	0.0	0.0	0.8224	0.8165	0.0479	0.0034	0.8469	0.0053	0.0	0.2577	0.0135	0.0
80perc_2repeat	0.05	0.1864	0.8078	0.0879	0.0062	0.0069	0.0224	0.0105	0.8221	0.8223	0.07	0.005	0.7977	0.0098	0.0	0.3095	0.0115	0.0
30perc_10repeat	0.1	0.1771	0.822	0.0053	0.0004	0.0	0.0	0.0	0.8224	0.8218	0.0471	0.0033	0.8424	0.0049	0.0	0.2285	0.0127	0.0
90perc_5repeat	0.05	0.1826	0.8119	0.071	0.005	0.0042	0.0149	0.0066	0.8221	0.8164	0.0707	0.005	0.8056	0.0094	0.0	0.2456	0.0107	0.0
100perc_5repeat	0.05	0.1759	0.8222	0.0038	0.0003	0.0001	0.0	0.0	0.8221	0.8179	0.0701	0.005	0.8038	0.0075	0.0	0.2155	0.0086	0.0
30perc_10repeat	0.05	0.1851	0.8112	0.0634	0.0045	0.0058	0.0163	0.0086	0.8221	0.8252	0.0673	0.0048	0.835	0.0115	0.0	0.296	0.0167	0.0
70perc_10repeat	0.05	0.1775	0.8196	0.0224	0.0016	0.0058	0.0034	0.0043	0.8221	0.827	0.0694	0.0049	0.8159	0.0095	0.0	0.2387	0.0119	0.0
80perc_10repeat	0.05	0.1875	0.8076	0.087	0.0062	0.0053	0.0217	0.0085	0.8221	0.8263	0.0709	0.005	0.8067	0.0103	0.0	0.2107	0.0102	0.0
50perc_2repeat	0.1	0.1769	0.8222	0.0054	0.0004	0.0	0.0	0.0	0.8224	0.8205	0.0479	0.0034	0.8353	0.0051	0.0	0.2589	0.0113	0.0
50perc_5repeat	0.1	0.177	0.8221	0.0054	0.0004	0.0	0.0	0.0	0.8224	0.8211	0.0478	0.0034	0.8397	0.0047	0.0	0.2328	0.0099	0.0
60perc_10repeat	0.1	0.1767	0.8224	0.0055	0.0004	0.0	0.0	0.0	0.8224	0.8184	0.0491	0.0035	0.8408	0.0047	0.0	0.2209	0.0092	0.0
50perc_10repeat	0.1	0.1774	0.8218	0.0053	0.0004	0.0	0.0	0.0	0.8204	0.8244	0.0476	0.0034	0.8413	0.0047	0.0	0.2195	0.0098	0.0
70perc_2repeat	0.1	0.1767	0.8223	0.0055	0.0004	0.0	0.0	0.0	0.8224	0.8193	0.0488	0.0035	0.8346	0.005	0.0	0.2457	0.0098	0.0
5perc_2repeat	0.1	0.1765	0.8227	0.0054	0.0004	0.0	0.0	0.0	0.8224	0.8162	0.0485	0.0034	0.8503	0.005	0.0	0.3006	0.0147	0.0
40perc_2repeat	0.1	0.177	0.822	0.0055	0.0004	0.0042	0.0001	0.0001	0.8224	0.8224	0.0491	0.0035	0.8447	0.0054	0.0	0.2762	0.0123	0.0
30perc_2repeat	0.1	0.1766	0.8225	0.005	0.0004	0.0006	0.0001	0.0001	0.8224	0.8169	0.0449	0.0032	0.8498	0.0051	0.0	0.2913	0.0122	0.0
40perc_5repeat	0.1	0.1771	0.8219	0.0053	0.0004	0.0	0.0	0.0	0.8224	0.8227	0.0474	0.0033	0.8456	0.0052	0.0	0.2448	0.0115	0.0
70perc_10repeat	0.1	0.177	0.8221	0.0054	0.0004	0.0	0.0	0.0	0.8224	0.8216	0.0485	0.0034	0.8311	0.0045	0.0	0.2033	0.008	0.0
5perc_10repeat	0.1	0.1763	0.8229	0.0052	0.0004	0.0	0.0	0.0	0.8224	0.8139	0.0466	0.0033	0.8492	0.005	0.0	0.275	0.015	0.0
60perc_5repeat	0.1	0.1767	0.8223	0.0055	0.0004	0.0	0.0	0.0	0.8224	0.8191	0.049	0.0035	0.8355	0.0049	0.0	0.215	0.0088	0.0
40perc_2repeat	0.05	0.1811	0.814	0.0618	0.0044	0.0032	0.0111	0.005	0.8221	0.8268	0.069	0.0049	0.8137	0.0101	0.0	0.3423	0.0142	0.0
50perc_5repeat	0.05	0.1834	0.8137	0.067	0.0047	0.0034	0.0125	0.0053	0.8221	0.8241	0.0663	0.0047	0.8288	0.01	0.0	0.2896	0.0137	0.0
60perc_5repeat	0.05	0.184	0.81	0.0768	0.0054	0.006	0.019	0.0091	0.8221	0.8168	0.0614	0.0043	0.8007	0.0099	0.0	0.2708	0.0137	0.0
50perc_10repeat	0.05	0.1751	0.8221	0.0048	0.0003	0.0007	0.0002	0.0003	0.8221	0.8157	0.0704	0.005	0.8191	0.009	0.0	0.2358	0.0129	0.0
90perc_10repeat	0.05	0.179	0.8162	0.0585	0.0041	0.0026	0.0089	0.0041	0.8221	0.817	0.0712	0.005	0.8061	0.0088	0.0	0.2235	0.0102	0.0
80perc_5repeat	0.1	0.1768	0.8222	0.0053	0.0004	0.0	0.0	0.0	0.8224	0.8201	0.0475	0.0034	0.8327	0.0047	0.0	0.2096	0.0081	0.0
80perc_10repeat	0.1	0.1775	0.8216	0.0053	0.0004	0.0	0.0	0.0	0.8224	0.8256	0.0477	0.0034	0.8319	0.0042	0.0	0.1934	0.0073	0.0
90perc_5repeat	0.1	0.1771	0.822	0.0056	0.0004	0.0	0.0	0.0	0.8224	0.8223	0.0497	0.0035	0.8351	0.0046	0.0	0.194	0.0076	0.0
5perc_2repeat	0.2	0.1777	0.8217	0.0085	0.0006	0.0	0.0	0.0	0.8211	0.8234	0.0341	0.0024	0.8595	0.0032	0.0	0.273	0.0088	0.0
100perc_2repeat	0.1	0.1776	0.8215	0.0052	0.0004	0.0	0.0	0.0	0.8224	0.8267	0.0464	0.0033	0.8295	0.0047	0.0	0.2069	0.0071	0.0
70perc_5repeat	0.1	0.1783	0.8208	0.0051	0.0004	0.0	0.0	0.0	0.8204	0.8326	0.0454	0.0032	0.8425	0.0046	0.0	0.197	0.0075	0.0
15perc_2repeat	0.2	0.1771	0.8223	0.0084	0.0006	0.0	0.0	0.0	0.8211	0.8209	0.0338	0.0024	0.8578	0.003	0.0	0.2728	0.0082	0.0
40perc_2repeat	0.2	0.1775	0.8219	0.0081	0.0006	0.0	0.0	0.0	0.8211	0.8226	0.0324	0.0023	0.8513	0.0027	0.0	0.2469	0.0074	0.0
5perc_5repeat	0.2	0.1773	0.8221	0.0082	0.0006	0.0	0.0	0.0	0.8211	0.8217	0.0328	0.0023	0.8618	0.0028	0.0	0.2835	0.0097	0.0
30perc_2repeat	0.2	0.1776	0.8218	0.0077	0.0005	0.0	0.0	0.0	0.8211	0.823	0.0307	0.0022	0.8536	0.0028	0.0	0.2479	0.0074	0.0
50perc_2repeat	0.2	0.1771	0.8222	0.008	0.0006	0.0	0.0	0.0	0.8234	0.8211	0.032	0.0023	0.8441	0.0029	0.0	0.2386	0.0066	0.0
15perc_5repeat	0.2	0.1778	0.8216	0.0077	0.0005	0.0	0.0	0.0	0.8211	0.8237	0.0308	0.0022	0.8566	0.0028	0.0	0.2594	0.0078	0.0
60perc_2repeat	0.2	0.1784	0.8209	0.0082	0.0006	0.0	0.0	0.0	0.8188	0.8263	0.0327	0.0023	0.8476	0.0029	0.0	0.2424	0.0066	0.0
30perc_5repeat	0.2	0.1778	0.8216	0.0081	0.0006	0.0	0.0	0.0	0.8211	0.8237	0.0325	0.0023	0.8526	0.0031	0.0	0.2395	0.007	0.0
40perc_5repeat	0.2	0.1771	0.8222	0.0081	0.0006	0.0	0.0	0.0	0.8234	0.8211	0.0324	0.0023	0.8471	0.0027	0.0	0.2411	0.0068	0.0
100perc_5repeat	0.1	0.1779	0.8212	0.0055	0.0004	0.0	0.0	0.0	0.8204	0.8292	0.0491	0.0035	0.8346	0.0046	0.0	0.177	0.0061	0.0
50perc_5repeat	0.2	0.1768	0.8225	0.0082	0.0006	0.0	0.0	0.0	0.8234	0.8199	0.0326	0.0023	0.8477	0.0026	0.0	0.2415	0.0063	0.0
5perc_10repeat	0.2	0.177	0.8223	0.008	0.0006	0.0	0.0	0.0	0.8234	0.8208	0.0319	0.0023	0.8519	0.0032	0.0	0.262	0.0085	0.0
100perc_10repeat	0.1	0.1774	0.8217	0.0052	0.0004	0.0	0.0	0.0	0.8224	0.8249	0.0464	0.0033	0.8304	0.0041	0.0	0.1712	0.0054	0.0
40perc_10repeat	0.2	0.1771	0.8222	0.0084	0.0006	0.0	0.0	0.0	0.8211	0.8213	0.0338	0.0024	0.8459	0.0031	0.0	0.2376	0.0061	0.0
15perc_10repeat	0.2	0.1781	0.8213	0.0087	0.0006	0.0	0.0	0.0	0.8211	0.825	0.0347	0.0025	0.8598	0.0031	0.0	0.2567	0.0088	0.0
30perc_10repeat	0.2	0.1777	0.8217	0.0078	0.0006	0.0	0.0	0.0	0.8211	0.8232	0.0314	0.0022	0.8563	0.0029	0.0	0.2469	0.0075	0.0
50perc_10repeat	0.2	0.178	0.8214	0.0079	0.0006	0.0	0.0	0.0	0.8211	0.8246	0.0315	0.0022	0.8481	0.0026	0.0	0.2156	0.0053	0.0
70perc_10repeat	0.2	0.1779	0.8215	0.0082	0.0006	0.0	0.0	0.0	0.8222	0.8243	0.0327	0.0023	0.8436	0.0026	0.0	0.2007	0.0044	0.0
80perc_2repeat	0.1	0.1769	0.8222	0.0055	0.0004	0.0	0.0	0.0	0.8224	0.8208	0.0489	0.0035	0.8325	0.0047	0.0	0.242	0.0095	0.0
90perc_2repeat	0.1	0.1772	0.8219	0.0053	0.0004	0.0	0.0	0.0	0.8224	0.8228	0.0469	0.0033	0.8325	0.0047	0.0	0.2191	0.0087	0.0
80perc_2repeat	0.2	0.1775	0.8218	0.008	0.0006	0.0	0.0	0.0	0.8211	0.8228	0.032	0.0023	0.8432	0.0029	0.0	0.2207	0.0059	0.0
60perc_5repeat	0.2	0.1774	0.8219	0.0086	0.0006	0.0	0.0	0.0	0.8211	0.8224	0.0345	0.0024	0.8468	0.0027	0.0	0.226	0.006	0.0
70perc_5repeat	0.2	0.1768	0.8225	0.0077	0.0005	0.0	0.0	0.0	0.8234	0.82	0.0307	0.0022	0.842	0.0027	0.0	0.2193	0.0052	0.0
60perc_10repeat	0.2	0.1771	0.8222	0.0074	0.0005	0.0	0.0	0.0	0.8211	0.8212	0.0295	0.0021	0.8435	0.0025	0.0	0.2138	0.0054	0.0
90perc_10repeat	0.1	0.1767	0.8222	0.0058	0.0004	0.0	0.0	0.0	0.8224	0.8205	0.0516	0.0036	0.8245	0.005	0.0	0.1902	0.0063	0.0
100perc_2repeat	0.2	0.1775	0.8218	0.0082	0.0006	0.0	0.0	0.0	0.8211	0.8229	0.0327	0.0023	0.8393	0.0027	0.0	0.2133	0.005	0.0
70perc_2repeat	0.2	0.1774	0.822	0.0081	0.0006	0.0	0.0	0.0	0.8211	0.8222	0.0324	0.0023	0.8434	0.0027	0.0	0.2222	0.006	0.0
80perc_5repeat	0.2	0.1775	0.8218	0.0077	0.0005	0.0	0.0	0.0	0.8211	0.8229	0.0309	0.0022	0.838	0.0027	0.0	0.2091	0.0048	0.0
30perc_2repeat	0.25	0.1775	0.8219	0.0104	0.0007	0.0	0.0	0.0	0.8211	0.8225	0.031	0.0022	0.8537	0.0023	0.0	0.2508	0.0064	0.0
15perc_10repeat	0.25	0.1774	0.822	0.0102	0.0007	0.0	0.0	0.0	0.8211	0.822	0.0304	0.0021	0.8588	0.0025	0.0	0.2533	0.0065	0.0
30perc_5repeat	0.25	0.178	0.8214	0.0104	0.0007	0.0	0.0	0.0	0.8211	0.8239	0.031	0.0022	0.8531	0.0024	0.0	0.2409	0.0058	0.0
40perc_2repeat	0.25	0.1763	0.8231	0.0093	0.0007	0.0	0.0	0.0	0.8223	0.8189	0.0276	0.002	0.8485	0.0024	0.0	0.2495	0.0062	0.0
50perc_2repeat	0.25	0.178	0.8214	0.0089	0.0006	0.0	0.0	0.0	0.8211	0.8238	0.0266	0.0019	0.8532	0.0025	0.0	0.2363	0.0057	0.0
60perc_2repeat	0.25	0.1777	0.8217	0.0095	0.0007	0.0	0.0	0.0	0.8211	0.823	0.0284	0.002	0.8494	0.0024	0.0	0.2299	0.0051	0.0
70perc_2repeat	0.25	0.1782	0.8211	0.0095	0.0007	0.0	0.0	0.0	0.8211	0.8247	0.0283	0.002	0.8489	0.0024	0.0	0.2189	0.0055	0.0
50perc_5repeat	0.25	0.1766	0.8228	0.0091	0.0006	0.0	0.0	0.0	0.8235	0.8197	0.0272	0.0019	0.8466	0.0023	0.0	0.2322	0.0053	0.0
80perc_2repeat	0.25	0.178	0.8214	0.0094	0.0007	0.0	0.0	0.0	0.8211	0.8239	0.0278	0.002	0.846	0.0022	0.0	0.2194	0.0049	0.0
70perc_5repeat	0.25	0.1775	0.8218	0.0095	0.0007	0.0	0.0	0.0	0.8211	0.8226	0.0282	0.002	0.8427	0.0022	0.0	0.2109	0.0044	0.0
60perc_5repeat	0.25	0.1782	0.8212	0.0092	0.0006	0.0	0.0	0.0	0.8211	0.8245	0.0273	0.0019	0.8459	0.0022	0.0	0.2148	0.0044	0.0
30perc_10repeat	0.25	0.1775	0.8219	0.0087	0.0006	0.0	0.0	0.0	0.8211	0.8224	0.0258	0.0018	0.8537	0.0022	0.0	0.2466	0.0061	0.0
90perc_2repeat	0.25	0.1779	0.8214	0.0101	0.0007	0.0	0.0	0.0	0.8211	0.8237	0.0301	0.0021	0.8418	0.0026	0.0	0.2135	0.004	0.0
80perc_5repeat	0.25	0.1767	0.8226	0.0101	0.0007	0.0	0.0	0.0	0.8235	0.8204	0.0301	0.0021	0.8338	0.0025	0.0	0.208	0.0041	0.0
40perc_10repeat	0.25	0.1784	0.8209	0.0099	0.0007	0.0	0.0	0.0	0.8211	0.8252	0.0296	0.0021	0.8499	0.0025	0.0	0.2399	0.0055	0.0
100perc_2repeat	0.25	0.1768	0.8225	0.0086	0.0006	0.0	0.0	0.0	0.8235	0.8206	0.0256	0.0018	0.8377	0.002	0.0	0.2031	0.0042	0.0
50perc_10repeat	0.25	0.1775	0.8218	0.0092	0.0007	0.0	0.0	0.0	0.8211	0.8227	0.0275	0.0019	0.846	0.0024	0.0	0.2269	0.0047	0.0
5perc_2repeat	0.25	0.1768	0.8226	0.0093	0.0007	0.0	0.0	0.0	0.8211	0.8201	0.0276	0.0019	0.8619	0.0025	0.0	0.2882	0.0072	0.0
90perc_5repeat	0.25	0.1768	0.8225	0.0097	0.0007	0.0	0.0	0.0	0.8223	0.8206	0.0288	0.002	0.8353	0.0023	0.0	0.1943	0.0036	0.0
60perc_10repeat	0.25	0.1768	0.8225	0.0095	0.0007	0.0	0.0	0.0	0.8211	0.8204	0.0282	0.002	0.8432	0.0023	0.0	0.2169	0.0043	0.0
70perc_10repeat	0.25	0.1765	0.8227	0.0095	0.0007	0.0	0.0	0.0	0.8235	0.8199	0.0284	0.002	0.8391	0.0023	0.0	0.2096	0.0038	0.0
90perc_2repeat	0.2	0.1774	0.8219	0.0076	0.0005	0.0	0.0	0.0	0.8211	0.8225	0.0304	0.0021	0.8382	0.0027	0.0	0.2077	0.0049	0.0
80perc_10repeat	0.25	0.1763	0.8229	0.0093	0.0007	0.0	0.0	0.0	0.8235	0.8193	0.0278	0.002	0.8352	0.0023	0.0	0.1972	0.0035	0.0
90perc_5repeat	0.2	0.177	0.8222	0.0078	0.0005	0.0	0.0	0.0	0.8211	0.8211	0.0311	0.0022	0.8367	0.0025	0.0	0.1941	0.0044	0.0
90perc_10repeat	0.25	0.1774	0.8218	0.0103	0.0007	0.0	0.0	0.0	0.8211	0.8226	0.0306	0.0022	0.836	0.0024	0.0	0.1869	0.0031	0.0
100perc_5repeat	0.2	0.1764	0.8228	0.008	0.0006	0.0	0.0	0.0	0.8234	0.819	0.032	0.0023	0.8286	0.0028	0.0	0.1911	0.0039	0.0
80perc_10repeat	0.2	0.1766	0.8226	0.0092	0.0006	0.0	0.0	0.0	0.8211	0.8196	0.0367	0.0026	0.8349	0.003	0.0	0.1985	0.0044	0.0
5perc_5repeat	0.25	0.1774	0.8221	0.009	0.0006	0.0	0.0	0.0	0.8235	0.8218	0.0267	0.0019	0.8629	0.0022	0.0	0.2749	0.0078	0.0
15perc_5repeat	0.25	0.1779	0.8215	0.0094	0.0007	0.0	0.0	0.0	0.8211	0.8236	0.0281	0.002	0.8568	0.0024	0.0	0.2606	0.0069	0.0
90perc_10repeat	0.2	0.1768	0.8224	0.0073	0.0005	0.0	0.0	0.0	0.8234	0.8204	0.0292	0.0021	0.8345	0.0026	0.0	0.1837	0.0034	0.0
15perc_2repeat	0.25	0.1782	0.8212	0.0094	0.0007	0.0	0.0	0.0	0.8211	0.8243	0.0281	0.002	0.8601	0.0026	0.0	0.2661	0.0069	0.0
100perc_5repeat	0.25	0.1773	0.8219	0.0096	0.0007	0.0	0.0	0.0	0.8211	0.8222	0.0287	0.002	0.834	0.0022	0.0	0.185	0.0033	0.0
100perc_10repeat	0.2	0.1767	0.8225	0.0088	0.0006	0.0	0.0	0.0	0.8222	0.8201	0.0354	0.0025	0.8281	0.0029	0.0	0.1787	0.0035	0.0
5perc_10repeat	0.25	0.1765	0.8229	0.0096	0.0007	0.0	0.0	0.0	0.8235	0.8195	0.0286	0.002	0.8553	0.0025	0.0	0.2713	0.0076	0.0
15perc_2repeat	0.3	0.178	0.8214	0.0108	0.0008	0.0	0.0	0.0	0.8215	0.8234	0.025	0.0018	0.8603	0.0023	0.0	0.2625	0.0058	0.0
30perc_2repeat	0.3	0.1769	0.8224	0.0111	0.0008	0.0	0.0	0.0	0.8215	0.8211	0.0258	0.0018	0.8526	0.0021	0.0	0.2642	0.0053	0.0
40perc_5repeat	0.25	0.177	0.8224	0.0092	0.0007	0.0	0.0	0.0	0.8211	0.821	0.0274	0.0019	0.8486	0.0022	0.0	0.2517	0.0057	0.0
5perc_5repeat	0.3	0.1772	0.8221	0.0112	0.0008	0.0	0.0	0.0	0.8215	0.8217	0.026	0.0018	0.8581	0.0022	0.0	0.2702	0.0066	0.0
15perc_5repeat	0.3	0.1788	0.8206	0.0106	0.0008	0.0	0.0	0.0	0.8215	0.8253	0.0247	0.0017	0.8617	0.0021	0.0	0.2515	0.006	0.0
40perc_2repeat	0.3	0.1775	0.8219	0.0106	0.0008	0.0	0.0	0.0	0.8215	0.8222	0.0247	0.0017	0.8521	0.0021	0.0	0.2465	0.0051	0.0
5perc_10repeat	0.3	0.1772	0.8222	0.0108	0.0008	0.0	0.0	0.0	0.8215	0.8217	0.025	0.0018	0.8599	0.0021	0.0	0.2774	0.0065	0.0
40perc_5repeat	0.3	0.1769	0.8225	0.0101	0.0007	0.0	0.0	0.0	0.8241	0.8209	0.0234	0.0017	0.8503	0.0019	0.0	0.2455	0.0048	0.0
5perc_2repeat	0.3	0.177	0.8224	0.0107	0.0008	0.0	0.0	0.0	0.8228	0.8211	0.0249	0.0018	0.8615	0.0022	0.0	0.2852	0.006	0.0
50perc_2repeat	0.3	0.177	0.8223	0.0102	0.0007	0.0	0.0	0.0	0.8215	0.8213	0.0236	0.0017	0.8499	0.0021	0.0	0.2474	0.0048	0.0
40perc_10repeat	0.3	0.1769	0.8225	0.0109	0.0008	0.0	0.0	0.0	0.8241	0.821	0.0253	0.0018	0.8467	0.0022	0.0	0.2409	0.0042	0.0
60perc_2repeat	0.3	0.1769	0.8224	0.011	0.0008	0.0	0.0	0.0	0.8215	0.8211	0.0256	0.0018	0.8464	0.002	0.0	0.2322	0.0047	0.0
50perc_5repeat	0.3	0.1771	0.8223	0.0103	0.0007	0.0	0.0	0.0	0.8215	0.8214	0.0239	0.0017	0.8469	0.0018	0.0	0.2303	0.0043	0.0
70perc_2repeat	0.3	0.1762	0.8231	0.0109	0.0008	0.0	0.0	0.0	0.8215	0.8195	0.0253	0.0018	0.8435	0.0021	0.0	0.2302	0.0044	0.0
80perc_2repeat	0.3	0.1765	0.8228	0.0102	0.0007	0.0	0.0	0.0	0.8215	0.8202	0.0237	0.0017	0.8406	0.0019	0.0	0.2212	0.0039	0.0
60perc_5repeat	0.3	0.1777	0.8216	0.0104	0.0007	0.0	0.0	0.0	0.8215	0.8229	0.0242	0.0017	0.8472	0.002	0.0	0.2222	0.0038	0.0
100perc_10repeat	0.25	0.1762	0.8231	0.0095	0.0007	0.0	0.0	0.0	0.8211	0.8189	0.0283	0.002	0.8282	0.0022	0.0	0.1791	0.0029	0.0
90perc_2repeat	0.3	0.1782	0.8211	0.0111	0.0008	0.0	0.0	0.0	0.8215	0.8241	0.0259	0.0018	0.8441	0.0021	0.0	0.2116	0.0037	0.0
100perc_2repeat	0.3	0.1768	0.8225	0.0106	0.0007	0.0	0.0	0.0	0.8215	0.8208	0.0245	0.0017	0.8382	0.002	0.0	0.205	0.0036	0.0
70perc_5repeat	0.3	0.1773	0.8221	0.01	0.0007	0.0	0.0	0.0	0.8215	0.8218	0.0232	0.0016	0.8431	0.0018	0.0	0.2161	0.0037	0.0
30perc_10repeat	0.3	0.1782	0.8212	0.0114	0.0008	0.0	0.0	0.0	0.8215	0.824	0.0265	0.0019	0.855	0.002	0.0	0.24	0.0046	0.0
50perc_10repeat	0.3	0.1773	0.8221	0.0097	0.0007	0.0	0.0	0.0	0.8215	0.8218	0.0226	0.0016	0.8452	0.0019	0.0	0.2245	0.0034	0.0
80perc_5repeat	0.3	0.1773	0.822	0.0108	0.0008	0.0	0.0	0.0	0.8215	0.822	0.0251	0.0018	0.8386	0.0021	0.0	0.201	0.0034	0.0
15perc_2repeat	0.35	0.1756	0.8238	0.0122	0.0009	0.0	0.0	0.0	0.822	0.8187	0.0226	0.0016	0.853	0.0021	0.0	0.2633	0.005	0.0
90perc_5repeat	0.3	0.1779	0.8215	0.0104	0.0007	0.0	0.0	0.0	0.8215	0.8233	0.0241	0.0017	0.8374	0.0019	0.0	0.1973	0.0029	0.0
100perc_5repeat	0.3	0.1765	0.8228	0.0107	0.0008	0.0	0.0	0.0	0.8241	0.8203	0.0248	0.0018	0.8334	0.0019	0.0	0.1882	0.0029	0.0
60perc_10repeat	0.3	0.1775	0.8219	0.0103	0.0007	0.0	0.0	0.0	0.8215	0.8224	0.0239	0.0017	0.8429	0.0021	0.0	0.2077	0.0033	0.0
5perc_5repeat	0.35	0.1772	0.8223	0.0115	0.0008	0.0	0.0	0.0	0.822	0.8216	0.0214	0.0015	0.8617	0.0019	0.0	0.2695	0.0058	0.0
15perc_10repeat	0.3	0.1755	0.8239	0.0109	0.0008	0.0	0.0	0.0	0.8241	0.8177	0.0252	0.0018	0.8549	0.0023	0.0	0.2703	0.0052	0.0
70perc_10repeat	0.3	0.1767	0.8226	0.0108	0.0008	0.0	0.0	0.0	0.8215	0.8206	0.0251	0.0018	0.8394	0.002	0.0	0.2057	0.0033	0.0
80perc_10repeat	0.3	0.1765	0.8228	0.0109	0.0008	0.0	0.0	0.0	0.8215	0.8202	0.0254	0.0018	0.8362	0.002	0.0	0.1975	0.0029	0.0
100perc_10repeat	0.3	0.1773	0.822	0.0105	0.0007	0.0	0.0	0.0	0.8215	0.8221	0.0245	0.0017	0.8322	0.0019	0.0	0.1763	0.0023	0.0
40perc_5repeat	0.35	0.177	0.8224	0.0118	0.0008	0.0	0.0	0.0	0.822	0.8214	0.0218	0.0015	0.8517	0.0016	0.0	0.2345	0.0039	0.0
30perc_5repeat	0.3	0.1761	0.8232	0.0097	0.0007	0.0	0.0	0.0	0.8241	0.8192	0.0225	0.0016	0.8516	0.0018	0.0	0.2581	0.0048	0.0
5perc_2repeat	0.35	0.1769	0.8225	0.0122	0.0009	0.0	0.0	0.0	0.822	0.8212	0.0227	0.0016	0.8599	0.002	0.0	0.2796	0.0053	0.0
50perc_10repeat	0.35	0.178	0.8214	0.0116	0.0008	0.0	0.0	0.0	0.822	0.8232	0.0215	0.0015	0.8485	0.0016	0.0	0.2274	0.0036	0.0
70perc_2repeat	0.35	0.1773	0.8221	0.0124	0.0009	0.0	0.0	0.0	0.822	0.8219	0.0229	0.0016	0.8456	0.0018	0.0	0.2264	0.0038	0.0
30perc_2repeat	0.35	0.1787	0.8207	0.0121	0.0009	0.0	0.0	0.0	0.8206	0.8245	0.0223	0.0016	0.8572	0.0019	0.0	0.2492	0.0047	0.0
50perc_5repeat	0.35	0.177	0.8224	0.0111	0.0008	0.0	0.0	0.0	0.822	0.8213	0.0206	0.0015	0.8495	0.0018	0.0	0.2323	0.0035	0.0
15perc_5repeat	0.35	0.1771	0.8224	0.0118	0.0008	0.0	0.0	0.0	0.822	0.8214	0.0218	0.0015	0.8592	0.0019	0.0	0.2676	0.0052	0.0
60perc_5repeat	0.35	0.1772	0.8222	0.0112	0.0008	0.0	0.0	0.0	0.822	0.8217	0.0208	0.0015	0.8447	0.0016	0.0	0.2189	0.0035	0.0
50perc_2repeat	0.35	0.1771	0.8222	0.0124	0.0009	0.0	0.0	0.0	0.822	0.8216	0.023	0.0016	0.8499	0.0019	0.0	0.2366	0.0041	0.0
30perc_5repeat	0.35	0.1765	0.8229	0.0116	0.0008	0.0	0.0	0.0	0.8249	0.8203	0.0215	0.0015	0.8517	0.0017	0.0	0.2513	0.0042	0.0
90perc_10repeat	0.3	0.1784	0.8209	0.0108	0.0008	0.0	0.0	0.0	0.8202	0.8247	0.025	0.0018	0.8382	0.0019	0.0	0.1824	0.0027	0.0
90perc_2repeat	0.35	0.1775	0.8219	0.0116	0.0008	0.0	0.0	0.0	0.822	0.8223	0.0215	0.0015	0.843	0.0019	0.0	0.2108	0.0032	0.0
5perc_10repeat	0.35	0.1753	0.8241	0.0124	0.0009	0.0	0.0	0.0	0.8234	0.8182	0.0229	0.0016	0.8595	0.002	0.0	0.2801	0.005	0.0
80perc_5repeat	0.35	0.1777	0.8217	0.0112	0.0008	0.0	0.0	0.0	0.822	0.8226	0.0208	0.0015	0.8422	0.0017	0.0	0.2047	0.0029	0.0
15perc_10repeat	0.35	0.1751	0.8243	0.012	0.0008	0.0	0.0	0.0	0.8249	0.8179	0.0222	0.0016	0.8549	0.0018	0.0	0.2653	0.0049	0.0
5perc_2repeat	0.4	0.1776	0.8218	0.0133	0.0009	0.0	0.0	0.0	0.8226	0.8223	0.02	0.0014	0.8624	0.0016	0.0	0.274	0.0047	0.0
30perc_10repeat	0.35	0.178	0.8214	0.0123	0.0009	0.0	0.0	0.0	0.8192	0.8231	0.0228	0.0016	0.8549	0.0018	0.0	0.2535	0.0044	0.0
60perc_10repeat	0.35	0.1763	0.8231	0.012	0.0009	0.0	0.0	0.0	0.822	0.8201	0.0223	0.0016	0.8418	0.0017	0.0	0.2186	0.0033	0.0
100perc_2repeat	0.35	0.1777	0.8216	0.0117	0.0008	0.0	0.0	0.0	0.822	0.8227	0.0218	0.0015	0.8403	0.0018	0.0	0.2061	0.0031	0.0
90perc_5repeat	0.35	0.1765	0.8229	0.0113	0.0008	0.0	0.0	0.0	0.822	0.8204	0.0209	0.0015	0.8358	0.0017	0.0	0.1935	0.0026	0.0
40perc_10repeat	0.35	0.1784	0.821	0.0118	0.0008	0.0	0.0	0.0	0.8192	0.8238	0.0218	0.0015	0.8525	0.0017	0.0	0.2343	0.0039	0.0
60perc_2repeat	0.35	0.1762	0.8231	0.0127	0.0009	0.0	0.0	0.0	0.8249	0.82	0.0235	0.0017	0.8466	0.0018	0.0	0.2389	0.0044	0.0
30perc_2repeat	0.4	0.1767	0.8227	0.0144	0.001	0.0	0.0	0.0	0.8226	0.8209	0.0216	0.0015	0.8536	0.0017	0.0	0.2541	0.0042	0.0
70perc_5repeat	0.35	0.177	0.8224	0.0121	0.0009	0.0	0.0	0.0	0.822	0.8213	0.0224	0.0016	0.8414	0.0017	0.0	0.2151	0.0033	0.0
100perc_5repeat	0.35	0.177	0.8223	0.0121	0.0009	0.0	0.0	0.0	0.822	0.8215	0.0224	0.0016	0.834	0.0017	0.0	0.1865	0.0024	0.0
40perc_2repeat	0.4	0.1771	0.8223	0.0132	0.0009	0.0	0.0	0.0	0.8226	0.8216	0.0198	0.0014	0.8536	0.0016	0.0	0.2517	0.0041	0.0
5perc_5repeat	0.4	0.1768	0.8226	0.0132	0.0009	0.0	0.0	0.0	0.8226	0.8211	0.0198	0.0014	0.8602	0.0017	0.0	0.2822	0.0046	0.0
40perc_2repeat	0.35	0.1774	0.822	0.0109	0.0008	0.0	0.0	0.0	0.822	0.8221	0.0203	0.0014	0.8536	0.0017	0.0	0.2529	0.0041	0.0
15perc_5repeat	0.4	0.1765	0.8229	0.0145	0.001	0.0	0.0	0.0	0.8257	0.8206	0.0217	0.0015	0.8584	0.0016	0.0	0.2697	0.0048	0.0
80perc_10repeat	0.35	0.178	0.8213	0.013	0.0009	0.0	0.0	0.0	0.822	0.8233	0.0241	0.0017	0.8401	0.0019	0.0	0.1965	0.0028	0.0
50perc_2repeat	0.4	0.1774	0.8219	0.0135	0.001	0.0	0.0	0.0	0.8226	0.8221	0.0203	0.0014	0.8527	0.0017	0.0	0.2406	0.0036	0.0
30perc_5repeat	0.4	0.1781	0.8213	0.0139	0.001	0.0	0.0	0.0	0.8196	0.8231	0.0209	0.0015	0.8571	0.0014	0.0	0.2509	0.0039	0.0
90perc_10repeat	0.35	0.1767	0.8226	0.0113	0.0008	0.0	0.0	0.0	0.8249	0.821	0.021	0.0015	0.8342	0.0016	0.0	0.186	0.0021	0.0
15perc_2repeat	0.4	0.1776	0.8218	0.013	0.0009	0.0	0.0	0.0	0.8226	0.8223	0.0195	0.0014	0.861	0.0016	0.0	0.2685	0.0044	0.0
40perc_5repeat	0.4	0.1785	0.8209	0.0131	0.0009	0.0	0.0	0.0	0.8196	0.8236	0.0196	0.0014	0.8534	0.0015	0.0	0.2391	0.0036	0.0
50perc_5repeat	0.4	0.1757	0.8237	0.0134	0.0009	0.0	0.0	0.0	0.8226	0.8195	0.0201	0.0014	0.8476	0.0016	0.0	0.2335	0.0035	0.0
5perc_10repeat	0.4	0.176	0.8235	0.0131	0.0009	0.0	0.0	0.0	0.8226	0.8199	0.0197	0.0014	0.8593	0.0015	0.0	0.2761	0.0049	0.0
15perc_10repeat	0.4	0.1773	0.822	0.0138	0.001	0.0	0.0	0.0	0.8226	0.822	0.0206	0.0015	0.8573	0.0017	0.0	0.2557	0.0043	0.0
60perc_2repeat	0.4	0.1766	0.8228	0.0137	0.001	0.0	0.0	0.0	0.8226	0.8208	0.0206	0.0015	0.8502	0.0015	0.0	0.2345	0.0034	0.0
80perc_2repeat	0.35	0.1775	0.8219	0.0127	0.0009	0.0	0.0	0.0	0.8192	0.8223	0.0236	0.0017	0.8441	0.0018	0.0	0.2224	0.0037	0.0
30perc_10repeat	0.4	0.1775	0.8219	0.0137	0.001	0.0	0.0	0.0	0.8226	0.8221	0.0205	0.0015	0.8538	0.0016	0.0	0.2444	0.0038	0.0
50perc_10repeat	0.4	0.1769	0.8224	0.0124	0.0009	0.0	0.0	0.0	0.8211	0.8214	0.0186	0.0013	0.8465	0.0015	0.0	0.2246	0.0033	0.0
70perc_2repeat	0.4	0.1782	0.8212	0.0139	0.001	0.0	0.0	0.0	0.8211	0.8233	0.0208	0.0015	0.8489	0.0016	0.0	0.2271	0.0032	0.0
70perc_5repeat	0.4	0.1767	0.8226	0.014	0.001	0.0	0.0	0.0	0.8226	0.8212	0.021	0.0015	0.8422	0.0016	0.0	0.2114	0.0028	0.0
80perc_2repeat	0.4	0.1752	0.8241	0.0132	0.0009	0.0	0.0	0.0	0.8226	0.8189	0.0198	0.0014	0.8398	0.0016	0.0	0.2229	0.003	0.0
100perc_10repeat	0.35	0.1781	0.8212	0.0113	0.0008	0.0	0.0	0.0	0.8192	0.8235	0.021	0.0015	0.8348	0.0016	0.0	0.1754	0.002	0.0
100perc_2repeat	0.4	0.1776	0.8218	0.0126	0.0009	0.0	0.0	0.0	0.8226	0.8224	0.0188	0.0013	0.8412	0.0016	0.0	0.2048	0.0029	0.0
60perc_5repeat	0.4	0.1783	0.8211	0.0131	0.0009	0.0	0.0	0.0	0.8196	0.8235	0.0197	0.0014	0.848	0.0016	0.0	0.2175	0.0031	0.0
40perc_10repeat	0.4	0.1775	0.8218	0.0138	0.001	0.0	0.0	0.0	0.8226	0.8223	0.0207	0.0015	0.8493	0.0015	0.0	0.2333	0.0035	0.0
30perc_2repeat	0.45	0.178	0.8214	0.0153	0.0011	0.0	0.0	0.0	0.8227	0.8227	0.0186	0.0013	0.8572	0.0015	0.0	0.2559	0.0037	0.0
40perc_2repeat	0.45	0.1775	0.8219	0.0146	0.001	0.0	0.0	0.0	0.8227	0.8221	0.0178	0.0013	0.8537	0.0014	0.0	0.2521	0.0038	0.0
5perc_5repeat	0.45	0.1785	0.8209	0.0144	0.001	0.0	0.0	0.0	0.8227	0.8233	0.0175	0.0012	0.8622	0.0015	0.0	0.2682	0.0041	0.0
50perc_2repeat	0.45	0.1767	0.8227	0.0143	0.001	0.0	0.0	0.0	0.8227	0.8212	0.0174	0.0012	0.8502	0.0014	0.0	0.2367	0.0034	0.0
60perc_2repeat	0.45	0.1764	0.823	0.0147	0.001	0.0	0.0	0.0	0.8227	0.8209	0.0178	0.0013	0.848	0.0015	0.0	0.2328	0.0033	0.0
70perc_2repeat	0.45	0.1786	0.8208	0.0144	0.001	0.0	0.0	0.0	0.8211	0.8235	0.0175	0.0012	0.8491	0.0014	0.0	0.224	0.0031	0.0
80perc_2repeat	0.45	0.1782	0.8212	0.0148	0.001	0.0	0.0	0.0	0.8227	0.823	0.018	0.0013	0.8464	0.0014	0.0	0.2155	0.0027	0.0
50perc_5repeat	0.45	0.1754	0.824	0.0142	0.001	0.0	0.0	0.0	0.8227	0.8196	0.0172	0.0012	0.8466	0.0013	0.0	0.2284	0.0029	0.0
60perc_5repeat	0.45	0.1767	0.8226	0.0137	0.001	0.0	0.0	0.0	0.8227	0.8213	0.0167	0.0012	0.8458	0.0013	0.0	0.2205	0.0026	0.0
5perc_10repeat	0.45	0.1784	0.821	0.0146	0.001	0.0	0.0	0.0	0.8194	0.8233	0.0177	0.0013	0.864	0.0014	0.0	0.2729	0.0043	0.0
100perc_10repeat	0.4	0.1788	0.8206	0.0124	0.0009	0.0	0.0	0.0	0.8196	0.8242	0.0186	0.0013	0.8345	0.0015	0.0	0.1755	0.0017	0.0
70perc_5repeat	0.45	0.1768	0.8226	0.0155	0.0011	0.0	0.0	0.0	0.8227	0.8214	0.0188	0.0013	0.8422	0.0015	0.0	0.2139	0.0025	0.0
90perc_2repeat	0.45	0.1787	0.8207	0.0137	0.001	0.0	0.0	0.0	0.8194	0.8237	0.0167	0.0012	0.8454	0.0013	0.0	0.2127	0.0027	0.0
15perc_10repeat	0.45	0.1792	0.8202	0.014	0.001	0.0	0.0	0.0	0.8194	0.8242	0.017	0.0012	0.8609	0.0014	0.0	0.2571	0.0037	0.0
80perc_10repeat	0.4	0.178	0.8213	0.0131	0.0009	0.0	0.0	0.0	0.8226	0.8231	0.0196	0.0014	0.8406	0.0015	0.0	0.1939	0.0023	0.0
15perc_5repeat	0.45	0.1768	0.8226	0.0147	0.001	0.0	0.0	0.0	0.8227	0.8213	0.0179	0.0013	0.8591	0.0013	0.0	0.2664	0.004	0.0
100perc_2repeat	0.45	0.1784	0.8209	0.0135	0.001	0.0	0.0	0.0	0.8194	0.8234	0.0164	0.0012	0.8424	0.0013	0.0	0.203	0.0023	0.0
80perc_5repeat	0.45	0.1798	0.8195	0.0154	0.0011	0.0	0.0	0.0	0.8194	0.825	0.0188	0.0013	0.8431	0.0014	0.0	0.2034	0.0023	0.0
40perc_10repeat	0.45	0.1759	0.8235	0.015	0.0011	0.0	0.0	0.0	0.8227	0.8203	0.0182	0.0013	0.8493	0.0014	0.0	0.2419	0.003	0.0
90perc_5repeat	0.45	0.1795	0.8199	0.0158	0.0011	0.0	0.0	0.0	0.8194	0.8246	0.0192	0.0014	0.8411	0.0015	0.0	0.1917	0.0024	0.0
60perc_10repeat	0.45	0.178	0.8214	0.0165	0.0012	0.0	0.0	0.0	0.8211	0.8228	0.0201	0.0014	0.8452	0.0015	0.0	0.2149	0.0027	0.0
90perc_2repeat	0.4	0.177	0.8224	0.0143	0.001	0.0	0.0	0.0	0.8226	0.8214	0.0215	0.0015	0.8405	0.0016	0.0	0.2149	0.0029	0.0
40perc_5repeat	0.45	0.1763	0.8231	0.015	0.0011	0.0	0.0	0.0	0.8227	0.8207	0.0183	0.0013	0.8504	0.0015	0.0	0.2427	0.0034	0.0
5perc_2repeat	0.45	0.1767	0.8227	0.0157	0.0011	0.0	0.0	0.0	0.8227	0.8212	0.0191	0.0013	0.8583	0.0015	0.0	0.2711	0.004	0.0
80perc_5repeat	0.4	0.1763	0.823	0.0129	0.0009	0.0	0.0	0.0	0.8226	0.8206	0.0193	0.0014	0.8395	0.0015	0.0	0.2095	0.0025	0.0
15perc_2repeat	0.45	0.1778	0.8216	0.0141	0.001	0.0	0.0	0.0	0.8227	0.8226	0.0171	0.0012	0.8578	0.0014	0.0	0.2612	0.0045	0.0
60perc_10repeat	0.4	0.1784	0.821	0.0152	0.0011	0.0	0.0	0.0	0.8196	0.8235	0.0228	0.0016	0.8469	0.0017	0.0	0.216	0.0032	0.0
80perc_10repeat	0.45	0.1756	0.8237	0.0137	0.001	0.0	0.0	0.0	0.8227	0.8199	0.0167	0.0012	0.8378	0.0013	0.0	0.1978	0.0019	0.0
90perc_5repeat	0.4	0.1778	0.8215	0.0128	0.0009	0.0	0.0	0.0	0.8226	0.8228	0.0192	0.0014	0.8382	0.0015	0.0	0.1924	0.0024	0.0
100perc_5repeat	0.45	0.1772	0.8221	0.0157	0.0011	0.0	0.0	0.0	0.8227	0.8219	0.0191	0.0014	0.8362	0.0015	0.0	0.1855	0.0021	0.0
70perc_10repeat	0.4	0.1766	0.8228	0.0139	0.001	0.0	0.0	0.0	0.8226	0.8209	0.0208	0.0015	0.841	0.0016	0.0	0.2091	0.0026	0.0
100perc_5repeat	0.4	0.1784	0.821	0.0132	0.0009	0.0	0.0	0.0	0.8211	0.8236	0.0198	0.0014	0.8369	0.0015	0.0	0.1824	0.0019	0.0
30perc_5repeat	0.45	0.1767	0.8227	0.0147	0.001	0.0	0.0	0.0	0.8227	0.8212	0.0179	0.0013	0.8533	0.0015	0.0	0.2483	0.0034	0.0
70perc_10repeat	0.45	0.1782	0.8212	0.0155	0.0011	0.0	0.0	0.0	0.8194	0.823	0.0189	0.0013	0.8435	0.0015	0.0	0.2049	0.0022	0.0
5perc_2repeat	0.5	0.1771	0.8223	0.0151	0.0011	0.0	0.0	0.0	0.8235	0.8217	0.015	0.0011	0.8598	0.0013	0.0	0.2739	0.0036	0.0
90perc_10repeat	0.4	0.1782	0.8211	0.0129	0.0009	0.0	0.0	0.0	0.8196	0.8234	0.0193	0.0014	0.8362	0.0015	0.0	0.1868	0.002	0.0
15perc_2repeat	0.5	0.1784	0.821	0.0154	0.0011	0.0	0.0	0.0	0.8235	0.823	0.0153	0.0011	0.8585	0.0012	0.0	0.2666	0.0037	0.0
30perc_2repeat	0.5	0.1785	0.8209	0.0169	0.0012	0.0	0.0	0.0	0.8199	0.8231	0.0168	0.0012	0.8568	0.0013	0.0	0.2533	0.0031	0.0
100perc_10repeat	0.45	0.1774	0.8219	0.0147	0.001	0.0	0.0	0.0	0.8227	0.8222	0.0178	0.0013	0.8333	0.0014	0.0	0.1778	0.0017	0.0
30perc_10repeat	0.45	0.1762	0.8232	0.0155	0.0011	0.0	0.0	0.0	0.8227	0.8206	0.0189	0.0013	0.8543	0.0015	0.0	0.2508	0.0034	0.0
40perc_2repeat	0.5	0.1771	0.8222	0.0159	0.0011	0.0	0.0	0.0	0.8235	0.8218	0.0158	0.0011	0.8537	0.0013	0.0	0.2465	0.0029	0.0
30perc_5repeat	0.5	0.1746	0.8248	0.0156	0.0011	0.0	0.0	0.0	0.8272	0.8192	0.0155	0.0011	0.8521	0.0012	0.0	0.2504	0.003	0.0
50perc_2repeat	0.5	0.1768	0.8226	0.0173	0.0012	0.0	0.0	0.0	0.8235	0.8214	0.0172	0.0012	0.8527	0.0013	0.0	0.2465	0.003	0.0
40perc_5repeat	0.5	0.1778	0.8216	0.0156	0.0011	0.0	0.0	0.0	0.8235	0.8224	0.0156	0.0011	0.8518	0.0012	0.0	0.2427	0.0028	0.0
60perc_2repeat	0.5	0.1762	0.8232	0.0155	0.0011	0.0	0.0	0.0	0.8235	0.8208	0.0154	0.0011	0.8492	0.0012	0.0	0.234	0.0029	0.0
5perc_5repeat	0.5	0.1769	0.8225	0.0176	0.0012	0.0	0.0	0.0	0.8199	0.8215	0.0176	0.0012	0.8624	0.0014	0.0	0.2729	0.0036	0.0
70perc_2repeat	0.5	0.1758	0.8235	0.0182	0.0013	0.0	0.0	0.0	0.8254	0.8205	0.0182	0.0013	0.8458	0.0014	0.0	0.225	0.0029	0.0
90perc_10repeat	0.45	0.1787	0.8206	0.0138	0.001	0.0	0.0	0.0	0.8194	0.8237	0.0168	0.0012	0.8369	0.0013	0.0	0.184	0.0018	0.0
50perc_5repeat	0.5	0.1772	0.8222	0.0156	0.0011	0.0	0.0	0.0	0.8235	0.8219	0.0156	0.0011	0.8503	0.0011	0.0	0.2328	0.0028	0.0
60perc_5repeat	0.5	0.178	0.8213	0.0162	0.0011	0.0	0.0	0.0	0.8235	0.8227	0.0161	0.0011	0.8474	0.0013	0.0	0.2218	0.0022	0.0
90perc_2repeat	0.5	0.1786	0.8208	0.0163	0.0012	0.0	0.0	0.0	0.8199	0.8233	0.0163	0.0012	0.8431	0.0013	0.0	0.2097	0.0024	0.0
30perc_10repeat	0.5	0.1797	0.8197	0.0174	0.0012	0.0	0.0	0.0	0.8199	0.8244	0.0174	0.0012	0.8563	0.0014	0.0	0.2443	0.0028	0.0
70perc_5repeat	0.5	0.1783	0.821	0.0165	0.0012	0.0	0.0	0.0	0.8235	0.823	0.0165	0.0012	0.8442	0.0013	0.0	0.2095	0.0022	0.0
15perc_2repeat	0.6	0.1788	0.8206	0.0199	0.0014	0.0	0.0	0.0	0.8211	0.823	0.0132	0.0009	0.86	0.001	0.0	0.2656	0.0029	0.0
40perc_10repeat	0.5	0.1786	0.8208	0.0165	0.0012	0.0	0.0	0.0	0.8235	0.8232	0.0164	0.0012	0.8517	0.0012	0.0	0.2326	0.0027	0.0
80perc_5repeat	0.5	0.1764	0.8229	0.0156	0.0011	0.0	0.0	0.0	0.8235	0.8211	0.0156	0.0011	0.8404	0.0012	0.0	0.2059	0.002	0.0
80perc_2repeat	0.5	0.1781	0.8213	0.0179	0.0013	0.0	0.0	0.0	0.8199	0.8227	0.0178	0.0013	0.8461	0.0015	0.0	0.2169	0.0025	0.0
90perc_5repeat	0.5	0.1782	0.8211	0.0147	0.001	0.0	0.0	0.0	0.8235	0.8229	0.0146	0.001	0.8396	0.0012	0.0	0.1927	0.0018	0.0
50perc_10repeat	0.5	0.1773	0.8221	0.0168	0.0012	0.0	0.0	0.0	0.8235	0.8219	0.0167	0.0012	0.848	0.0014	0.0	0.2268	0.0025	0.0
60perc_10repeat	0.5	0.1778	0.8216	0.0164	0.0012	0.0	0.0	0.0	0.8199	0.8224	0.0163	0.0012	0.8458	0.0012	0.0	0.2178	0.0022	0.0
50perc_10repeat	0.45	0.1788	0.8205	0.0151	0.0011	0.0	0.0	0.0	0.8211	0.8238	0.0184	0.0013	0.8502	0.0014	0.0	0.2272	0.003	0.0
15perc_5repeat	0.5	0.1763	0.8231	0.0168	0.0012	0.0	0.0	0.0	0.8235	0.8209	0.0167	0.0012	0.8568	0.0013	0.0	0.264	0.0037	0.0
80perc_10repeat	0.5	0.1784	0.8209	0.0155	0.0011	0.0	0.0	0.0	0.8199	0.8231	0.0154	0.0011	0.8401	0.0012	0.0	0.1948	0.0019	0.0
40perc_2repeat	0.6	0.1792	0.8201	0.0206	0.0015	0.0	0.0	0.0	0.8211	0.8233	0.0137	0.001	0.8558	0.001	0.0	0.2477	0.0027	0.0
40perc_5repeat	0.6	0.1767	0.8227	0.0196	0.0014	0.0	0.0	0.0	0.8257	0.8216	0.0131	0.0009	0.8519	0.001	0.0	0.2387	0.0024	0.0
90perc_10repeat	0.5	0.1776	0.8217	0.0151	0.0011	0.0	0.0	0.0	0.8235	0.8223	0.0151	0.0011	0.8366	0.0012	0.0	0.1856	0.0017	0.0
50perc_2repeat	0.6	0.179	0.8204	0.0195	0.0014	0.0	0.0	0.0	0.8211	0.8231	0.013	0.0009	0.8528	0.001	0.0	0.2391	0.0023	0.0
5perc_2repeat	0.6	0.1781	0.8213	0.0219	0.0016	0.0	0.0	0.0	0.8211	0.8225	0.0146	0.001	0.8626	0.0011	0.0	0.2748	0.003	0.0
70perc_10repeat	0.5	0.1781	0.8212	0.0171	0.0012	0.0	0.0	0.0	0.8199	0.8228	0.0171	0.0012	0.843	0.0013	0.0	0.2055	0.0022	0.0
15perc_10repeat	0.6	0.1759	0.8235	0.0191	0.0014	0.0	0.0	0.0	0.8234	0.821	0.0128	0.0009	0.8577	0.001	0.0	0.2607	0.0026	0.0
100perc_5repeat	0.5	0.1786	0.8207	0.0169	0.0012	0.0	0.0	0.0	0.8235	0.8233	0.0168	0.0012	0.837	0.0013	0.0	0.1814	0.0018	0.0
5perc_10repeat	0.5	0.1789	0.8205	0.0165	0.0012	0.0	0.0	0.0	0.8199	0.8235	0.0164	0.0012	0.8626	0.0013	0.0	0.2731	0.0038	0.0
15perc_10repeat	0.5	0.1773	0.8221	0.0158	0.0011	0.0	0.0	0.0	0.8199	0.822	0.0157	0.0011	0.8578	0.0013	0.0	0.2605	0.0034	0.0
5perc_5repeat	0.6	0.1764	0.823	0.0196	0.0014	0.0	0.0	0.0	0.8257	0.8214	0.0131	0.0009	0.8608	0.001	0.0	0.2723	0.0027	0.0
100perc_2repeat	0.5	0.1797	0.8197	0.0163	0.0012	0.0	0.0	0.0	0.8199	0.8243	0.0163	0.0012	0.8431	0.0012	0.0	0.2005	0.0023	0.0
30perc_2repeat	0.6	0.1769	0.8225	0.0207	0.0015	0.0	0.0	0.0	0.8257	0.8217	0.0138	0.001	0.8561	0.001	0.0	0.2591	0.0026	0.0
50perc_5repeat	0.6	0.1801	0.8193	0.0184	0.0013	0.0	0.0	0.0	0.8211	0.8238	0.0123	0.0009	0.8512	0.0009	0.0	0.2307	0.0024	0.0
70perc_2repeat	0.6	0.1741	0.8253	0.0215	0.0015	0.0	0.0	0.0	0.8303	0.8199	0.0143	0.001	0.8467	0.001	0.0	0.2275	0.0022	0.0
60perc_5repeat	0.6	0.1786	0.8208	0.0222	0.0016	0.0	0.0	0.0	0.8211	0.8228	0.0148	0.001	0.8464	0.0011	0.0	0.2186	0.0021	0.0
15perc_5repeat	0.6	0.1772	0.8221	0.019	0.0013	0.0	0.0	0.0	0.8211	0.8219	0.0126	0.0009	0.8597	0.001	0.0	0.2662	0.0027	0.0
5perc_2repeat	0.7	0.1773	0.8221	0.0243	0.0017	0.0	0.0	0.0	0.8221	0.822	0.0104	0.0007	0.8625	0.0008	0.0	0.2752	0.0025	0.0
90perc_2repeat	0.6	0.1785	0.8208	0.0205	0.0014	0.0	0.0	0.0	0.8211	0.8228	0.0136	0.001	0.8446	0.0011	0.0	0.212	0.0021	0.0
15perc_2repeat	0.7	0.1749	0.8244	0.0264	0.0019	0.0	0.0	0.0	0.8282	0.821	0.0113	0.0008	0.8599	0.0009	0.0	0.2706	0.0023	0.0
70perc_5repeat	0.6	0.1777	0.8216	0.0193	0.0014	0.0	0.0	0.0	0.8211	0.8223	0.0128	0.0009	0.8441	0.001	0.0	0.2151	0.0017	0.0
30perc_5repeat	0.6	0.176	0.8234	0.0212	0.0015	0.0	0.0	0.0	0.8211	0.8211	0.0141	0.001	0.8551	0.0011	0.0	0.2523	0.0025	0.0
80perc_2repeat	0.6	0.1774	0.8219	0.0206	0.0015	0.0	0.0	0.0	0.8257	0.8221	0.0138	0.001	0.8465	0.0011	0.0	0.2188	0.002	0.0
100perc_2repeat	0.6	0.1772	0.8221	0.0196	0.0014	0.0	0.0	0.0	0.8257	0.822	0.0131	0.0009	0.8405	0.001	0.0	0.2022	0.0018	0.0
50perc_10repeat	0.6	0.175	0.8244	0.0215	0.0015	0.0	0.0	0.0	0.8211	0.8204	0.0143	0.001	0.8467	0.0011	0.0	0.2294	0.0021	0.0
80perc_5repeat	0.6	0.1766	0.8227	0.0198	0.0014	0.0	0.0	0.0	0.8211	0.8215	0.0132	0.0009	0.841	0.001	0.0	0.2027	0.0017	0.0
60perc_2repeat	0.6	0.1775	0.8219	0.0195	0.0014	0.0	0.0	0.0	0.8211	0.8221	0.013	0.0009	0.8501	0.001	0.0	0.2304	0.0025	0.0
5perc_10repeat	0.6	0.1773	0.822	0.0207	0.0015	0.0	0.0	0.0	0.8211	0.822	0.0138	0.001	0.8614	0.001	0.0	0.2756	0.0031	0.0
5perc_5repeat	0.7	0.1797	0.8197	0.0243	0.0017	0.0	0.0	0.0	0.8221	0.823	0.0104	0.0007	0.8627	0.0008	0.0	0.274	0.0023	0.0
90perc_5repeat	0.6	0.1777	0.8216	0.0187	0.0013	0.0	0.0	0.0	0.8211	0.8223	0.0125	0.0009	0.839	0.001	0.0	0.1937	0.0015	0.0
60perc_10repeat	0.6	0.1778	0.8216	0.02	0.0014	0.0	0.0	0.0	0.8211	0.8223	0.0133	0.0009	0.8464	0.001	0.0	0.2153	0.0017	0.0
100perc_5repeat	0.6	0.176	0.8233	0.0202	0.0014	0.0	0.0	0.0	0.8257	0.8212	0.0135	0.001	0.8347	0.0011	0.0	0.1863	0.0014	0.0
15perc_5repeat	0.7	0.1775	0.8219	0.0252	0.0018	0.0	0.0	0.0	0.8221	0.8221	0.0107	0.0008	0.8589	0.0008	0.0	0.2597	0.0021	0.0
50perc_2repeat	0.7	0.1792	0.8201	0.0273	0.0019	0.0	0.0	0.0	0.8221	0.8228	0.0117	0.0008	0.8526	0.0009	0.0	0.2403	0.002	0.0
70perc_10repeat	0.6	0.1791	0.8203	0.0203	0.0014	0.0	0.0	0.0	0.8211	0.8232	0.0135	0.001	0.8438	0.001	0.0	0.2043	0.0017	0.0
100perc_10repeat	0.5	0.1762	0.8231	0.0169	0.0012	0.0	0.0	0.0	0.8217	0.8209	0.0168	0.0012	0.8325	0.0013	0.0	0.1779	0.0016	0.0
40perc_2repeat	0.7	0.1779	0.8215	0.0249	0.0018	0.0	0.0	0.0	0.8221	0.8222	0.0106	0.0008	0.855	0.0008	0.0	0.2493	0.0019	0.0
30perc_10repeat	0.6	0.1769	0.8224	0.0206	0.0015	0.0	0.0	0.0	0.8211	0.8218	0.0137	0.001	0.854	0.001	0.0	0.2509	0.0026	0.0
60perc_2repeat	0.7	0.1807	0.8186	0.0245	0.0017	0.0	0.0	0.0	0.816	0.8235	0.0105	0.0007	0.8512	0.0008	0.0	0.2301	0.0018	0.0
90perc_10repeat	0.6	0.175	0.8243	0.0191	0.0014	0.0	0.0	0.0	0.8234	0.8205	0.0127	0.0009	0.8346	0.0009	0.0	0.1883	0.0014	0.0
40perc_5repeat	0.7	0.1797	0.8197	0.0232	0.0016	0.0	0.0	0.0	0.8221	0.823	0.0099	0.0007	0.8536	0.0008	0.0	0.2407	0.0017	0.0
40perc_10repeat	0.6	0.1765	0.8229	0.0205	0.0014	0.0	0.0	0.0	0.8234	0.8215	0.0136	0.001	0.8506	0.001	0.0	0.2379	0.0022	0.0
100perc_10repeat	0.6	0.1778	0.8215	0.0184	0.0013	0.0	0.0	0.0	0.8211	0.8224	0.0123	0.0009	0.8339	0.001	0.0	0.1764	0.0013	0.0
15perc_10repeat	0.7	0.1823	0.8171	0.025	0.0018	0.0	0.0	0.0	0.816	0.8241	0.0107	0.0008	0.8606	0.0008	0.0	0.2584	0.0022	0.0
90perc_2repeat	0.7	0.1745	0.8248	0.0252	0.0018	0.0	0.0	0.0	0.8221	0.8208	0.0108	0.0008	0.8423	0.0008	0.0	0.2138	0.0016	0.0
30perc_2repeat	0.7	0.1784	0.821	0.0249	0.0018	0.0	0.0	0.0	0.8221	0.8225	0.0106	0.0008	0.8561	0.0008	0.0	0.2508	0.0022	0.0
5perc_10repeat	0.7	0.1748	0.8245	0.0256	0.0018	0.0	0.0	0.0	0.8221	0.8209	0.0109	0.0008	0.861	0.0009	0.0	0.278	0.0021	0.0
15perc_2repeat	0.8	0.1763	0.8231	0.0355	0.0025	0.0	0.0	0.0	0.8241	0.8218	0.0088	0.0006	0.86	0.0006	0.0	0.2679	0.0018	0.0
30perc_10repeat	0.7	0.1779	0.8215	0.026	0.0018	0.0	0.0	0.0	0.8221	0.8222	0.0111	0.0008	0.8546	0.0008	0.0	0.2472	0.0019	0.0
100perc_2repeat	0.7	0.179	0.8204	0.0263	0.0019	0.0	0.0	0.0	0.8221	0.8227	0.0112	0.0008	0.8416	0.0008	0.0	0.2042	0.0016	0.0
80perc_5repeat	0.7	0.1775	0.8219	0.0252	0.0018	0.0	0.0	0.0	0.8221	0.8221	0.0107	0.0008	0.8415	0.0008	0.0	0.2044	0.0014	0.0
40perc_10repeat	0.7	0.1777	0.8217	0.0242	0.0017	0.0	0.0	0.0	0.8221	0.8222	0.0103	0.0007	0.8517	0.0007	0.0	0.2382	0.0019	0.0
40perc_2repeat	0.8	0.1773	0.822	0.0336	0.0024	0.0	0.0	0.0	0.8241	0.822	0.0083	0.0006	0.8546	0.0006	0.0	0.2497	0.0017	0.0
30perc_5repeat	0.7	0.1777	0.8217	0.0258	0.0018	0.0	0.0	0.0	0.8221	0.8222	0.011	0.0008	0.8552	0.0009	0.0	0.2519	0.0019	0.0
60perc_5repeat	0.7	0.177	0.8225	0.0246	0.0017	0.0	0.0	0.0	0.8221	0.8218	0.0105	0.0007	0.8474	0.0008	0.0	0.2221	0.0016	0.0
15perc_5repeat	0.8	0.1798	0.8195	0.0333	0.0024	0.0	0.0	0.0	0.8241	0.8226	0.0082	0.0006	0.8597	0.0006	0.0	0.263	0.0017	0.0
70perc_2repeat	0.7	0.1767	0.8227	0.0235	0.0017	0.0	0.0	0.0	0.8221	0.8217	0.01	0.0007	0.8484	0.0008	0.0	0.2269	0.0017	0.0
5perc_2repeat	0.8	0.182	0.8174	0.0321	0.0023	0.0	0.0	0.0	0.8148	0.8232	0.0079	0.0006	0.863	0.0006	0.0	0.2731	0.0016	0.0
50perc_2repeat	0.8	0.1789	0.8206	0.0346	0.0024	0.0	0.0	0.0	0.8241	0.8224	0.0086	0.0006	0.8529	0.0007	0.0	0.237	0.0015	0.0
80perc_2repeat	0.7	0.1769	0.8224	0.0255	0.0018	0.0	0.0	0.0	0.8221	0.8218	0.0109	0.0008	0.8452	0.0008	0.0	0.2194	0.0016	0.0
50perc_5repeat	0.7	0.1746	0.8248	0.0264	0.0019	0.0	0.0	0.0	0.8221	0.8208	0.0113	0.0008	0.8483	0.0008	0.0	0.2317	0.0017	0.0
30perc_5repeat	0.8	0.1798	0.8195	0.0328	0.0023	0.0	0.0	0.0	0.8241	0.8226	0.0081	0.0006	0.8552	0.0006	0.0	0.2482	0.0014	0.0
5perc_5repeat	0.8	0.1796	0.8198	0.0344	0.0024	0.0	0.0	0.0	0.8148	0.8226	0.0085	0.0006	0.8626	0.0006	0.0	0.2753	0.0017	0.0
100perc_5repeat	0.7	0.1773	0.8221	0.0258	0.0018	0.0	0.0	0.0	0.8221	0.822	0.011	0.0008	0.8364	0.0008	0.0	0.1842	0.0013	0.0
30perc_2repeat	0.8	0.1811	0.8182	0.0329	0.0023	0.0	0.0	0.0	0.8241	0.823	0.0081	0.0006	0.8576	0.0006	0.0	0.2521	0.0016	0.0
80perc_10repeat	0.6	0.1764	0.8229	0.0202	0.0014	0.0	0.0	0.0	0.8257	0.8214	0.0135	0.001	0.8388	0.001	0.0	0.1959	0.0015	0.0
40perc_5repeat	0.8	0.1783	0.8211	0.0316	0.0022	0.0	0.0	0.0	0.8148	0.8223	0.0078	0.0006	0.8528	0.0006	0.0	0.2385	0.0014	0.0
70perc_2repeat	0.8	0.1788	0.8205	0.0324	0.0023	0.0	0.0	0.0	0.8241	0.8224	0.008	0.0006	0.8487	0.0006	0.0	0.2241	0.0013	0.0
60perc_2repeat	0.8	0.1736	0.8258	0.0323	0.0023	0.0	0.0	0.0	0.8241	0.8211	0.008	0.0006	0.8494	0.0006	0.0	0.236	0.0014	0.0
50perc_10repeat	0.7	0.1772	0.8221	0.0267	0.0019	0.0	0.0	0.0	0.8221	0.822	0.0114	0.0008	0.8475	0.0009	0.0	0.2257	0.0016	0.0
80perc_10repeat	0.7	0.1774	0.822	0.0249	0.0018	0.0	0.0	0.0	0.8221	0.822	0.0106	0.0008	0.8391	0.0009	0.0	0.197	0.0012	0.0
50perc_5repeat	0.8	0.1766	0.8227	0.0336	0.0024	0.0	0.0	0.0	0.8241	0.8219	0.0083	0.0006	0.8496	0.0007	0.0	0.2316	0.0013	0.0
80perc_2repeat	0.8	0.1799	0.8195	0.0338	0.0024	0.0	0.0	0.0	0.8241	0.8226	0.0084	0.0006	0.8467	0.0006	0.0	0.217	0.0014	0.0
70perc_5repeat	0.7	0.1788	0.8206	0.0256	0.0018	0.0	0.0	0.0	0.8221	0.8226	0.0109	0.0008	0.8446	0.0008	0.0	0.2126	0.0015	0.0
5perc_10repeat	0.8	0.1747	0.8247	0.0347	0.0025	0.0	0.0	0.0	0.8241	0.8214	0.0086	0.0006	0.8607	0.0007	0.0	0.273	0.0018	0.0
90perc_10repeat	0.7	0.18	0.8194	0.028	0.002	0.0	0.0	0.0	0.8221	0.8231	0.0119	0.0008	0.8374	0.0009	0.0	0.1862	0.0012	0.0
5perc_2repeat	0.9	0.1813	0.8181	0.0446	0.0032	0.0	0.0	0.0	0.8148	0.8224	0.0049	0.0003	0.8627	0.0004	0.0	0.2734	0.0013	0.0
70perc_5repeat	0.8	0.1804	0.8189	0.0316	0.0022	0.0	0.0	0.0	0.8241	0.8228	0.0078	0.0006	0.8448	0.0006	0.0	0.2137	0.0011	0.0
100perc_10repeat	0.7	0.1744	0.8249	0.0247	0.0017	0.0	0.0	0.0	0.8221	0.8208	0.0105	0.0007	0.8327	0.0008	0.0	0.178	0.001	0.0
90perc_5repeat	0.7	0.1762	0.8232	0.025	0.0018	0.0	0.0	0.0	0.8221	0.8215	0.0106	0.0008	0.8382	0.0008	0.0	0.194	0.0012	0.0
100perc_2repeat	0.8	0.1756	0.8238	0.0301	0.0021	0.0	0.0	0.0	0.8241	0.8216	0.0074	0.0005	0.8413	0.0006	0.0	0.2038	0.0012	0.0
30perc_10repeat	0.8	0.1787	0.8206	0.0321	0.0023	0.0	0.0	0.0	0.8241	0.8224	0.0079	0.0006	0.8547	0.0006	0.0	0.2479	0.0015	0.0
15perc_2repeat	0.9	0.1793	0.8201	0.0494	0.0035	0.0	0.0	0.0	0.8148	0.8222	0.0054	0.0004	0.8603	0.0004	0.0	0.2683	0.0012	0.0
50perc_2repeat	0.9	0.1742	0.8252	0.0476	0.0034	0.0	0.0	0.0	0.8241	0.8217	0.0052	0.0004	0.8524	0.0004	0.0	0.2398	0.0011	0.0
80perc_5repeat	0.8	0.1763	0.8231	0.0345	0.0024	0.0	0.0	0.0	0.8241	0.8218	0.0085	0.0006	0.8415	0.0007	0.0	0.2026	0.001	0.0
40perc_10repeat	0.8	0.1765	0.8229	0.033	0.0023	0.0	0.0	0.0	0.8241	0.8218	0.0082	0.0006	0.8513	0.0006	0.0	0.2371	0.0013	0.0
5perc_5repeat	0.9	0.1733	0.8261	0.05	0.0035	0.0	0.0	0.0	0.8333	0.8216	0.0055	0.0004	0.8617	0.0004	0.0	0.2761	0.0012	0.0
60perc_2repeat	0.9	0.1745	0.8249	0.0513	0.0036	0.0	0.0	0.0	0.8333	0.8217	0.0056	0.0004	0.8495	0.0004	0.0	0.2338	0.001	0.0
15perc_5repeat	0.9	0.1746	0.8249	0.0526	0.0037	0.0	0.0	0.0	0.8333	0.8217	0.0058	0.0004	0.8592	0.0004	0.0	0.2663	0.0012	0.0
90perc_2repeat	0.8	0.1762	0.8232	0.0324	0.0023	0.0	0.0	0.0	0.8241	0.8217	0.008	0.0006	0.8437	0.0006	0.0	0.2117	0.0012	0.0
30perc_2repeat	0.9	0.1768	0.8225	0.0495	0.0035	0.0	0.0	0.0	0.8333	0.822	0.0054	0.0004	0.8568	0.0004	0.0	0.2554	0.0012	0.0
60perc_5repeat	0.8	0.1762	0.8231	0.0319	0.0023	0.0	0.0	0.0	0.8241	0.8218	0.0079	0.0006	0.8467	0.0006	0.0	0.223	0.0012	0.0
100perc_5repeat	0.8	0.1746	0.8248	0.0316	0.0022	0.0	0.0	0.0	0.8241	0.8213	0.0078	0.0006	0.8355	0.0006	0.0	0.1858	0.0009	0.0
40perc_2repeat	0.9	0.1753	0.8241	0.0458	0.0032	0.0	0.0	0.0	0.8333	0.8218	0.005	0.0004	0.8543	0.0004	0.0	0.2486	0.0011	0.0
30perc_5repeat	0.9	0.1739	0.8255	0.0473	0.0033	0.0	0.0	0.0	0.8241	0.8216	0.0052	0.0004	0.8547	0.0004	0.0	0.2493	0.0011	0.0
90perc_5repeat	0.8	0.1782	0.8212	0.0321	0.0023	0.0	0.0	0.0	0.8241	0.8222	0.0079	0.0006	0.8392	0.0006	0.0	0.193	0.0011	0.0
60perc_10repeat	0.8	0.1794	0.82	0.0322	0.0023	0.0	0.0	0.0	0.8241	0.8225	0.008	0.0006	0.8461	0.0006	0.0	0.2168	0.0012	0.0
60perc_10repeat	0.7	0.1763	0.823	0.0255	0.0018	0.0	0.0	0.0	0.8221	0.8216	0.0109	0.0008	0.8449	0.0008	0.0	0.2168	0.0015	0.0
80perc_2repeat	0.9	0.1785	0.8208	0.0485	0.0034	0.0	0.0	0.0	0.8333	0.8221	0.0053	0.0004	0.8464	0.0004	0.0	0.2177	0.001	0.0
70perc_2repeat	0.9	0.1748	0.8245	0.0458	0.0032	0.0	0.0	0.0	0.8333	0.8217	0.005	0.0004	0.8478	0.0004	0.0	0.2255	0.001	0.0
40perc_5repeat	0.9	0.1777	0.8217	0.0513	0.0036	0.0	0.0	0.0	0.8333	0.8221	0.0056	0.0004	0.8526	0.0004	0.0	0.2413	0.001	0.0
70perc_10repeat	0.7	0.1772	0.8222	0.0222	0.0016	0.0	0.0	0.0	0.8221	0.822	0.0095	0.0007	0.8423	0.0007	0.0	0.2052	0.0013	0.0
90perc_2repeat	0.9	0.1759	0.8235	0.0503	0.0036	0.0	0.0	0.0	0.8333	0.8219	0.0055	0.0004	0.8432	0.0005	0.0	0.2095	0.0009	0.0
60perc_5repeat	0.9	0.1769	0.8224	0.0486	0.0034	0.0	0.0	0.0	0.8333	0.822	0.0053	0.0004	0.8469	0.0005	0.0	0.2219	0.0009	0.0
100perc_2repeat	0.9	0.1789	0.8205	0.0514	0.0036	0.0	0.0	0.0	0.8148	0.8222	0.0057	0.0004	0.8419	0.0005	0.0	0.2033	0.0009	0.0
70perc_5repeat	0.9	0.1792	0.8202	0.0531	0.0038	0.0	0.0	0.0	0.8333	0.8222	0.0058	0.0004	0.8446	0.0004	0.0	0.2133	0.0008	0.0
80perc_10repeat	0.8	0.1773	0.822	0.0354	0.0025	0.0	0.0	0.0	0.8241	0.822	0.0088	0.0006	0.8396	0.0007	0.0	0.1971	0.0009	0.0
15perc_10repeat	0.8	0.1761	0.8232	0.031	0.0022	0.0	0.0	0.0	0.8241	0.8217	0.0077	0.0005	0.8587	0.0006	0.0	0.2637	0.0017	0.0
90perc_10repeat	0.8	0.1768	0.8225	0.0342	0.0024	0.0	0.0	0.0	0.8241	0.8219	0.0085	0.0006	0.8368	0.0006	0.0	0.1872	0.001	0.0
90perc_5repeat	0.9	0.1776	0.8219	0.0473	0.0033	0.0	0.0	0.0	0.8148	0.822	0.0052	0.0004	0.8391	0.0004	0.0	0.1939	0.0008	0.0
100perc_10repeat	0.8	0.1776	0.8218	0.0299	0.0021	0.0	0.0	0.0	0.8241	0.8221	0.0074	0.0005	0.834	0.0006	0.0	0.1772	0.0007	0.0
40perc_10repeat	0.9	0.182	0.8173	0.0478	0.0034	0.0	0.0	0.0	0.8148	0.8225	0.0053	0.0004	0.8517	0.0004	0.0	0.2349	0.001	0.0
50perc_5repeat	0.9	0.1717	0.8276	0.0465	0.0033	0.0	0.0	0.0	0.8333	0.8214	0.0051	0.0004	0.849	0.0004	0.0	0.2327	0.0009	0.0
50perc_10repeat	0.8	0.1783	0.821	0.0355	0.0025	0.0	0.0	0.0	0.8241	0.8223	0.0088	0.0006	0.8486	0.0007	0.0	0.2251	0.0012	0.0
60perc_10repeat	0.9	0.1794	0.82	0.0451	0.0032	0.0	0.0	0.0	0.8241	0.8222	0.005	0.0004	0.8455	0.0004	0.0	0.2158	0.0007	0.0
80perc_5repeat	0.9	0.173	0.8264	0.0473	0.0033	0.0	0.0	0.0	0.8333	0.8215	0.0052	0.0004	0.8411	0.0004	0.0	0.2049	0.0008	0.0
70perc_10repeat	0.8	0.1754	0.824	0.0352	0.0025	0.0	0.0	0.0	0.8241	0.8215	0.0087	0.0006	0.8422	0.0006	0.0	0.2076	0.0011	0.0
70perc_10repeat	0.9	0.1796	0.8198	0.0507	0.0036	0.0	0.0	0.0	0.8148	0.8223	0.0056	0.0004	0.8428	0.0004	0.0	0.2061	0.0008	0.0
80perc_10repeat	0.9	0.1737	0.8256	0.0436	0.0031	0.0	0.0	0.0	0.8333	0.8216	0.0048	0.0003	0.8395	0.0004	0.0	0.1976	0.0006	0.0
5perc_10repeat	0.9	0.1767	0.8227	0.0518	0.0037	0.0	0.0	0.0	0.8241	0.8219	0.0057	0.0004	0.8621	0.0004	0.0	0.2736	0.0012	0.0
100perc_5repeat	0.9	0.1687	0.8306	0.0477	0.0034	0.0	0.0	0.0	0.8333	0.8211	0.0053	0.0004	0.835	0.0004	0.0	0.1858	0.0007	0.0
15perc_10repeat	0.9	0.1738	0.8256	0.0465	0.0033	0.0	0.0	0.0	0.8333	0.8216	0.0051	0.0004	0.8584	0.0004	0.0	0.2623	0.001	0.0
90perc_10repeat	0.9	0.1741	0.8254	0.0465	0.0033	0.0	0.0	0.0	0.8333	0.8216	0.0051	0.0004	0.8365	0.0004	0.0	0.187	0.0006	0.0
100perc_10repeat	0.9	0.1807	0.8186	0.0485	0.0034	0.0	0.0	0.0	0.8148	0.8224	0.0053	0.0004	0.8339	0.0004	0.0	0.1776	0.0006	0.0
30perc_10repeat	0.9	0.1787	0.8206	0.0522	0.0037	0.0	0.0	0.0	0.8333	0.8222	0.0057	0.0004	0.8544	0.0004	0.0	0.2472	0.001	0.0
50perc_10repeat	0.9	0.1724	0.8269	0.0472	0.0033	0.0	0.0	0.0	0.8333	0.8215	0.0052	0.0004	0.8485	0.0004	0.0	0.2276	0.0008	0.0
