Label	trainingSize	SquaredLoss_Mean	Accuracy_Mean	Accuracy_SD	Accuracy_SE	Precision_Mean	Recall_Mean	F1	Accuracy_Median	PriorClass0_Mean	PriorClass0_SD	PriorClass0_SE	ProbabilityEstimate_0given0_Mean 	ProbabilityEstimate_0given0_SD 	ProbabilityEstimate_0given0_SE 	ProbabilityEstimate_1given1_Mean	ProbabilityEstimate_1given1_SD	ProbabilityEstimate_1given1_SE


100perc_25repeat	0.05	0.4359	0.4982	0.0269	0.0019	0.4307	0.5709	0.491	0.4841	0.4729	0.0756	0.0053	0.5558	0.0211	0.0	0.609	0.0206	0.0
80perc_25repeat	0.05	0.384	0.4969	0.0271	0.0019	0.3965	0.5708	0.468	0.4788	0.4859	0.0429	0.003	0.4939	0.0092	0.0	0.5322	0.0088	0.0
30perc_25repeat	0.1	0.3447	0.5034	0.0304	0.0021	0.3344	0.4017	0.365	0.5179	0.5123	0.029	0.0021	0.5359	0.0042	0.0	0.506	0.0044	0.0
40perc_25repeat	0.1	0.309	0.502	0.0293	0.0021	0.3686	0.3996	0.3835	0.5179	0.5058	0.0211	0.0015	0.5138	0.0032	0.0	0.4963	0.003	0.0
100perc_50repeat	0.05	0.4376	0.4984	0.0271	0.0019	0.4259	0.5714	0.4881	0.4856	0.4718	0.0787	0.0056	0.5484	0.0221	0.0	0.606	0.0213	0.0
5perc_50repeat	0.05	0.4291	0.5022	0.0266	0.0019	0.3204	0.4098	0.3596	0.5178	0.5275	0.0766	0.0054	0.5805	0.0198	0.0	0.5011	0.0207	0.0
90perc_25repeat	0.05	0.4136	0.4981	0.0269	0.0019	0.4142	0.5685	0.4792	0.4805	0.4797	0.0559	0.004	0.5146	0.0128	0.0	0.56	0.0126	0.0
70perc_25repeat	0.05	0.3612	0.4969	0.028	0.002	0.4054	0.5776	0.4764	0.4787	0.4919	0.0293	0.0021	0.4986	0.0062	0.0	0.5261	0.0064	0.0
15perc_25repeat	0.05	0.416	0.502	0.0274	0.0019	0.3022	0.4123	0.3488	0.5205	0.5219	0.0633	0.0045	0.5557	0.0142	0.0	0.4927	0.0147	0.0
5perc_25repeat	0.05	0.4299	0.5012	0.0267	0.0019	0.3202	0.4184	0.3628	0.5161	0.5271	0.0777	0.0055	0.5813	0.0194	0.0	0.5101	0.0203	0.0
50perc_50repeat	0.05	0.2875	0.5009	0.027	0.0019	0.4459	0.4387	0.4423	0.5095	0.5018	0.0128	0.0009	0.5006	0.0029	0.0	0.4921	0.0031	0.0
30perc_25repeat	0.05	0.3738	0.501	0.028	0.002	0.3293	0.4384	0.3761	0.5195	0.5122	0.0394	0.0028	0.5198	0.0075	0.0	0.4893	0.0088	0.0
50perc_25repeat	0.05	0.3086	0.5004	0.0275	0.0019	0.4326	0.4483	0.4403	0.5092	0.503	0.0174	0.0012	0.4984	0.0044	0.0	0.4976	0.004	0.0
50perc_25repeat	0.1	0.2733	0.5014	0.0307	0.0022	0.471	0.4798	0.4753	0.5025	0.5018	0.0127	0.0009	0.5028	0.0019	0.0	0.4996	0.002	0.0
5perc_25repeat	0.1	0.4259	0.5003	0.0285	0.002	0.3575	0.4232	0.3876	0.5161	0.5231	0.0589	0.0042	0.6126	0.0091	0.0	0.5684	0.0092	0.0
15perc_25repeat	0.1	0.3981	0.5004	0.029	0.0021	0.3415	0.4194	0.3765	0.5175	0.5176	0.0469	0.0033	0.572	0.007	0.0	0.533	0.0069	0.0
50perc_75repeat	0.05	0.2793	0.4993	0.0275	0.0019	0.4623	0.458	0.4602	0.4938	0.5007	0.0113	0.0008	0.4971	0.0028	0.0	0.4931	0.0027	0.0
15perc_75repeat	0.05	0.4117	0.5016	0.0268	0.0019	0.309	0.412	0.3531	0.5195	0.5212	0.0615	0.0043	0.5498	0.014	0.0	0.4921	0.0144	0.0
80perc_50repeat	0.05	0.3923	0.4964	0.0273	0.0019	0.3901	0.598	0.4722	0.4788	0.4846	0.0435	0.0031	0.4926	0.0094	0.0	0.539	0.0087	0.0
15perc_50repeat	0.05	0.4137	0.5014	0.0276	0.0019	0.3002	0.4244	0.3516	0.5203	0.5225	0.0621	0.0044	0.5522	0.0142	0.0	0.4906	0.0148	0.0
40perc_50repeat	0.05	0.3245	0.5031	0.0276	0.002	0.3487	0.4049	0.3747	0.5212	0.5083	0.0222	0.0016	0.5092	0.0045	0.0	0.4847	0.005	0.0
30perc_50repeat	0.1	0.3412	0.5009	0.0296	0.0021	0.328	0.4223	0.3692	0.5179	0.5113	0.0292	0.0021	0.5304	0.0043	0.0	0.5043	0.004	0.0
60perc_25repeat	0.1	0.292	0.4975	0.0281	0.002	0.4555	0.5881	0.5134	0.4821	0.4962	0.0142	0.001	0.5016	0.0024	0.0	0.5107	0.0025	0.0
100perc_100repeat	0.05	0.4386	0.4988	0.0272	0.0019	0.4254	0.574	0.4886	0.4856	0.4712	0.0803	0.0057	0.5441	0.0226	0.0	0.6043	0.0217	0.0
40perc_100repeat	0.05	0.3173	0.5022	0.0276	0.0019	0.3695	0.4234	0.3946	0.5211	0.5068	0.0206	0.0015	0.5054	0.0041	0.0	0.4875	0.0041	0.0
70perc_75repeat	0.05	0.3574	0.4975	0.0274	0.0019	0.3937	0.5764	0.4679	0.4788	0.49	0.0288	0.002	0.4924	0.0059	0.0	0.52	0.0057	0.0
90perc_75repeat	0.05	0.4158	0.4998	0.0277	0.002	0.4006	0.5477	0.4628	0.483	0.4792	0.0593	0.0042	0.4971	0.0138	0.0	0.5535	0.0135	0.0
30perc_75repeat	0.05	0.3682	0.5023	0.0278	0.002	0.3089	0.4196	0.3558	0.5204	0.5125	0.037	0.0026	0.5221	0.0066	0.0	0.4871	0.0076	0.0
50perc_100repeat	0.05	0.2734	0.5021	0.0272	0.0019	0.4631	0.4314	0.4467	0.5152	0.5016	0.0095	0.0007	0.5007	0.0023	0.0	0.4934	0.0021	0.0
100perc_75repeat	0.05	0.4382	0.4985	0.027	0.0019	0.4252	0.5716	0.4876	0.4873	0.4714	0.0798	0.0056	0.5456	0.0224	0.0	0.6049	0.0216	0.0
5perc_75repeat	0.05	0.4298	0.5021	0.0262	0.0018	0.3135	0.4049	0.3534	0.517	0.5275	0.077	0.0054	0.5794	0.0198	0.0	0.4999	0.0208	0.0
40perc_75repeat	0.05	0.3275	0.5	0.0276	0.002	0.3593	0.4548	0.4015	0.5169	0.5066	0.0222	0.0016	0.5116	0.0041	0.0	0.4902	0.0046	0.0
60perc_75repeat	0.05	0.3021	0.4968	0.0275	0.0019	0.4472	0.5972	0.5115	0.4789	0.4966	0.0161	0.0011	0.4943	0.0034	0.0	0.505	0.0033	0.0
50perc_50repeat	0.1	0.2621	0.5017	0.0286	0.002	0.4842	0.4786	0.4814	0.5052	0.501	0.0079	0.0006	0.5012	0.0014	0.0	0.4986	0.0015	0.0
40perc_50repeat	0.1	0.2986	0.5016	0.0283	0.002	0.3783	0.4075	0.3924	0.5178	0.5071	0.0177	0.0013	0.5129	0.0026	0.0	0.4936	0.0027	0.0
90perc_50repeat	0.05	0.4183	0.4982	0.0273	0.0019	0.3938	0.5693	0.4656	0.4799	0.4794	0.059	0.0042	0.5087	0.0134	0.0	0.5635	0.0134	0.0
90perc_100repeat	0.05	0.4158	0.4972	0.0271	0.0019	0.3951	0.5746	0.4683	0.4799	0.4781	0.0599	0.0042	0.4927	0.0141	0.0	0.5559	0.0135	0.0
60perc_100repeat	0.05	0.3017	0.4974	0.027	0.0019	0.4515	0.5653	0.502	0.4804	0.4956	0.0146	0.001	0.494	0.0032	0.0	0.5052	0.0031	0.0
15perc_100repeat	0.05	0.414	0.5019	0.027	0.0019	0.3102	0.4118	0.3539	0.5195	0.5222	0.0616	0.0044	0.5519	0.014	0.0	0.4887	0.0148	0.0
40perc_75repeat	0.1	0.295	0.5017	0.0288	0.002	0.4015	0.4091	0.4053	0.5171	0.5065	0.0171	0.0012	0.5136	0.0022	0.0	0.497	0.0025	0.0
15perc_75repeat	0.1	0.3972	0.5009	0.0296	0.0021	0.3357	0.4152	0.3712	0.517	0.5182	0.0454	0.0032	0.574	0.0067	0.0	0.5336	0.0068	0.0
30perc_75repeat	0.1	0.3408	0.5021	0.0296	0.0021	0.328	0.4011	0.3609	0.5179	0.5119	0.0284	0.002	0.5336	0.004	0.0	0.5041	0.0039	0.0
50perc_75repeat	0.1	0.2602	0.4986	0.0268	0.0019	0.4804	0.4849	0.4826	0.4972	0.5007	0.0071	0.0005	0.5009	0.0012	0.0	0.4994	0.0013	0.0
40perc_25repeat	0.05	0.338	0.4998	0.0279	0.002	0.3338	0.4546	0.385	0.5186	0.5078	0.0286	0.002	0.507	0.0058	0.0	0.4888	0.0059	0.0
15perc_100repeat	0.1	0.3996	0.5007	0.0298	0.0021	0.3341	0.4204	0.3723	0.517	0.5182	0.0461	0.0033	0.5736	0.0066	0.0	0.5336	0.0068	0.0
60perc_25repeat	0.05	0.3133	0.4955	0.0268	0.0019	0.445	0.5875	0.5064	0.4796	0.4964	0.0205	0.0015	0.4891	0.0044	0.0	0.5067	0.0043	0.0
60perc_50repeat	0.05	0.3083	0.4957	0.028	0.002	0.4462	0.5886	0.5076	0.4785	0.4969	0.0168	0.0012	0.4908	0.0034	0.0	0.5034	0.0038	0.0
70perc_50repeat	0.05	0.3572	0.4978	0.0275	0.0019	0.4075	0.5783	0.4781	0.4792	0.4896	0.0291	0.0021	0.4922	0.0059	0.0	0.5178	0.0062	0.0
30perc_50repeat	0.05	0.3657	0.5018	0.0275	0.0019	0.2976	0.4121	0.3457	0.5208	0.515	0.0373	0.0026	0.522	0.0072	0.0	0.4793	0.0077	0.0
5perc_100repeat	0.1	0.4233	0.5015	0.0298	0.0021	0.3701	0.4085	0.3884	0.5171	0.5234	0.0583	0.0041	0.6105	0.0089	0.0	0.5646	0.0092	0.0
80perc_75repeat	0.05	0.3919	0.4987	0.0278	0.002	0.3915	0.568	0.4635	0.4802	0.4845	0.0439	0.0031	0.4907	0.0093	0.0	0.5357	0.0088	0.0
90perc_250repeat	0.05	0.4157	0.4983	0.0269	0.0019	0.3991	0.5619	0.4667	0.4815	0.4784	0.0602	0.0043	0.4931	0.0142	0.0	0.5539	0.0136	0.0
40perc_250repeat	0.05	0.312	0.504	0.0269	0.0019	0.3638	0.395	0.3787	0.5213	0.5065	0.0193	0.0014	0.5084	0.0034	0.0	0.4885	0.0038	0.0
5perc_75repeat	0.1	0.4241	0.5013	0.0297	0.0021	0.3664	0.4172	0.3901	0.5167	0.5235	0.0587	0.0042	0.6108	0.0089	0.0	0.5649	0.0091	0.0
15perc_50repeat	0.1	0.3988	0.5012	0.0292	0.0021	0.3358	0.4126	0.3703	0.5179	0.5186	0.0463	0.0033	0.5745	0.0068	0.0	0.5328	0.0068	0.0
5perc_50repeat	0.1	0.4247	0.5009	0.0291	0.0021	0.3585	0.4131	0.3839	0.5176	0.5234	0.059	0.0042	0.6112	0.0089	0.0	0.5646	0.0093	0.0
5perc_100repeat	0.05	0.4291	0.5025	0.0263	0.0019	0.3184	0.4026	0.3556	0.5184	0.5275	0.0766	0.0054	0.579	0.0199	0.0	0.4982	0.0209	0.0
80perc_100repeat	0.05	0.3945	0.4995	0.0276	0.002	0.3852	0.5581	0.4558	0.4805	0.4834	0.0445	0.0031	0.4917	0.0093	0.0	0.5364	0.009	0.0
50perc_100repeat	0.1	0.2578	0.4954	0.0277	0.002	0.4784	0.5322	0.5038	0.4829	0.4999	0.0065	0.0005	0.4966	0.001	0.0	0.4977	0.0011	0.0
70perc_100repeat	0.05	0.3543	0.499	0.028	0.002	0.3917	0.5558	0.4596	0.4795	0.4907	0.0294	0.0021	0.4876	0.0059	0.0	0.5156	0.0056	0.0
30perc_100repeat	0.05	0.3684	0.5026	0.0272	0.0019	0.2927	0.4097	0.3414	0.5212	0.5135	0.0351	0.0025	0.524	0.0071	0.0	0.485	0.007	0.0
80perc_250repeat	0.05	0.3931	0.4976	0.0275	0.0019	0.3826	0.5821	0.4617	0.4788	0.4839	0.045	0.0032	0.4857	0.0095	0.0	0.5347	0.009	0.0
15perc_250repeat	0.05	0.4117	0.5008	0.027	0.0019	0.3033	0.4261	0.3544	0.5187	0.5218	0.061	0.0043	0.552	0.0138	0.0	0.4879	0.0146	0.0
60perc_250repeat	0.05	0.2938	0.4983	0.0273	0.0019	0.448	0.5573	0.4967	0.4813	0.4962	0.0145	0.001	0.4884	0.0029	0.0	0.4997	0.0026	0.0
70perc_250repeat	0.05	0.353	0.4987	0.0272	0.0019	0.3906	0.5715	0.464	0.4804	0.4896	0.0293	0.0021	0.4884	0.0058	0.0	0.5172	0.0055	0.0
30perc_250repeat	0.05	0.3673	0.5	0.0282	0.002	0.295	0.4539	0.3576	0.5195	0.5125	0.0351	0.0025	0.5229	0.0067	0.0	0.4875	0.0071	0.0
5perc_250repeat	0.05	0.4292	0.5026	0.0263	0.0019	0.3184	0.4026	0.3556	0.5195	0.5277	0.0766	0.0054	0.5791	0.02	0.0	0.4967	0.0211	0.0
40perc_100repeat	0.1	0.2924	0.5028	0.0278	0.002	0.4076	0.3996	0.4035	0.5179	0.5058	0.0158	0.0011	0.5126	0.0022	0.0	0.4977	0.0022	0.0
30perc_100repeat	0.1	0.338	0.5033	0.0303	0.0021	0.3407	0.4056	0.3703	0.5179	0.5109	0.0272	0.0019	0.5313	0.0039	0.0	0.5044	0.0038	0.0
70perc_25repeat	0.1	0.3304	0.5003	0.0309	0.0022	0.4415	0.6088	0.5119	0.4822	0.4909	0.0244	0.0017	0.5081	0.0034	0.0	0.5298	0.0035	0.0
60perc_50repeat	0.1	0.2863	0.4989	0.0299	0.0021	0.4755	0.5824	0.5235	0.4823	0.4954	0.0144	0.001	0.4979	0.002	0.0	0.51	0.0021	0.0
80perc_25repeat	0.1	0.3739	0.4991	0.0291	0.0021	0.4299	0.6183	0.5072	0.4821	0.4855	0.0347	0.0025	0.5231	0.0049	0.0	0.5539	0.0051	0.0
100perc_250repeat	0.05	0.4389	0.4992	0.0278	0.002	0.4258	0.574	0.4889	0.4856	0.4709	0.0813	0.0057	0.5413	0.023	0.0	0.6031	0.022	0.0
30perc_250repeat	0.1	0.3361	0.5014	0.0289	0.002	0.3235	0.4231	0.3666	0.5171	0.5109	0.0279	0.002	0.5294	0.0039	0.0	0.5034	0.0038	0.0
90perc_25repeat	0.1	0.4059	0.5016	0.0304	0.0022	0.4445	0.5806	0.5035	0.4839	0.4824	0.0463	0.0033	0.5519	0.0069	0.0	0.5886	0.0069	0.0
50perc_250repeat	0.05	0.2637	0.4975	0.0258	0.0018	0.4777	0.493	0.4852	0.4976	0.5011	0.006	0.0004	0.4962	0.0015	0.0	0.4953	0.0017	0.0
70perc_50repeat	0.1	0.3329	0.5006	0.0292	0.0021	0.418	0.5978	0.492	0.4832	0.4913	0.0256	0.0018	0.5055	0.0036	0.0	0.5268	0.0035	0.0
100perc_25repeat	0.1	0.4316	0.501	0.0295	0.0021	0.4433	0.5891	0.5059	0.4839	0.4762	0.0597	0.0042	0.5926	0.0099	0.0	0.6345	0.0097	0.0
80perc_50repeat	0.1	0.3742	0.5023	0.03	0.0021	0.4184	0.5814	0.4866	0.4839	0.4853	0.0361	0.0026	0.5213	0.0052	0.0	0.5532	0.0053	0.0
5perc_25repeat	0.2	0.3924	0.5117	0.0316	0.0022	0.4683	0.3328	0.389	0.5212	0.523	0.0369	0.0026	0.6161	0.0048	0.0	0.5685	0.005	0.0
60perc_75repeat	0.1	0.2853	0.4968	0.0281	0.002	0.4773	0.6089	0.5351	0.4819	0.4947	0.0135	0.001	0.4962	0.0019	0.0	0.5097	0.002	0.0
5perc_250repeat	0.1	0.4239	0.5012	0.0293	0.0021	0.3603	0.4182	0.3871	0.5166	0.5233	0.0584	0.0041	0.6104	0.0089	0.0	0.5645	0.0092	0.0
90perc_50repeat	0.1	0.4045	0.5029	0.0294	0.0021	0.4333	0.5685	0.4918	0.4848	0.4809	0.048	0.0034	0.5452	0.007	0.0	0.5833	0.0073	0.0
15perc_250repeat	0.1	0.3964	0.5021	0.0302	0.0021	0.3355	0.4071	0.3678	0.5179	0.518	0.0459	0.0032	0.5724	0.0066	0.0	0.5323	0.0067	0.0
40perc_250repeat	0.1	0.2864	0.5012	0.0278	0.002	0.4165	0.4206	0.4185	0.517	0.5056	0.015	0.0011	0.5099	0.0021	0.0	0.4962	0.002	0.0
15perc_25repeat	0.2	0.3575	0.5155	0.0352	0.0025	0.4247	0.3235	0.3672	0.5222	0.5185	0.0298	0.0021	0.5787	0.0038	0.0	0.5373	0.0039	0.0
40perc_25repeat	0.2	0.2779	0.5062	0.0308	0.0022	0.4415	0.3804	0.4087	0.5182	0.5062	0.0136	0.001	0.5143	0.0017	0.0	0.5012	0.0017	0.0
100perc_50repeat	0.1	0.4331	0.5008	0.0293	0.0021	0.4426	0.589	0.5054	0.4841	0.4752	0.0621	0.0044	0.5894	0.0103	0.0	0.6339	0.0099	0.0
30perc_25repeat	0.2	0.3016	0.5127	0.0342	0.0024	0.3958	0.3371	0.3641	0.5208	0.5111	0.0194	0.0014	0.5337	0.0023	0.0	0.5079	0.0024	0.0
90perc_75repeat	0.1	0.4066	0.5014	0.0297	0.0021	0.4274	0.5842	0.4936	0.4839	0.4807	0.0488	0.0034	0.5428	0.0073	0.0	0.584	0.0073	0.0
60perc_100repeat	0.1	0.2815	0.5001	0.029	0.0021	0.4727	0.5948	0.5267	0.4839	0.4952	0.0133	0.0009	0.4967	0.0018	0.0	0.5093	0.0018	0.0
100perc_75repeat	0.1	0.4334	0.501	0.0296	0.0021	0.4381	0.5887	0.5024	0.4839	0.4749	0.0629	0.0045	0.5883	0.0104	0.0	0.6337	0.01	0.0
70perc_75repeat	0.1	0.327	0.5004	0.0293	0.0021	0.4381	0.5993	0.5062	0.4839	0.4909	0.0245	0.0017	0.5031	0.0033	0.0	0.5262	0.0034	0.0
80perc_75repeat	0.1	0.3729	0.5009	0.0299	0.0021	0.4316	0.5865	0.4972	0.4835	0.4856	0.036	0.0025	0.5175	0.0053	0.0	0.5514	0.0052	0.0
50perc_25repeat	0.2	0.2606	0.507	0.0338	0.0024	0.4894	0.4384	0.4625	0.5141	0.502	0.0093	0.0007	0.5063	0.0012	0.0	0.5018	0.0011	0.0
90perc_100repeat	0.1	0.4056	0.5024	0.0318	0.0023	0.4366	0.5816	0.4987	0.4839	0.4805	0.0492	0.0035	0.5432	0.0074	0.0	0.5842	0.0073	0.0
50perc_250repeat	0.1	0.2541	0.4973	0.0257	0.0018	0.4778	0.4967	0.4871	0.4929	0.5	0.0039	0.0003	0.4976	0.0008	0.0	0.4975	0.0007	0.0
70perc_100repeat	0.1	0.3275	0.4999	0.029	0.0021	0.4435	0.611	0.5139	0.4839	0.4909	0.0241	0.0017	0.5026	0.0034	0.0	0.5271	0.0034	0.0
80perc_100repeat	0.1	0.3713	0.5017	0.0306	0.0022	0.4265	0.5972	0.4976	0.4839	0.4845	0.0368	0.0026	0.5171	0.0052	0.0	0.5522	0.0052	0.0
5perc_50repeat	0.2	0.3909	0.5131	0.0329	0.0023	0.4667	0.3224	0.3813	0.5222	0.5232	0.0359	0.0025	0.6156	0.0048	0.0	0.5684	0.0049	0.0
15perc_50repeat	0.2	0.3542	0.5143	0.0364	0.0026	0.427	0.3431	0.3805	0.5205	0.5175	0.0293	0.0021	0.5761	0.0037	0.0	0.5371	0.0037	0.0
40perc_50repeat	0.2	0.2707	0.5087	0.0316	0.0022	0.4647	0.3648	0.4087	0.5184	0.5053	0.0109	0.0008	0.514	0.0013	0.0	0.4995	0.0015	0.0
60perc_25repeat	0.2	0.2688	0.502	0.0319	0.0023	0.4884	0.6189	0.5459	0.4893	0.4967	0.0107	0.0008	0.503	0.0013	0.0	0.5116	0.0014	0.0
30perc_50repeat	0.2	0.2973	0.5144	0.0329	0.0023	0.4048	0.3207	0.3579	0.5224	0.5108	0.0178	0.0013	0.5321	0.0021	0.0	0.5067	0.0022	0.0
100perc_100repeat	0.1	0.4336	0.5009	0.0295	0.0021	0.4399	0.5876	0.5031	0.4841	0.4747	0.0634	0.0045	0.5877	0.0105	0.0	0.6336	0.01	0.0
90perc_25repeat	0.2	0.3723	0.5065	0.0383	0.0027	0.5071	0.6913	0.5851	0.4879	0.4813	0.0291	0.0021	0.5522	0.0038	0.0	0.5925	0.0039	0.0
40perc_75repeat	0.2	0.2679	0.5106	0.03	0.0021	0.4679	0.33	0.387	0.5214	0.5055	0.01	0.0007	0.5126	0.0013	0.0	0.4978	0.0012	0.0
5perc_75repeat	0.2	0.3911	0.5126	0.0329	0.0023	0.4708	0.3268	0.3858	0.5211	0.5232	0.0361	0.0026	0.6155	0.0048	0.0	0.5684	0.0049	0.0
15perc_75repeat	0.2	0.3545	0.5153	0.0363	0.0026	0.4306	0.3353	0.377	0.522	0.5181	0.0289	0.002	0.577	0.0037	0.0	0.5363	0.0038	0.0
30perc_75repeat	0.2	0.2953	0.5148	0.0348	0.0025	0.4153	0.3237	0.3638	0.5222	0.5103	0.0168	0.0012	0.5304	0.0021	0.0	0.5051	0.0022	0.0
70perc_25repeat	0.2	0.2956	0.5055	0.0369	0.0026	0.496	0.696	0.5792	0.4888	0.4908	0.0157	0.0011	0.5082	0.002	0.0	0.5304	0.0021	0.0
90perc_50repeat	0.2	0.3735	0.5076	0.041	0.0029	0.5141	0.6714	0.5823	0.4879	0.4807	0.0306	0.0022	0.5492	0.004	0.0	0.5907	0.004	0.0
100perc_25repeat	0.2	0.4084	0.5048	0.0361	0.0026	0.5217	0.6728	0.5877	0.4873	0.4766	0.0371	0.0026	0.5919	0.0052	0.0	0.6368	0.0052	0.0
80perc_25repeat	0.2	0.3319	0.5111	0.044	0.0031	0.5079	0.6865	0.5838	0.4879	0.4863	0.0223	0.0016	0.5265	0.0029	0.0	0.5583	0.0028	0.0
60perc_250repeat	0.1	0.2817	0.4994	0.0278	0.002	0.4729	0.6096	0.5326	0.4838	0.495	0.0126	0.0009	0.497	0.0017	0.0	0.5096	0.0017	0.0
60perc_75repeat	0.2	0.2664	0.4998	0.0306	0.0022	0.4888	0.6586	0.5611	0.4865	0.4953	0.0088	0.0006	0.4996	0.001	0.0	0.5109	0.0012	0.0
50perc_50repeat	0.2	0.255	0.5044	0.0325	0.0023	0.4895	0.4293	0.4574	0.5133	0.5012	0.0062	0.0004	0.5018	0.0008	0.0	0.4992	0.0008	0.0
5perc_100repeat	0.2	0.391	0.5133	0.0328	0.0023	0.4646	0.3235	0.3814	0.5216	0.5232	0.0361	0.0025	0.6156	0.0047	0.0	0.5678	0.0049	0.0
15perc_100repeat	0.2	0.3553	0.5144	0.0361	0.0025	0.4341	0.3289	0.3742	0.5219	0.5177	0.0288	0.002	0.5764	0.0037	0.0	0.5361	0.0037	0.0
30perc_100repeat	0.2	0.2953	0.5122	0.0335	0.0024	0.4054	0.3492	0.3752	0.5208	0.5102	0.0168	0.0012	0.53	0.0021	0.0	0.5052	0.0022	0.0
100perc_250repeat	0.1	0.434	0.5009	0.0294	0.0021	0.4415	0.5868	0.5039	0.4839	0.4744	0.0641	0.0045	0.5866	0.0106	0.0	0.6334	0.0101	0.0
15perc_25repeat	0.25	0.341	0.5245	0.0432	0.0031	0.4435	0.2742	0.3389	0.5228	0.5189	0.0262	0.0019	0.577	0.0033	0.0	0.5332	0.0029	0.0
5perc_25repeat	0.25	0.3782	0.5211	0.039	0.0028	0.4721	0.2707	0.3441	0.5226	0.5243	0.0336	0.0024	0.6172	0.0043	0.0	0.5646	0.0039	0.0
70perc_250repeat	0.1	0.3287	0.5019	0.0289	0.002	0.4345	0.5894	0.5002	0.4839	0.4904	0.0249	0.0018	0.5032	0.0034	0.0	0.5268	0.0033	0.0
40perc_100repeat	0.2	0.2659	0.5092	0.03	0.0021	0.47	0.3522	0.4026	0.5189	0.5057	0.0094	0.0007	0.5124	0.0011	0.0	0.4977	0.0012	0.0
60perc_50repeat	0.2	0.2648	0.5053	0.0329	0.0023	0.4949	0.6217	0.5511	0.4887	0.4963	0.0098	0.0007	0.5007	0.0011	0.0	0.5104	0.0011	0.0
80perc_75repeat	0.2	0.3352	0.5066	0.039	0.0028	0.5048	0.6788	0.579	0.4879	0.4852	0.0231	0.0016	0.5237	0.003	0.0	0.5568	0.003	0.0
90perc_75repeat	0.2	0.3744	0.5066	0.0395	0.0028	0.5095	0.6738	0.5802	0.4862	0.4804	0.0308	0.0022	0.5498	0.0041	0.0	0.5914	0.004	0.0
80perc_250repeat	0.1	0.3729	0.5017	0.0293	0.0021	0.4197	0.5965	0.4927	0.4839	0.4849	0.0376	0.0027	0.5164	0.0053	0.0	0.5512	0.0053	0.0
60perc_100repeat	0.2	0.2646	0.5027	0.0317	0.0022	0.4908	0.6469	0.5581	0.4879	0.4958	0.0084	0.0006	0.4994	0.0011	0.0	0.51	0.001	0.0
70perc_50repeat	0.2	0.2933	0.5087	0.0376	0.0027	0.4922	0.6704	0.5676	0.4899	0.4904	0.0156	0.0011	0.5074	0.0019	0.0	0.5291	0.0019	0.0
100perc_50repeat	0.2	0.4103	0.5044	0.0356	0.0025	0.5203	0.6718	0.5864	0.4871	0.4756	0.0386	0.0027	0.5902	0.0054	0.0	0.6372	0.0053	0.0
80perc_50repeat	0.2	0.3355	0.5114	0.0433	0.0031	0.5015	0.6623	0.5708	0.4889	0.4854	0.0245	0.0017	0.5242	0.0029	0.0	0.5576	0.0031	0.0
90perc_250repeat	0.1	0.4076	0.5001	0.0291	0.0021	0.4298	0.5922	0.4981	0.4837	0.4804	0.0497	0.0035	0.5428	0.0074	0.0	0.5845	0.0073	0.0
40perc_25repeat	0.25	0.2667	0.5149	0.0349	0.0025	0.4784	0.3164	0.3809	0.5195	0.5055	0.0111	0.0008	0.5161	0.0013	0.0	0.5001	0.0012	0.0
30perc_25repeat	0.25	0.2953	0.5171	0.0361	0.0026	0.4122	0.276	0.3307	0.522	0.5116	0.0173	0.0012	0.5345	0.0021	0.0	0.5061	0.0018	0.0
50perc_25repeat	0.25	0.257	0.5072	0.0317	0.0022	0.4935	0.4449	0.4679	0.512	0.501	0.0076	0.0005	0.5058	0.0009	0.0	0.5018	0.0009	0.0
50perc_75repeat	0.2	0.2535	0.5033	0.0308	0.0022	0.4835	0.4788	0.4811	0.5076	0.5	0.0048	0.0003	0.5016	0.0007	0.0	0.5008	0.0007	0.0
80perc_100repeat	0.2	0.334	0.5073	0.0384	0.0027	0.4983	0.6765	0.5739	0.4879	0.4853	0.0234	0.0017	0.5232	0.003	0.0	0.5563	0.003	0.0
15perc_50repeat	0.25	0.3398	0.5248	0.0434	0.0031	0.4434	0.2766	0.3407	0.5226	0.5189	0.0259	0.0018	0.5772	0.0033	0.0	0.5325	0.0029	0.0
60perc_25repeat	0.25	0.2664	0.5052	0.0358	0.0025	0.493	0.6579	0.5636	0.4913	0.4962	0.0099	0.0007	0.5019	0.0011	0.0	0.5134	0.0012	0.0
40perc_50repeat	0.25	0.2652	0.5116	0.0304	0.0021	0.4748	0.3204	0.3826	0.5197	0.5055	0.01	0.0007	0.5132	0.0012	0.0	0.4986	0.0012	0.0
70perc_75repeat	0.2	0.2938	0.5052	0.0352	0.0025	0.4956	0.6599	0.5661	0.4879	0.4912	0.0152	0.0011	0.507	0.002	0.0	0.5289	0.0019	0.0
100perc_75repeat	0.2	0.4107	0.5044	0.0357	0.0025	0.5198	0.6733	0.5867	0.4867	0.4753	0.0391	0.0028	0.5897	0.0054	0.0	0.6374	0.0053	0.0
30perc_50repeat	0.25	0.2908	0.5199	0.0386	0.0027	0.4115	0.2956	0.3441	0.5215	0.511	0.0156	0.0011	0.5342	0.0019	0.0	0.5055	0.0018	0.0
50perc_50repeat	0.25	0.2544	0.5007	0.0339	0.0024	0.4866	0.5393	0.5116	0.4962	0.4997	0.0054	0.0004	0.5011	0.0007	0.0	0.5021	0.0006	0.0
5perc_75repeat	0.25	0.3778	0.52	0.0383	0.0027	0.4757	0.2819	0.354	0.5226	0.5242	0.0333	0.0024	0.6172	0.0043	0.0	0.5649	0.0038	0.0
70perc_25repeat	0.25	0.2881	0.5094	0.0393	0.0028	0.5051	0.7131	0.5914	0.4897	0.4917	0.0146	0.001	0.5103	0.0016	0.0	0.5321	0.0018	0.0
50perc_100repeat	0.2	0.2526	0.5019	0.0276	0.002	0.4832	0.4639	0.4733	0.5041	0.5004	0.0042	0.0003	0.5008	0.0006	0.0	0.4993	0.0005	0.0
60perc_50repeat	0.25	0.2634	0.5001	0.0323	0.0023	0.4864	0.7221	0.5813	0.4883	0.4955	0.0081	0.0006	0.4991	0.0009	0.0	0.5118	0.001	0.0
30perc_75repeat	0.25	0.2885	0.5189	0.0345	0.0024	0.4195	0.2669	0.3262	0.5222	0.5112	0.0155	0.0011	0.5328	0.0019	0.0	0.5041	0.0017	0.0
80perc_25repeat	0.25	0.3255	0.5074	0.0408	0.0029	0.5012	0.7684	0.6067	0.4883	0.4857	0.0201	0.0014	0.5242	0.0022	0.0	0.5599	0.0026	0.0
5perc_50repeat	0.25	0.3795	0.5194	0.0385	0.0027	0.4702	0.286	0.3557	0.5215	0.5241	0.0335	0.0024	0.6171	0.0043	0.0	0.5655	0.0038	0.0
40perc_75repeat	0.25	0.2641	0.5118	0.0291	0.0021	0.4891	0.2962	0.3689	0.52	0.5055	0.0091	0.0006	0.5135	0.0011	0.0	0.4979	0.001	0.0
15perc_75repeat	0.25	0.3428	0.5227	0.0418	0.003	0.4421	0.2826	0.3448	0.5225	0.5188	0.0266	0.0019	0.5764	0.0033	0.0	0.5322	0.0029	0.0
70perc_100repeat	0.2	0.2943	0.5037	0.0346	0.0024	0.4918	0.6798	0.5707	0.4879	0.4904	0.0154	0.0011	0.5056	0.002	0.0	0.5287	0.0019	0.0
90perc_25repeat	0.25	0.3591	0.5127	0.0482	0.0034	0.5236	0.7424	0.6141	0.4881	0.4808	0.0263	0.0019	0.5484	0.003	0.0	0.5925	0.0035	0.0
70perc_50repeat	0.25	0.2884	0.5072	0.0413	0.0029	0.4935	0.7556	0.5971	0.4876	0.4904	0.0137	0.001	0.506	0.0016	0.0	0.5306	0.0017	0.0
60perc_75repeat	0.25	0.2641	0.5015	0.0321	0.0023	0.4915	0.7019	0.5781	0.4883	0.4952	0.0077	0.0005	0.4981	0.001	0.0	0.5116	0.001	0.0
100perc_25repeat	0.25	0.394	0.5121	0.0454	0.0032	0.5332	0.7305	0.6164	0.4889	0.4754	0.0338	0.0024	0.5867	0.0041	0.0	0.6362	0.0046	0.0
5perc_100repeat	0.25	0.3767	0.5226	0.0412	0.0029	0.4768	0.2752	0.349	0.5227	0.5243	0.0334	0.0024	0.6171	0.0043	0.0	0.5649	0.0038	0.0
90perc_100repeat	0.2	0.375	0.5058	0.037	0.0026	0.5097	0.6662	0.5775	0.4879	0.4808	0.0313	0.0022	0.5494	0.0041	0.0	0.591	0.004	0.0
5perc_250repeat	0.2	0.3903	0.5138	0.0341	0.0024	0.469	0.3203	0.3806	0.5222	0.523	0.0363	0.0026	0.6152	0.0047	0.0	0.5679	0.0049	0.0
15perc_25repeat	0.3	0.3367	0.5292	0.0418	0.003	0.4754	0.2371	0.3164	0.5241	0.5213	0.023	0.0016	0.5846	0.0029	0.0	0.5325	0.0027	0.0
90perc_50repeat	0.25	0.3636	0.5103	0.044	0.0031	0.5168	0.741	0.6089	0.4882	0.4799	0.0281	0.002	0.5467	0.0031	0.0	0.5922	0.0036	0.0
5perc_25repeat	0.3	0.3664	0.5287	0.0407	0.0029	0.5245	0.2324	0.3221	0.5254	0.5268	0.0285	0.002	0.6216	0.0036	0.0	0.5619	0.0033	0.0
30perc_25repeat	0.3	0.2911	0.5215	0.0372	0.0026	0.4341	0.2498	0.3171	0.5214	0.513	0.0147	0.001	0.5392	0.0018	0.0	0.5049	0.0017	0.0
15perc_100repeat	0.25	0.3407	0.522	0.0407	0.0029	0.4397	0.2783	0.3409	0.5222	0.5186	0.0259	0.0018	0.5761	0.0032	0.0	0.5315	0.0029	0.0
30perc_100repeat	0.25	0.2887	0.5172	0.0339	0.0024	0.4091	0.2748	0.3288	0.5215	0.511	0.0155	0.0011	0.5324	0.0019	0.0	0.5036	0.0017	0.0
50perc_75repeat	0.25	0.2528	0.5021	0.028	0.002	0.4802	0.4575	0.4686	0.5019	0.5006	0.0047	0.0003	0.5017	0.0005	0.0	0.4992	0.0006	0.0
70perc_75repeat	0.25	0.2902	0.5059	0.0381	0.0027	0.5011	0.7493	0.6006	0.4866	0.49	0.014	0.001	0.5045	0.0016	0.0	0.5308	0.0017	0.0
40perc_100repeat	0.25	0.2615	0.5132	0.028	0.002	0.4951	0.2715	0.3507	0.5222	0.5056	0.0082	0.0006	0.5124	0.001	0.0	0.4976	0.0009	0.0
100perc_50repeat	0.25	0.3962	0.5112	0.0447	0.0032	0.5281	0.731	0.6132	0.4886	0.4744	0.0352	0.0025	0.585	0.0042	0.0	0.6368	0.0046	0.0
100perc_100repeat	0.2	0.4109	0.5045	0.036	0.0025	0.5206	0.6724	0.5868	0.4867	0.4751	0.0394	0.0028	0.5893	0.0054	0.0	0.6374	0.0053	0.0
15perc_250repeat	0.2	0.3555	0.515	0.0367	0.0026	0.4296	0.3321	0.3746	0.5218	0.5179	0.029	0.0021	0.5763	0.0037	0.0	0.5363	0.0037	0.0
50perc_100repeat	0.25	0.2524	0.5011	0.0282	0.002	0.4813	0.4693	0.4752	0.5041	0.5005	0.0043	0.0003	0.501	0.0005	0.0	0.4995	0.0005	0.0
40perc_25repeat	0.3	0.2664	0.5173	0.0299	0.0021	0.4837	0.2546	0.3336	0.521	0.5072	0.01	0.0007	0.5186	0.0012	0.0	0.4983	0.0011	0.0
30perc_250repeat	0.2	0.2938	0.5142	0.0347	0.0025	0.4043	0.3394	0.369	0.5218	0.5102	0.0164	0.0012	0.5301	0.002	0.0	0.5054	0.0021	0.0
60perc_100repeat	0.25	0.2635	0.5011	0.0322	0.0023	0.491	0.7001	0.5772	0.4875	0.495	0.008	0.0006	0.4985	0.0009	0.0	0.5116	0.0009	0.0
80perc_75repeat	0.25	0.3273	0.5092	0.0447	0.0032	0.5084	0.7477	0.6053	0.4881	0.4845	0.0217	0.0015	0.5211	0.0024	0.0	0.5593	0.0026	0.0
80perc_50repeat	0.25	0.326	0.5121	0.0469	0.0033	0.5111	0.7385	0.6041	0.4881	0.4848	0.0218	0.0015	0.522	0.0023	0.0	0.5591	0.0027	0.0
50perc_25repeat	0.3	0.255	0.5105	0.0338	0.0024	0.5037	0.4159	0.4556	0.5146	0.5015	0.0075	0.0005	0.5057	0.0009	0.0	0.5015	0.0008	0.0
100perc_75repeat	0.25	0.3969	0.511	0.0445	0.0031	0.5291	0.7307	0.6138	0.4886	0.4741	0.0357	0.0025	0.5845	0.0042	0.0	0.637	0.0047	0.0
30perc_50repeat	0.3	0.2864	0.5239	0.0386	0.0027	0.4305	0.2495	0.3159	0.5217	0.5121	0.0138	0.001	0.5357	0.0016	0.0	0.5037	0.0016	0.0
70perc_100repeat	0.25	0.2919	0.5058	0.0376	0.0027	0.487	0.7458	0.5893	0.4882	0.4898	0.0147	0.001	0.5042	0.0015	0.0	0.5308	0.0018	0.0
80perc_100repeat	0.25	0.3267	0.5098	0.0438	0.0031	0.5088	0.7509	0.6066	0.4877	0.4847	0.0216	0.0015	0.5206	0.0024	0.0	0.5586	0.0026	0.0
80perc_250repeat	0.2	0.3347	0.5074	0.0398	0.0028	0.498	0.6792	0.5747	0.4879	0.485	0.0238	0.0017	0.5222	0.0031	0.0	0.5567	0.003	0.0
60perc_25repeat	0.3	0.2601	0.5072	0.0351	0.0025	0.5002	0.6778	0.5756	0.4967	0.4963	0.0086	0.0006	0.5028	0.001	0.0	0.5124	0.001	0.0
40perc_50repeat	0.3	0.2623	0.5152	0.0306	0.0022	0.4906	0.2901	0.3646	0.5201	0.5063	0.0087	0.0006	0.5138	0.001	0.0	0.4975	0.001	0.0
15perc_75repeat	0.3	0.3344	0.5292	0.0425	0.003	0.4779	0.2299	0.3104	0.5246	0.5215	0.0222	0.0016	0.582	0.0028	0.0	0.5303	0.0025	0.0
70perc_25repeat	0.3	0.2832	0.516	0.0463	0.0033	0.5168	0.7592	0.615	0.4935	0.4908	0.0127	0.0009	0.509	0.0014	0.0	0.5342	0.0015	0.0
50perc_50repeat	0.3	0.253	0.5047	0.0311	0.0022	0.4884	0.4476	0.4671	0.5092	0.5006	0.0053	0.0004	0.5018	0.0006	0.0	0.4998	0.0006	0.0
90perc_100repeat	0.25	0.3642	0.5113	0.0469	0.0033	0.5142	0.7411	0.6072	0.4882	0.4795	0.0285	0.002	0.5458	0.0032	0.0	0.5929	0.0036	0.0
30perc_75repeat	0.3	0.2854	0.5229	0.0348	0.0025	0.4318	0.2287	0.299	0.5223	0.5126	0.0133	0.0009	0.5357	0.0016	0.0	0.5026	0.0015	0.0
5perc_50repeat	0.3	0.3645	0.5306	0.0439	0.0031	0.5324	0.2339	0.325	0.5248	0.5267	0.0283	0.002	0.6209	0.0036	0.0	0.5618	0.0033	0.0
5perc_75repeat	0.3	0.3659	0.5297	0.0425	0.003	0.5285	0.2372	0.3274	0.5247	0.527	0.0285	0.002	0.6211	0.0036	0.0	0.5613	0.0033	0.0
15perc_50repeat	0.3	0.3349	0.5294	0.0417	0.0029	0.4812	0.228	0.3094	0.5243	0.5215	0.0226	0.0016	0.583	0.0028	0.0	0.5308	0.0026	0.0
70perc_250repeat	0.2	0.2941	0.5071	0.0375	0.0027	0.4916	0.6696	0.5669	0.4879	0.4906	0.0152	0.0011	0.5048	0.0019	0.0	0.5279	0.0019	0.0
100perc_250repeat	0.2	0.4116	0.5042	0.0356	0.0025	0.5201	0.6723	0.5865	0.4866	0.4748	0.0398	0.0028	0.5888	0.0055	0.0	0.6375	0.0053	0.0
90perc_75repeat	0.25	0.3631	0.5125	0.0485	0.0034	0.5213	0.741	0.6121	0.4882	0.4796	0.0284	0.002	0.5462	0.0032	0.0	0.5933	0.0036	0.0
80perc_25repeat	0.3	0.3186	0.5119	0.0462	0.0033	0.5149	0.7915	0.6239	0.4902	0.4844	0.0178	0.0013	0.5221	0.002	0.0	0.5616	0.0023	0.0
100perc_100repeat	0.25	0.3973	0.5109	0.0443	0.0031	0.5269	0.7315	0.6126	0.4883	0.4739	0.0359	0.0025	0.5842	0.0042	0.0	0.6371	0.0047	0.0
60perc_50repeat	0.3	0.262	0.506	0.0336	0.0024	0.495	0.7065	0.5822	0.4926	0.495	0.0079	0.0006	0.4993	0.0009	0.0	0.5123	0.0009	0.0
90perc_25repeat	0.3	0.3541	0.5125	0.047	0.0033	0.5203	0.8041	0.6318	0.4901	0.4782	0.0232	0.0016	0.5474	0.0027	0.0	0.597	0.0031	0.0
40perc_75repeat	0.3	0.262	0.5135	0.0292	0.0021	0.495	0.2705	0.3498	0.5204	0.5067	0.0082	0.0006	0.5142	0.0009	0.0	0.4966	0.0009	0.0
50perc_75repeat	0.3	0.2518	0.5035	0.032	0.0023	0.4869	0.4606	0.4734	0.5053	0.5003	0.0039	0.0003	0.5012	0.0005	0.0	0.5001	0.0004	0.0
60perc_250repeat	0.2	0.2639	0.5013	0.0287	0.002	0.4871	0.6562	0.5592	0.4882	0.4955	0.0078	0.0006	0.4986	0.001	0.0	0.5094	0.001	0.0
5perc_100repeat	0.3	0.3645	0.5304	0.0435	0.0031	0.5297	0.2368	0.3273	0.5246	0.5266	0.0284	0.002	0.6206	0.0036	0.0	0.5615	0.0033	0.0
100perc_25repeat	0.3	0.3861	0.514	0.0483	0.0034	0.5321	0.7944	0.6373	0.4923	0.4726	0.0289	0.002	0.5844	0.0035	0.0	0.6415	0.0039	0.0
5perc_25repeat	0.35	0.3492	0.5439	0.0449	0.0032	0.5901	0.1866	0.2836	0.5358	0.527	0.0243	0.0017	0.6266	0.0025	0.0	0.5629	0.0029	0.0
80perc_50repeat	0.3	0.3198	0.5114	0.0471	0.0033	0.511	0.7996	0.6235	0.4876	0.4835	0.0178	0.0013	0.519	0.002	0.0	0.5603	0.0022	0.0
40perc_250repeat	0.2	0.2647	0.5086	0.0275	0.0019	0.472	0.3514	0.4029	0.518	0.5056	0.0089	0.0006	0.5111	0.0011	0.0	0.498	0.0011	0.0
5perc_250repeat	0.25	0.3771	0.5215	0.0399	0.0028	0.4693	0.2769	0.3483	0.5226	0.5242	0.0335	0.0024	0.6169	0.0042	0.0	0.5647	0.0038	0.0
100perc_50repeat	0.3	0.3885	0.5131	0.0479	0.0034	0.5299	0.7949	0.6359	0.4917	0.4715	0.03	0.0021	0.5826	0.0036	0.0	0.6423	0.004	0.0
70perc_75repeat	0.3	0.2882	0.5076	0.0416	0.0029	0.5062	0.802	0.6206	0.4883	0.4886	0.0125	0.0009	0.5031	0.0014	0.0	0.5337	0.0015	0.0
60perc_75repeat	0.3	0.2622	0.5028	0.0325	0.0023	0.4923	0.7474	0.5936	0.4894	0.4943	0.0067	0.0005	0.4971	0.0008	0.0	0.5125	0.0008	0.0
90perc_50repeat	0.3	0.3557	0.5122	0.047	0.0033	0.5258	0.7951	0.633	0.4904	0.4777	0.0243	0.0017	0.5446	0.0028	0.0	0.5973	0.0031	0.0
15perc_25repeat	0.35	0.3198	0.5379	0.0395	0.0028	0.5302	0.1863	0.2758	0.5329	0.521	0.0194	0.0014	0.585	0.002	0.0	0.531	0.0023	0.0
50perc_250repeat	0.2	0.2521	0.4978	0.0253	0.0018	0.4736	0.4778	0.4757	0.4977	0.5001	0.003	0.0002	0.4993	0.0004	0.0	0.499	0.0004	0.0
70perc_50repeat	0.3	0.2859	0.5101	0.0439	0.0031	0.5119	0.7818	0.6187	0.4884	0.4892	0.0121	0.0009	0.5046	0.0014	0.0	0.5331	0.0015	0.0
30perc_25repeat	0.35	0.276	0.5351	0.0413	0.0029	0.4821	0.2062	0.2889	0.528	0.5119	0.0122	0.0009	0.5375	0.0013	0.0	0.5044	0.0014	0.0
40perc_25repeat	0.35	0.2603	0.5229	0.0302	0.0021	0.5101	0.2321	0.319	0.5236	0.507	0.0096	0.0007	0.5183	0.0009	0.0	0.499	0.001	0.0
5perc_50repeat	0.35	0.3499	0.5424	0.0438	0.0031	0.5836	0.1896	0.2862	0.5351	0.5268	0.0239	0.0017	0.6257	0.0025	0.0	0.5626	0.0029	0.0
90perc_75repeat	0.3	0.3564	0.5126	0.0477	0.0034	0.5213	0.7963	0.6301	0.4912	0.4774	0.0244	0.0017	0.5442	0.0028	0.0	0.5972	0.0031	0.0
30perc_250repeat	0.25	0.2875	0.5198	0.0353	0.0025	0.415	0.2768	0.3321	0.5224	0.5107	0.0154	0.0011	0.5315	0.0018	0.0	0.5036	0.0017	0.0
15perc_250repeat	0.25	0.3411	0.5223	0.0409	0.0029	0.4306	0.2806	0.3398	0.5225	0.5186	0.0261	0.0018	0.576	0.0032	0.0	0.5316	0.0029	0.0
15perc_100repeat	0.3	0.3349	0.5281	0.04	0.0028	0.4751	0.2324	0.3121	0.5239	0.5214	0.0221	0.0016	0.5821	0.0028	0.0	0.53	0.0026	0.0
100perc_75repeat	0.3	0.3893	0.5128	0.0477	0.0034	0.5305	0.7951	0.6364	0.4914	0.4711	0.0304	0.0022	0.5821	0.0036	0.0	0.6425	0.004	0.0
40perc_250repeat	0.25	0.2614	0.5103	0.0264	0.0019	0.4905	0.2782	0.355	0.5194	0.5057	0.0078	0.0005	0.5116	0.0009	0.0	0.4965	0.0009	0.0
90perc_250repeat	0.2	0.3748	0.5074	0.0403	0.0029	0.5061	0.6794	0.5801	0.4882	0.4803	0.0316	0.0022	0.5481	0.0041	0.0	0.5912	0.0041	0.0
30perc_50repeat	0.35	0.2758	0.5327	0.0354	0.0025	0.4827	0.1762	0.2582	0.5269	0.5123	0.0113	0.0008	0.5373	0.0012	0.0	0.5027	0.0013	0.0
50perc_250repeat	0.25	0.2516	0.4976	0.0212	0.0015	0.4729	0.4883	0.4805	0.4997	0.5002	0.0026	0.0002	0.4997	0.0003	0.0	0.4995	0.0003	0.0
70perc_25repeat	0.35	0.278	0.5106	0.0462	0.0033	0.5085	0.8312	0.631	0.4891	0.4898	0.0116	0.0008	0.507	0.0012	0.0	0.5347	0.0012	0.0
50perc_100repeat	0.3	0.2514	0.5049	0.0277	0.002	0.4851	0.4642	0.4744	0.5054	0.5008	0.0033	0.0002	0.5013	0.0004	0.0	0.5	0.0004	0.0
70perc_100repeat	0.3	0.288	0.506	0.0409	0.0029	0.5047	0.7992	0.6187	0.4872	0.4886	0.0125	0.0009	0.5025	0.0014	0.0	0.533	0.0015	0.0
80perc_100repeat	0.3	0.3209	0.5125	0.0478	0.0034	0.5158	0.8007	0.6274	0.4889	0.4828	0.0181	0.0013	0.5176	0.0021	0.0	0.5611	0.0022	0.0
5perc_75repeat	0.35	0.3498	0.5418	0.0431	0.003	0.5856	0.1943	0.2918	0.5346	0.5268	0.0241	0.0017	0.6257	0.0025	0.0	0.5627	0.003	0.0
50perc_25repeat	0.35	0.2528	0.5136	0.0356	0.0025	0.5066	0.4065	0.4511	0.5153	0.5017	0.0066	0.0005	0.5061	0.0007	0.0	0.5009	0.0007	0.0
40perc_50repeat	0.35	0.2578	0.5222	0.0289	0.002	0.5143	0.223	0.3111	0.5234	0.5065	0.0073	0.0005	0.5156	0.0008	0.0	0.497	0.0008	0.0
30perc_100repeat	0.3	0.2851	0.524	0.0362	0.0026	0.4289	0.2303	0.2996	0.5221	0.5122	0.0134	0.0009	0.5355	0.0016	0.0	0.5028	0.0015	0.0
100perc_100repeat	0.3	0.3898	0.5126	0.0478	0.0034	0.5276	0.795	0.6343	0.4912	0.4709	0.0306	0.0022	0.5818	0.0037	0.0	0.6427	0.004	0.0
40perc_100repeat	0.3	0.2613	0.5153	0.0278	0.002	0.4932	0.2653	0.345	0.5212	0.5061	0.0079	0.0006	0.5136	0.0009	0.0	0.4966	0.0009	0.0
60perc_25repeat	0.35	0.2576	0.5113	0.0386	0.0027	0.5042	0.7433	0.6008	0.4978	0.4955	0.0073	0.0005	0.5021	0.0007	0.0	0.5143	0.0008	0.0
80perc_75repeat	0.3	0.3201	0.5124	0.049	0.0035	0.5164	0.8099	0.6307	0.4884	0.4835	0.0179	0.0013	0.5179	0.0021	0.0	0.5609	0.0022	0.0
90perc_100repeat	0.3	0.3575	0.5137	0.0497	0.0035	0.526	0.7957	0.6333	0.4898	0.477	0.0247	0.0017	0.5444	0.0029	0.0	0.598	0.0031	0.0
50perc_50repeat	0.35	0.2513	0.5101	0.031	0.0022	0.4945	0.4379	0.4645	0.5136	0.5011	0.0042	0.0003	0.503	0.0005	0.0	0.5	0.0005	0.0
15perc_50repeat	0.35	0.32	0.5399	0.0428	0.003	0.5228	0.1815	0.2694	0.5315	0.5215	0.0191	0.0013	0.5844	0.002	0.0	0.5297	0.0023	0.0
80perc_25repeat	0.35	0.3068	0.5169	0.0534	0.0038	0.5204	0.8409	0.6429	0.4917	0.4846	0.0149	0.0011	0.523	0.0018	0.0	0.5633	0.0017	0.0
70perc_250repeat	0.25	0.2903	0.506	0.0397	0.0028	0.4963	0.7527	0.5982	0.486	0.4897	0.0142	0.001	0.5032	0.0016	0.0	0.5299	0.0017	0.0
90perc_25repeat	0.35	0.3413	0.5198	0.0575	0.0041	0.5257	0.8476	0.6489	0.4944	0.4787	0.0199	0.0014	0.5484	0.0024	0.0	0.6004	0.0022	0.0
60perc_50repeat	0.35	0.2593	0.503	0.0348	0.0025	0.494	0.7789	0.6046	0.4896	0.4951	0.0066	0.0005	0.4992	0.0007	0.0	0.5136	0.0007	0.0
15perc_75repeat	0.35	0.3185	0.5409	0.0454	0.0032	0.5316	0.1856	0.2751	0.5319	0.5208	0.0189	0.0013	0.5836	0.0019	0.0	0.53	0.0022	0.0
60perc_250repeat	0.25	0.2639	0.5002	0.0298	0.0021	0.4863	0.723	0.5815	0.4867	0.4947	0.0076	0.0005	0.4973	0.0008	0.0	0.5112	0.0009	0.0
70perc_50repeat	0.35	0.2789	0.509	0.0426	0.003	0.5094	0.8263	0.6303	0.4883	0.4894	0.0111	0.0008	0.5044	0.0012	0.0	0.5333	0.0011	0.0
30perc_75repeat	0.35	0.2756	0.5331	0.034	0.0024	0.4787	0.1738	0.255	0.5288	0.5125	0.0111	0.0008	0.5364	0.0012	0.0	0.5017	0.0012	0.0
90perc_250repeat	0.25	0.3638	0.5116	0.0474	0.0034	0.5183	0.7419	0.6102	0.4882	0.479	0.029	0.002	0.5449	0.0032	0.0	0.5929	0.0036	0.0
5perc_100repeat	0.35	0.35	0.5416	0.0434	0.0031	0.5918	0.1907	0.2884	0.5345	0.5266	0.024	0.0017	0.6255	0.0025	0.0	0.5624	0.0029	0.0
40perc_75repeat	0.35	0.258	0.5238	0.026	0.0018	0.5165	0.189	0.2768	0.5262	0.5068	0.007	0.0005	0.5151	0.0007	0.0	0.4962	0.0008	0.0
15perc_100repeat	0.35	0.3189	0.5388	0.0427	0.003	0.5259	0.1853	0.2741	0.5311	0.5209	0.0188	0.0013	0.5837	0.0019	0.0	0.5298	0.0022	0.0
60perc_100repeat	0.3	0.2613	0.5017	0.0303	0.0021	0.4921	0.744	0.5924	0.4892	0.495	0.0066	0.0005	0.4977	0.0008	0.0	0.5122	0.0008	0.0
100perc_250repeat	0.25	0.3979	0.5106	0.0445	0.0031	0.5271	0.7309	0.6125	0.4882	0.4736	0.0364	0.0026	0.5837	0.0043	0.0	0.6373	0.0047	0.0
80perc_50repeat	0.35	0.3102	0.5137	0.0505	0.0036	0.5123	0.8629	0.6429	0.4897	0.4832	0.0154	0.0011	0.5192	0.0018	0.0	0.5631	0.0016	0.0
100perc_25repeat	0.35	0.3756	0.5186	0.0533	0.0038	0.5244	0.8591	0.6513	0.497	0.4728	0.0243	0.0017	0.5846	0.0031	0.0	0.6454	0.0027	0.0
5perc_25repeat	0.4	0.3357	0.5504	0.0494	0.0035	0.6549	0.1883	0.2925	0.5379	0.5257	0.0221	0.0016	0.6231	0.0025	0.0	0.5655	0.0025	0.0
90perc_50repeat	0.35	0.3478	0.5147	0.0524	0.0037	0.5209	0.8585	0.6484	0.4921	0.4778	0.0206	0.0015	0.5457	0.0024	0.0	0.6012	0.0021	0.0
60perc_75repeat	0.35	0.2588	0.5019	0.033	0.0023	0.4923	0.7907	0.6068	0.4896	0.4949	0.0058	0.0004	0.4984	0.0007	0.0	0.5126	0.0006	0.0
30perc_100repeat	0.35	0.2746	0.5313	0.0365	0.0026	0.4842	0.1837	0.2663	0.5273	0.5118	0.0114	0.0008	0.5351	0.0012	0.0	0.5021	0.0012	0.0
100perc_50repeat	0.35	0.3785	0.5173	0.0531	0.0038	0.5238	0.8593	0.6509	0.4963	0.4717	0.0253	0.0018	0.5829	0.0032	0.0	0.6463	0.0028	0.0
30perc_25repeat	0.4	0.2719	0.5366	0.0417	0.003	0.5366	0.1817	0.2714	0.5284	0.5117	0.0113	0.0008	0.5376	0.0012	0.0	0.506	0.0011	0.0
40perc_100repeat	0.35	0.2566	0.5224	0.0255	0.0018	0.5172	0.1913	0.2793	0.5256	0.5064	0.0062	0.0004	0.5146	0.0007	0.0	0.4964	0.0007	0.0
60perc_100repeat	0.35	0.2595	0.499	0.0303	0.0021	0.4884	0.7956	0.6053	0.4879	0.4946	0.0056	0.0004	0.4975	0.0006	0.0	0.5125	0.0007	0.0
5perc_250repeat	0.3	0.3652	0.5308	0.0442	0.0031	0.5248	0.2317	0.3214	0.5256	0.5269	0.0282	0.002	0.6208	0.0036	0.0	0.561	0.0033	0.0
15perc_25repeat	0.4	0.3086	0.5473	0.0501	0.0035	0.6073	0.1876	0.2866	0.5325	0.52	0.0177	0.0012	0.5833	0.0019	0.0	0.5337	0.0019	0.0
15perc_250repeat	0.3	0.3341	0.5293	0.0429	0.003	0.4715	0.2363	0.3148	0.5241	0.521	0.0224	0.0016	0.5815	0.0028	0.0	0.5302	0.0026	0.0
50perc_25repeat	0.4	0.2521	0.5178	0.0381	0.0027	0.511	0.4574	0.4827	0.5187	0.5009	0.0061	0.0004	0.5056	0.0006	0.0	0.5028	0.0007	0.0
50perc_100repeat	0.35	0.2507	0.5106	0.0272	0.0019	0.4895	0.4216	0.453	0.515	0.5009	0.0031	0.0002	0.5021	0.0004	0.0	0.4996	0.0004	0.0
5perc_50repeat	0.4	0.3343	0.5511	0.05	0.0035	0.6584	0.1923	0.2977	0.5389	0.5254	0.0219	0.0016	0.6223	0.0025	0.0	0.5655	0.0025	0.0
50perc_75repeat	0.35	0.2515	0.5059	0.03	0.0021	0.4889	0.4683	0.4784	0.5103	0.5003	0.0038	0.0003	0.5014	0.0004	0.0	0.5004	0.0004	0.0
60perc_25repeat	0.4	0.2567	0.5143	0.0408	0.0029	0.5043	0.7402	0.5999	0.5004	0.4957	0.0069	0.0005	0.5018	0.0007	0.0	0.5138	0.0008	0.0
90perc_75repeat	0.35	0.3474	0.5153	0.0534	0.0038	0.5201	0.8658	0.6499	0.4917	0.4771	0.0205	0.0015	0.5441	0.0024	0.0	0.6011	0.0022	0.0
15perc_50repeat	0.4	0.308	0.5447	0.0475	0.0034	0.5997	0.1785	0.2751	0.532	0.5199	0.0173	0.0012	0.5815	0.0019	0.0	0.5324	0.0018	0.0
30perc_250repeat	0.3	0.2836	0.5222	0.0344	0.0024	0.432	0.2352	0.3046	0.5224	0.5118	0.0128	0.0009	0.5339	0.0015	0.0	0.5025	0.0015	0.0
70perc_100repeat	0.35	0.2804	0.5063	0.0418	0.003	0.5034	0.8464	0.6313	0.4878	0.489	0.0106	0.0007	0.5027	0.0012	0.0	0.5333	0.0011	0.0
70perc_75repeat	0.35	0.2796	0.5079	0.0429	0.003	0.5079	0.8331	0.6311	0.4876	0.4892	0.0107	0.0008	0.5032	0.0012	0.0	0.5333	0.0011	0.0
30perc_50repeat	0.4	0.2708	0.5346	0.0388	0.0027	0.5056	0.1798	0.2652	0.527	0.5119	0.0111	0.0008	0.5361	0.0012	0.0	0.5044	0.0011	0.0
100perc_75repeat	0.35	0.3795	0.5169	0.053	0.0037	0.5237	0.8594	0.6508	0.4963	0.4714	0.0257	0.0018	0.5823	0.0032	0.0	0.6466	0.0028	0.0
80perc_100repeat	0.35	0.3125	0.5121	0.0507	0.0036	0.5128	0.8652	0.644	0.4889	0.4828	0.0156	0.0011	0.5179	0.0018	0.0	0.5639	0.0016	0.0
40perc_250repeat	0.3	0.2592	0.5162	0.0269	0.0019	0.4963	0.2408	0.3242	0.5216	0.5063	0.0066	0.0005	0.5129	0.0008	0.0	0.496	0.0008	0.0
40perc_25repeat	0.4	0.257	0.5258	0.0365	0.0026	0.5259	0.2767	0.3626	0.523	0.5058	0.0084	0.0006	0.5159	0.0009	0.0	0.4999	0.0009	0.0
80perc_250repeat	0.25	0.3269	0.5117	0.0461	0.0033	0.5085	0.7455	0.6046	0.4878	0.4844	0.0217	0.0015	0.5198	0.0024	0.0	0.5584	0.0027	0.0
60perc_250repeat	0.3	0.263	0.4983	0.0281	0.002	0.4881	0.7795	0.6003	0.4872	0.4939	0.0063	0.0004	0.4957	0.0007	0.0	0.5124	0.0007	0.0
70perc_25repeat	0.4	0.2678	0.5216	0.0496	0.0035	0.5168	0.8417	0.6404	0.5003	0.4908	0.0097	0.0007	0.5094	0.001	0.0	0.5336	0.0011	0.0
40perc_50repeat	0.4	0.256	0.5237	0.0305	0.0022	0.5257	0.2224	0.3125	0.5261	0.506	0.0071	0.0005	0.5149	0.0007	0.0	0.498	0.0007	0.0
70perc_250repeat	0.3	0.2881	0.5053	0.0398	0.0028	0.5063	0.7995	0.62	0.487	0.4886	0.0125	0.0009	0.502	0.0014	0.0	0.5326	0.0015	0.0
90perc_100repeat	0.35	0.3485	0.5145	0.0522	0.0037	0.5182	0.8691	0.6493	0.4915	0.4768	0.0206	0.0015	0.5439	0.0025	0.0	0.6014	0.0021	0.0
50perc_50repeat	0.4	0.251	0.5137	0.0326	0.0023	0.4995	0.4329	0.4638	0.5172	0.5009	0.0042	0.0003	0.503	0.0004	0.0	0.5004	0.0005	0.0
80perc_250repeat	0.3	0.3217	0.5107	0.0461	0.0033	0.5112	0.7991	0.6235	0.4885	0.4828	0.0184	0.0013	0.5168	0.0021	0.0	0.5601	0.0023	0.0
80perc_75repeat	0.35	0.3103	0.5124	0.0498	0.0035	0.5152	0.8539	0.6426	0.4889	0.4836	0.0155	0.0011	0.5186	0.0018	0.0	0.5626	0.0016	0.0
60perc_50repeat	0.4	0.2559	0.5103	0.0386	0.0027	0.5012	0.7594	0.6038	0.4979	0.4956	0.006	0.0004	0.5003	0.0006	0.0	0.5124	0.0006	0.0
90perc_25repeat	0.4	0.3266	0.525	0.0549	0.0039	0.5222	0.8744	0.6538	0.5018	0.4795	0.0181	0.0013	0.5505	0.002	0.0	0.5988	0.0021	0.0
100perc_100repeat	0.35	0.3799	0.5167	0.0529	0.0037	0.5235	0.8594	0.6507	0.4963	0.4712	0.0258	0.0018	0.582	0.0032	0.0	0.6468	0.0028	0.0
80perc_25repeat	0.4	0.2976	0.5219	0.0556	0.0039	0.52	0.8675	0.6502	0.4966	0.485	0.0139	0.001	0.5239	0.0014	0.0	0.5631	0.0016	0.0
30perc_75repeat	0.4	0.2689	0.5352	0.0395	0.0028	0.5296	0.172	0.2596	0.528	0.5113	0.01	0.0007	0.5343	0.0011	0.0	0.504	0.0011	0.0
15perc_75repeat	0.4	0.3071	0.5463	0.0494	0.0035	0.6051	0.1841	0.2823	0.532	0.5197	0.0173	0.0012	0.5811	0.0019	0.0	0.5331	0.0018	0.0
70perc_50repeat	0.4	0.2733	0.5132	0.0479	0.0034	0.5097	0.8512	0.6376	0.4914	0.4894	0.0096	0.0007	0.5057	0.001	0.0	0.5333	0.0011	0.0
100perc_25repeat	0.4	0.3538	0.5299	0.057	0.004	0.5249	0.8719	0.6553	0.5082	0.4741	0.0224	0.0016	0.5882	0.0026	0.0	0.6432	0.0027	0.0
80perc_50repeat	0.4	0.3	0.5184	0.0543	0.0038	0.513	0.8773	0.6474	0.4925	0.4839	0.0142	0.001	0.5218	0.0015	0.0	0.5624	0.0016	0.0
15perc_100repeat	0.4	0.3067	0.5464	0.0484	0.0034	0.5987	0.1789	0.2755	0.5335	0.52	0.0172	0.0012	0.581	0.0019	0.0	0.532	0.0018	0.0
90perc_250repeat	0.3	0.3581	0.5127	0.0492	0.0035	0.5216	0.7999	0.6314	0.4893	0.4767	0.0247	0.0017	0.5431	0.0028	0.0	0.5977	0.0031	0.0
5perc_100repeat	0.4	0.3347	0.5511	0.0504	0.0036	0.6597	0.1906	0.2957	0.5381	0.5255	0.022	0.0016	0.6224	0.0025	0.0	0.5651	0.0024	0.0
5perc_25repeat	0.45	0.3235	0.5596	0.0574	0.0041	0.6549	0.233	0.3438	0.5472	0.5243	0.0229	0.0016	0.6225	0.0024	0.0	0.5669	0.0025	0.0
15perc_25repeat	0.45	0.3037	0.5495	0.0539	0.0038	0.6051	0.2211	0.3238	0.5371	0.5192	0.0189	0.0013	0.5831	0.0019	0.0	0.5353	0.002	0.0
30perc_25repeat	0.45	0.271	0.541	0.0486	0.0034	0.5025	0.2326	0.318	0.5308	0.5113	0.0116	0.0008	0.5368	0.0012	0.0	0.5065	0.0013	0.0
90perc_50repeat	0.4	0.3293	0.5237	0.0566	0.004	0.5204	0.8779	0.6535	0.4986	0.4787	0.0185	0.0013	0.5488	0.0021	0.0	0.599	0.0021	0.0
60perc_75repeat	0.4	0.2573	0.5023	0.0359	0.0025	0.4929	0.7979	0.6093	0.4891	0.4949	0.0054	0.0004	0.4981	0.0006	0.0	0.5121	0.0006	0.0
100perc_50repeat	0.4	0.3573	0.5279	0.057	0.004	0.523	0.8733	0.6542	0.5056	0.473	0.0233	0.0016	0.5867	0.0027	0.0	0.644	0.0027	0.0
5perc_75repeat	0.4	0.3351	0.5505	0.0502	0.0035	0.6554	0.1927	0.2978	0.5385	0.5253	0.022	0.0016	0.6226	0.0025	0.0	0.5656	0.0025	0.0
70perc_75repeat	0.4	0.273	0.5091	0.0438	0.0031	0.5057	0.8622	0.6375	0.4887	0.4893	0.0099	0.0007	0.5049	0.001	0.0	0.5324	0.0011	0.0
50perc_100repeat	0.4	0.251	0.5073	0.0293	0.0021	0.4859	0.4636	0.4745	0.5087	0.5003	0.0033	0.0002	0.5014	0.0003	0.0	0.5001	0.0003	0.0
50perc_25repeat	0.45	0.2517	0.5195	0.0416	0.0029	0.5152	0.4593	0.4857	0.5181	0.5013	0.0061	0.0004	0.5059	0.0006	0.0	0.5033	0.0006	0.0
80perc_75repeat	0.4	0.3007	0.5152	0.0511	0.0036	0.5119	0.8821	0.6479	0.4924	0.4838	0.0141	0.001	0.5209	0.0015	0.0	0.5623	0.0015	0.0
70perc_100repeat	0.4	0.2738	0.5087	0.0442	0.0031	0.505	0.8671	0.6383	0.4905	0.4894	0.0101	0.0007	0.5047	0.001	0.0	0.5329	0.001	0.0
15perc_50repeat	0.45	0.2997	0.5534	0.057	0.004	0.5997	0.2291	0.3315	0.5395	0.5184	0.018	0.0013	0.5811	0.0019	0.0	0.5351	0.0019	0.0
40perc_25repeat	0.45	0.2578	0.5296	0.0412	0.0029	0.5097	0.2736	0.3561	0.5272	0.5063	0.0081	0.0006	0.517	0.0009	0.0	0.4996	0.0009	0.0
30perc_50repeat	0.45	0.2675	0.5395	0.0466	0.0033	0.5222	0.2139	0.3035	0.5309	0.5108	0.0108	0.0008	0.5349	0.0011	0.0	0.5056	0.0011	0.0
50perc_75repeat	0.4	0.2516	0.5036	0.0292	0.0021	0.4871	0.4752	0.4811	0.5052	0.5003	0.0034	0.0002	0.5012	0.0004	0.0	0.5004	0.0004	0.0
60perc_25repeat	0.45	0.2529	0.5235	0.0459	0.0032	0.5148	0.7325	0.6047	0.5085	0.4964	0.0064	0.0005	0.5034	0.0007	0.0	0.514	0.0006	0.0
40perc_75repeat	0.4	0.2551	0.526	0.0283	0.002	0.5215	0.2021	0.2913	0.5248	0.506	0.0063	0.0004	0.5141	0.0007	0.0	0.4973	0.0006	0.0
90perc_75repeat	0.4	0.3311	0.5224	0.056	0.004	0.518	0.877	0.6513	0.4965	0.4783	0.0192	0.0014	0.548	0.0021	0.0	0.5991	0.0021	0.0
40perc_50repeat	0.45	0.2564	0.5233	0.0344	0.0024	0.5161	0.2516	0.3383	0.5258	0.5057	0.0072	0.0005	0.5146	0.0007	0.0	0.4978	0.0008	0.0
5perc_250repeat	0.35	0.3489	0.5429	0.0447	0.0032	0.5898	0.1879	0.285	0.5347	0.5268	0.0239	0.0017	0.6254	0.0025	0.0	0.5622	0.0029	0.0
5perc_50repeat	0.45	0.3244	0.5586	0.0577	0.0041	0.6523	0.2369	0.3476	0.5456	0.5239	0.023	0.0016	0.6221	0.0024	0.0	0.567	0.0025	0.0
70perc_25repeat	0.45	0.2659	0.5296	0.0566	0.004	0.5227	0.8257	0.6402	0.5076	0.4909	0.0103	0.0007	0.5093	0.0011	0.0	0.534	0.001	0.0
40perc_250repeat	0.35	0.2562	0.5224	0.0248	0.0018	0.5184	0.1936	0.282	0.5249	0.5064	0.0059	0.0004	0.5139	0.0006	0.0	0.496	0.0006	0.0
15perc_250repeat	0.35	0.3176	0.5398	0.043	0.003	0.5365	0.1869	0.2772	0.5304	0.5206	0.0186	0.0013	0.5826	0.0019	0.0	0.5295	0.0022	0.0
60perc_100repeat	0.4	0.2572	0.5008	0.0321	0.0023	0.4901	0.8031	0.6088	0.4894	0.4951	0.0053	0.0004	0.498	0.0006	0.0	0.5118	0.0006	0.0
100perc_75repeat	0.4	0.3585	0.5271	0.0566	0.004	0.5237	0.8738	0.6549	0.5051	0.4726	0.0236	0.0017	0.5862	0.0027	0.0	0.6443	0.0028	0.0
50perc_250repeat	0.3	0.2512	0.4997	0.022	0.0016	0.4769	0.4787	0.4778	0.4993	0.5002	0.0024	0.0002	0.5002	0.0003	0.0	0.4996	0.0003	0.0
50perc_250repeat	0.35	0.251	0.5004	0.0228	0.0016	0.4775	0.4815	0.4795	0.4994	0.5002	0.0021	0.0001	0.5004	0.0002	0.0	0.4998	0.0002	0.0
60perc_250repeat	0.35	0.2606	0.4973	0.0297	0.0021	0.4869	0.8178	0.6104	0.4866	0.4942	0.0054	0.0004	0.4959	0.0006	0.0	0.5126	0.0006	0.0
50perc_50repeat	0.45	0.2511	0.5092	0.035	0.0025	0.4952	0.4606	0.4773	0.5114	0.5008	0.0042	0.0003	0.5026	0.0004	0.0	0.501	0.0004	0.0
80perc_25repeat	0.45	0.2889	0.5367	0.0657	0.0046	0.5321	0.8412	0.6518	0.5043	0.4856	0.0143	0.001	0.5254	0.0016	0.0	0.5627	0.0015	0.0
30perc_100repeat	0.4	0.2687	0.5356	0.0385	0.0027	0.5247	0.1752	0.2627	0.5282	0.5112	0.0104	0.0007	0.534	0.0011	0.0	0.504	0.0011	0.0
30perc_250repeat	0.35	0.2737	0.53	0.0328	0.0023	0.4728	0.1726	0.2529	0.5268	0.5121	0.0106	0.0007	0.5349	0.0011	0.0	0.5015	0.0012	0.0
90perc_100repeat	0.4	0.3317	0.5216	0.0541	0.0038	0.5186	0.8779	0.652	0.4984	0.4781	0.019	0.0013	0.5479	0.0021	0.0	0.5993	0.0021	0.0
5perc_75repeat	0.45	0.3243	0.5585	0.0576	0.0041	0.6531	0.2369	0.3477	0.5466	0.524	0.0229	0.0016	0.6221	0.0024	0.0	0.567	0.0025	0.0
60perc_50repeat	0.45	0.2555	0.5155	0.04	0.0028	0.5055	0.7499	0.6039	0.5028	0.4954	0.0061	0.0004	0.5002	0.0007	0.0	0.5127	0.0006	0.0
40perc_100repeat	0.4	0.2541	0.5234	0.0272	0.0019	0.527	0.2108	0.3011	0.5237	0.5054	0.0059	0.0004	0.513	0.0006	0.0	0.4975	0.0006	0.0
100perc_250repeat	0.3	0.3904	0.5125	0.0478	0.0034	0.5293	0.7947	0.6354	0.4911	0.4706	0.031	0.0022	0.5812	0.0037	0.0	0.6429	0.004	0.0
30perc_75repeat	0.45	0.2691	0.5391	0.0473	0.0033	0.5202	0.2007	0.2896	0.5301	0.5111	0.0112	0.0008	0.535	0.0012	0.0	0.5046	0.0012	0.0
90perc_25repeat	0.45	0.3115	0.5419	0.0628	0.0044	0.5353	0.8482	0.6563	0.5131	0.4807	0.0191	0.0013	0.5524	0.002	0.0	0.5987	0.0021	0.0
15perc_75repeat	0.45	0.3017	0.5506	0.0557	0.0039	0.6021	0.2185	0.3207	0.5379	0.519	0.0181	0.0013	0.5812	0.0019	0.0	0.5339	0.0019	0.0
70perc_50repeat	0.45	0.2691	0.5237	0.0546	0.0039	0.516	0.8379	0.6387	0.4987	0.4902	0.01	0.0007	0.5061	0.001	0.0	0.5327	0.0011	0.0
80perc_250repeat	0.35	0.3134	0.5116	0.0516	0.0036	0.5117	0.8695	0.6442	0.4875	0.4825	0.0155	0.0011	0.5166	0.0018	0.0	0.5633	0.0016	0.0
40perc_75repeat	0.45	0.2552	0.5208	0.0342	0.0024	0.5189	0.2253	0.3141	0.5245	0.5055	0.0062	0.0004	0.5134	0.0007	0.0	0.4977	0.0006	0.0
100perc_25repeat	0.45	0.3318	0.5502	0.064	0.0045	0.5403	0.8478	0.66	0.5228	0.4755	0.0233	0.0016	0.5892	0.0026	0.0	0.6422	0.0025	0.0
50perc_75repeat	0.45	0.2507	0.5106	0.0315	0.0022	0.4884	0.4644	0.4761	0.514	0.5004	0.0033	0.0002	0.5016	0.0003	0.0	0.5006	0.0003	0.0
5perc_25repeat	0.5	0.3061	0.5745	0.0597	0.0042	0.7088	0.239	0.3574	0.5638	0.5241	0.018	0.0013	0.6203	0.0021	0.0	0.5685	0.0021	0.0
80perc_50repeat	0.45	0.2899	0.5319	0.0597	0.0042	0.5228	0.8583	0.6498	0.5043	0.4849	0.0148	0.001	0.5226	0.0016	0.0	0.5618	0.0015	0.0
90perc_50repeat	0.45	0.3144	0.5394	0.0631	0.0045	0.5323	0.8548	0.6561	0.51	0.4797	0.0193	0.0014	0.55	0.0021	0.0	0.5988	0.002	0.0
15perc_25repeat	0.5	0.2891	0.5645	0.0586	0.0041	0.6424	0.2141	0.3212	0.5519	0.5194	0.015	0.0011	0.5807	0.0017	0.0	0.5352	0.0017	0.0
80perc_100repeat	0.4	0.2996	0.5162	0.051	0.0036	0.5117	0.8837	0.6481	0.4924	0.4839	0.0147	0.001	0.5209	0.0015	0.0	0.562	0.0016	0.0
15perc_100repeat	0.45	0.3014	0.5507	0.0563	0.004	0.6031	0.2255	0.3283	0.5375	0.5187	0.0182	0.0013	0.5807	0.0019	0.0	0.5339	0.0019	0.0
100perc_250repeat	0.35	0.3809	0.5163	0.0528	0.0037	0.5232	0.8596	0.6505	0.4956	0.4708	0.0262	0.0018	0.5815	0.0033	0.0	0.6471	0.0028	0.0
40perc_100repeat	0.45	0.2554	0.523	0.0311	0.0022	0.5205	0.2166	0.3059	0.525	0.506	0.006	0.0004	0.5139	0.0006	0.0	0.497	0.0006	0.0
30perc_100repeat	0.45	0.2669	0.5394	0.0467	0.0033	0.5293	0.2005	0.2908	0.5299	0.5106	0.0104	0.0007	0.5341	0.0011	0.0	0.5044	0.0011	0.0
30perc_25repeat	0.5	0.2644	0.5463	0.0494	0.0035	0.5439	0.2153	0.3085	0.5355	0.5113	0.0102	0.0007	0.5361	0.0011	0.0	0.507	0.0011	0.0
70perc_250repeat	0.35	0.2819	0.5046	0.0421	0.003	0.5009	0.8626	0.6338	0.4863	0.4884	0.0104	0.0007	0.5012	0.0011	0.0	0.5334	0.0011	0.0
40perc_25repeat	0.5	0.2542	0.5323	0.0402	0.0028	0.5367	0.2604	0.3507	0.5308	0.5064	0.0076	0.0005	0.5167	0.0008	0.0	0.5008	0.0008	0.0
100perc_50repeat	0.45	0.3353	0.5477	0.0639	0.0045	0.5392	0.849	0.6596	0.5209	0.4745	0.0243	0.0017	0.5878	0.0027	0.0	0.6431	0.0026	0.0
70perc_75repeat	0.45	0.2716	0.5123	0.046	0.0033	0.5062	0.8581	0.6367	0.494	0.4894	0.0103	0.0007	0.5049	0.001	0.0	0.5334	0.0011	0.0
60perc_100repeat	0.45	0.2565	0.5048	0.035	0.0025	0.4918	0.7992	0.6089	0.492	0.495	0.0055	0.0004	0.4981	0.0006	0.0	0.5119	0.0006	0.0
100perc_100repeat	0.4	0.3592	0.5268	0.0568	0.004	0.5225	0.8743	0.6541	0.5046	0.4725	0.0238	0.0017	0.586	0.0027	0.0	0.6445	0.0028	0.0
50perc_25repeat	0.5	0.2506	0.5197	0.0413	0.0029	0.5176	0.4695	0.4924	0.5228	0.5005	0.0052	0.0004	0.505	0.0006	0.0	0.5032	0.0005	0.0
60perc_25repeat	0.5	0.2518	0.5296	0.0481	0.0034	0.5219	0.7296	0.6085	0.5184	0.496	0.0061	0.0004	0.504	0.0006	0.0	0.5138	0.0006	0.0
80perc_75repeat	0.45	0.2913	0.5299	0.0601	0.0043	0.5234	0.8586	0.6503	0.5028	0.4845	0.0149	0.0011	0.522	0.0016	0.0	0.5619	0.0016	0.0
15perc_50repeat	0.5	0.288	0.5643	0.0581	0.0041	0.6439	0.2193	0.3272	0.5524	0.519	0.0145	0.001	0.5797	0.0017	0.0	0.5353	0.0016	0.0
70perc_100repeat	0.45	0.2705	0.5187	0.0504	0.0036	0.5091	0.8556	0.6384	0.4962	0.4898	0.0099	0.0007	0.5045	0.001	0.0	0.5326	0.001	0.0
5perc_100repeat	0.45	0.3241	0.559	0.0583	0.0041	0.655	0.2353	0.3462	0.5467	0.524	0.023	0.0016	0.6222	0.0024	0.0	0.5671	0.0025	0.0
60perc_75repeat	0.45	0.2556	0.5083	0.0359	0.0025	0.4936	0.7972	0.6097	0.4952	0.4951	0.0056	0.0004	0.4989	0.0006	0.0	0.5122	0.0006	0.0
70perc_25repeat	0.5	0.2609	0.5348	0.0592	0.0042	0.5224	0.8452	0.6457	0.5084	0.4907	0.0086	0.0006	0.5105	0.0009	0.0	0.5342	0.0009	0.0
80perc_100repeat	0.45	0.2923	0.5281	0.058	0.0041	0.5198	0.8622	0.6486	0.5015	0.4843	0.0149	0.0011	0.5213	0.0016	0.0	0.5617	0.0016	0.0
100perc_75repeat	0.45	0.3365	0.547	0.0639	0.0045	0.5391	0.8497	0.6597	0.52	0.4742	0.0246	0.0017	0.5873	0.0027	0.0	0.6434	0.0026	0.0
80perc_25repeat	0.5	0.2754	0.5449	0.0657	0.0046	0.5345	0.8566	0.6583	0.5161	0.486	0.0115	0.0008	0.5277	0.0013	0.0	0.5615	0.0013	0.0
40perc_50repeat	0.5	0.2538	0.5296	0.0371	0.0026	0.5368	0.2079	0.2997	0.5295	0.506	0.0062	0.0004	0.5142	0.0006	0.0	0.4982	0.0006	0.0
5perc_50repeat	0.5	0.3064	0.5741	0.0591	0.0042	0.7094	0.2397	0.3583	0.5661	0.524	0.0181	0.0013	0.6201	0.0021	0.0	0.5684	0.0021	0.0
30perc_50repeat	0.5	0.2616	0.5424	0.0446	0.0032	0.5664	0.1965	0.2917	0.5338	0.5106	0.0095	0.0007	0.5334	0.001	0.0	0.5061	0.0009	0.0
5perc_250repeat	0.4	0.3349	0.5503	0.0499	0.0035	0.6579	0.1906	0.2955	0.5386	0.5254	0.022	0.0016	0.6221	0.0025	0.0	0.565	0.0024	0.0
90perc_25repeat	0.5	0.2941	0.5565	0.0674	0.0048	0.5371	0.8696	0.6641	0.5257	0.4807	0.0145	0.001	0.5534	0.0017	0.0	0.597	0.0017	0.0
50perc_50repeat	0.5	0.2506	0.5133	0.0328	0.0023	0.4955	0.4698	0.4823	0.5175	0.5002	0.0039	0.0003	0.5023	0.0004	0.0	0.5014	0.0004	0.0
60perc_50repeat	0.5	0.2537	0.5124	0.0396	0.0028	0.4984	0.8168	0.6191	0.4972	0.4953	0.005	0.0004	0.5002	0.0005	0.0	0.5129	0.0005	0.0
5perc_75repeat	0.5	0.307	0.5729	0.0586	0.0041	0.7037	0.2393	0.3572	0.565	0.524	0.0182	0.0013	0.6197	0.0021	0.0	0.5681	0.0021	0.0
90perc_100repeat	0.45	0.3155	0.5394	0.065	0.0046	0.5318	0.855	0.6557	0.5089	0.4792	0.0197	0.0014	0.5486	0.0021	0.0	0.5986	0.0021	0.0
100perc_100repeat	0.45	0.3371	0.5466	0.0639	0.0045	0.5385	0.8499	0.6593	0.5195	0.474	0.0247	0.0018	0.587	0.0027	0.0	0.6435	0.0026	0.0
50perc_100repeat	0.45	0.2513	0.502	0.0316	0.0022	0.4802	0.4891	0.4846	0.5039	0.5001	0.0029	0.0002	0.5007	0.0003	0.0	0.5004	0.0003	0.0
30perc_250repeat	0.4	0.269	0.5352	0.0394	0.0028	0.5224	0.1667	0.2527	0.5274	0.5114	0.01	0.0007	0.5341	0.0011	0.0	0.5032	0.001	0.0
60perc_250repeat	0.4	0.2573	0.5003	0.029	0.0021	0.4892	0.8155	0.6115	0.4898	0.4949	0.0051	0.0004	0.4974	0.0005	0.0	0.5115	0.0005	0.0
30perc_75repeat	0.5	0.2614	0.5434	0.0445	0.0031	0.5593	0.1919	0.2857	0.5355	0.5109	0.0086	0.0006	0.5331	0.0009	0.0	0.5052	0.001	0.0
90perc_75repeat	0.45	0.3157	0.5384	0.0634	0.0045	0.5306	0.8568	0.6553	0.5101	0.4793	0.0195	0.0014	0.5489	0.0021	0.0	0.5988	0.0021	0.0
70perc_250repeat	0.4	0.2746	0.5069	0.0446	0.0032	0.5019	0.8762	0.6382	0.4876	0.4892	0.0097	0.0007	0.5032	0.001	0.0	0.5323	0.001	0.0
70perc_50repeat	0.5	0.2646	0.5244	0.0564	0.004	0.5143	0.861	0.6439	0.5029	0.4898	0.0084	0.0006	0.5069	0.0009	0.0	0.5325	0.0009	0.0
100perc_25repeat	0.5	0.3118	0.5666	0.067	0.0047	0.5454	0.8593	0.6673	0.54	0.4754	0.0182	0.0013	0.5905	0.0022	0.0	0.6405	0.0022	0.0
15perc_75repeat	0.5	0.2869	0.5636	0.0565	0.004	0.652	0.211	0.3188	0.5512	0.5189	0.0139	0.001	0.5796	0.0016	0.0	0.5355	0.0016	0.0
80perc_50repeat	0.5	0.2787	0.5379	0.063	0.0045	0.5262	0.874	0.6569	0.5086	0.485	0.0113	0.0008	0.5244	0.0013	0.0	0.5607	0.0014	0.0
5perc_25repeat	0.6	0.2883	0.5918	0.0626	0.0044	0.7364	0.2418	0.364	0.5905	0.5249	0.0146	0.001	0.6237	0.0016	0.0	0.5679	0.0016	0.0
50perc_250repeat	0.4	0.251	0.5001	0.0236	0.0017	0.476	0.4781	0.4771	0.5006	0.5002	0.0018	0.0001	0.5002	0.0002	0.0	0.4998	0.0002	0.0
15perc_250repeat	0.4	0.306	0.5464	0.0501	0.0035	0.6038	0.1843	0.2824	0.5322	0.5196	0.0172	0.0012	0.5803	0.0019	0.0	0.5319	0.0018	0.0
40perc_75repeat	0.5	0.2519	0.5301	0.0309	0.0022	0.5396	0.2262	0.3187	0.5308	0.5054	0.0051	0.0004	0.5129	0.0005	0.0	0.4985	0.0006	0.0
90perc_250repeat	0.35	0.3488	0.5153	0.0538	0.0038	0.5212	0.861	0.6494	0.4917	0.4767	0.0209	0.0015	0.5432	0.0025	0.0	0.6011	0.0022	0.0
50perc_75repeat	0.5	0.2504	0.5114	0.0324	0.0023	0.495	0.4621	0.478	0.5153	0.5002	0.003	0.0002	0.5018	0.0003	0.0	0.5009	0.0003	0.0
60perc_75repeat	0.5	0.2545	0.5069	0.0365	0.0026	0.4947	0.822	0.6177	0.494	0.4951	0.0046	0.0003	0.4993	0.0005	0.0	0.5123	0.0005	0.0
90perc_50repeat	0.5	0.2986	0.5514	0.0678	0.0048	0.5358	0.8678	0.6626	0.5189	0.4796	0.0152	0.0011	0.5512	0.0017	0.0	0.5968	0.0018	0.0
15perc_100repeat	0.5	0.2866	0.5641	0.0579	0.0041	0.6588	0.217	0.3265	0.5512	0.5186	0.0139	0.001	0.5787	0.0016	0.0	0.5351	0.0016	0.0
70perc_75repeat	0.5	0.2641	0.521	0.0543	0.0038	0.5133	0.867	0.6448	0.4968	0.4898	0.0081	0.0006	0.5065	0.0009	0.0	0.5321	0.0009	0.0
80perc_250repeat	0.4	0.3021	0.5156	0.0523	0.0037	0.513	0.8812	0.6485	0.4915	0.4834	0.0143	0.001	0.5196	0.0015	0.0	0.562	0.0016	0.0
100perc_50repeat	0.5	0.3157	0.5638	0.0676	0.0048	0.5439	0.8618	0.6669	0.5365	0.4744	0.0189	0.0013	0.5892	0.0023	0.0	0.6413	0.0023	0.0
30perc_25repeat	0.6	0.2584	0.5558	0.0534	0.0038	0.596	0.1705	0.2652	0.5406	0.5117	0.0083	0.0006	0.5378	0.0009	0.0	0.5064	0.0008	0.0
15perc_25repeat	0.6	0.2768	0.5768	0.0613	0.0043	0.6978	0.2049	0.3167	0.5723	0.5198	0.012	0.0009	0.5838	0.0013	0.0	0.5353	0.0013	0.0
90perc_250repeat	0.4	0.333	0.5208	0.055	0.0039	0.5192	0.8789	0.6528	0.4961	0.4778	0.0193	0.0014	0.5467	0.0021	0.0	0.5994	0.0021	0.0
40perc_25repeat	0.6	0.2505	0.5439	0.0412	0.0029	0.5717	0.2028	0.2994	0.539	0.5061	0.0057	0.0004	0.5172	0.0006	0.0	0.4998	0.0006	0.0
5perc_50repeat	0.6	0.2887	0.5909	0.0623	0.0044	0.7379	0.2392	0.3613	0.5863	0.5249	0.0145	0.001	0.6232	0.0016	0.0	0.5673	0.0015	0.0
100perc_250repeat	0.4	0.3603	0.5261	0.0564	0.004	0.5221	0.8742	0.6537	0.504	0.4721	0.0241	0.0017	0.5855	0.0028	0.0	0.6448	0.0028	0.0
60perc_25repeat	0.6	0.2496	0.5309	0.0476	0.0034	0.5178	0.7901	0.6256	0.5181	0.4961	0.0051	0.0004	0.5029	0.0005	0.0	0.5146	0.0005	0.0
60perc_100repeat	0.5	0.2547	0.5083	0.0358	0.0025	0.4945	0.8234	0.6179	0.496	0.495	0.0044	0.0003	0.4986	0.0005	0.0	0.5117	0.0005	0.0
90perc_75repeat	0.5	0.3011	0.5481	0.0654	0.0046	0.5314	0.876	0.6615	0.5183	0.4791	0.0151	0.0011	0.5504	0.0018	0.0	0.5977	0.0018	0.0
70perc_100repeat	0.5	0.2641	0.5228	0.0533	0.0038	0.5124	0.8732	0.6458	0.5002	0.4896	0.0079	0.0006	0.5062	0.0009	0.0	0.5322	0.0009	0.0
100perc_75repeat	0.5	0.317	0.5626	0.0675	0.0048	0.543	0.8625	0.6664	0.5346	0.4741	0.0192	0.0014	0.5888	0.0023	0.0	0.6416	0.0023	0.0
5perc_100repeat	0.5	0.3062	0.5742	0.0594	0.0042	0.7087	0.2376	0.3558	0.5655	0.524	0.0178	0.0013	0.6197	0.0021	0.0	0.568	0.0021	0.0
70perc_25repeat	0.6	0.2547	0.5406	0.0621	0.0044	0.5217	0.8817	0.6555	0.5126	0.4906	0.0071	0.0005	0.5094	0.0008	0.0	0.5348	0.0008	0.0
15perc_50repeat	0.6	0.2752	0.5774	0.0626	0.0044	0.6962	0.2043	0.3159	0.5672	0.5194	0.0117	0.0008	0.5823	0.0013	0.0	0.5345	0.0012	0.0
5perc_250repeat	0.45	0.3241	0.5588	0.0578	0.0041	0.6591	0.2351	0.3466	0.547	0.524	0.023	0.0016	0.622	0.0024	0.0	0.5668	0.0025	0.0
50perc_25repeat	0.6	0.249	0.5341	0.0423	0.003	0.5345	0.4296	0.4764	0.5324	0.5013	0.005	0.0004	0.5059	0.0005	0.0	0.5027	0.0005	0.0
80perc_25repeat	0.6	0.2639	0.5555	0.0674	0.0048	0.5309	0.8919	0.6656	0.5276	0.4855	0.01	0.0007	0.5255	0.001	0.0	0.5629	0.0011	0.0
30perc_100repeat	0.5	0.2609	0.5464	0.0469	0.0033	0.557	0.1963	0.2903	0.5352	0.5108	0.0086	0.0006	0.5328	0.0009	0.0	0.5052	0.0009	0.0
80perc_100repeat	0.5	0.2819	0.534	0.0619	0.0044	0.5228	0.8753	0.6546	0.5068	0.4845	0.0118	0.0008	0.5227	0.0013	0.0	0.5606	0.0013	0.0
80perc_75repeat	0.5	0.281	0.5358	0.0644	0.0046	0.5247	0.8721	0.6552	0.5051	0.4847	0.0114	0.0008	0.5235	0.0013	0.0	0.5606	0.0013	0.0
40perc_50repeat	0.6	0.2512	0.5345	0.0373	0.0026	0.5595	0.1863	0.2796	0.5358	0.5059	0.0051	0.0004	0.5153	0.0006	0.0	0.4987	0.0005	0.0
40perc_100repeat	0.5	0.2523	0.5308	0.0324	0.0023	0.5388	0.1936	0.2849	0.5297	0.5058	0.0047	0.0003	0.5129	0.0005	0.0	0.4977	0.0005	0.0
40perc_250repeat	0.45	0.2544	0.523	0.0314	0.0022	0.5229	0.2186	0.3083	0.5271	0.5054	0.0055	0.0004	0.5124	0.0006	0.0	0.4973	0.0006	0.0
90perc_25repeat	0.6	0.2726	0.5752	0.0631	0.0045	0.5408	0.8875	0.672	0.562	0.4801	0.0121	0.0009	0.552	0.0013	0.0	0.5986	0.0014	0.0
50perc_100repeat	0.5	0.2507	0.5062	0.03	0.0021	0.4862	0.4847	0.4854	0.5087	0.5003	0.0028	0.0002	0.5011	0.0003	0.0	0.5006	0.0003	0.0
50perc_50repeat	0.6	0.2496	0.5203	0.0365	0.0026	0.5115	0.444	0.4754	0.5252	0.5009	0.0034	0.0002	0.5031	0.0004	0.0	0.5013	0.0003	0.0
5perc_75repeat	0.6	0.2887	0.5904	0.0623	0.0044	0.7404	0.2379	0.36	0.5866	0.5249	0.0145	0.001	0.6229	0.0016	0.0	0.5668	0.0015	0.0
15perc_75repeat	0.6	0.2751	0.5772	0.0628	0.0044	0.6989	0.2041	0.316	0.5669	0.5194	0.0115	0.0008	0.5817	0.0013	0.0	0.5344	0.0012	0.0
60perc_50repeat	0.6	0.252	0.5155	0.0428	0.003	0.5021	0.8272	0.6249	0.5035	0.4953	0.0046	0.0003	0.4997	0.0004	0.0	0.5129	0.0005	0.0
40perc_250repeat	0.4	0.2541	0.5245	0.0267	0.0019	0.5298	0.1884	0.278	0.5265	0.5057	0.0054	0.0004	0.5128	0.0006	0.0	0.4968	0.0006	0.0
30perc_50repeat	0.6	0.2574	0.5521	0.0505	0.0036	0.5984	0.1538	0.2448	0.5385	0.5114	0.0075	0.0005	0.5355	0.0008	0.0	0.5051	0.0008	0.0
90perc_100repeat	0.5	0.3008	0.5502	0.0674	0.0048	0.5335	0.8741	0.6626	0.5186	0.4791	0.0156	0.0011	0.5505	0.0018	0.0	0.5976	0.0018	0.0
100perc_25repeat	0.6	0.281	0.5947	0.0596	0.0042	0.5539	0.8724	0.6776	0.585	0.4746	0.0147	0.001	0.5899	0.0016	0.0	0.6437	0.0018	0.0
70perc_50repeat	0.6	0.2564	0.5325	0.0573	0.0041	0.5156	0.8937	0.6539	0.5096	0.4902	0.0067	0.0005	0.5071	0.0007	0.0	0.5333	0.0007	0.0
80perc_50repeat	0.6	0.2667	0.5477	0.0592	0.0042	0.5209	0.9118	0.663	0.5232	0.4847	0.0093	0.0007	0.5231	0.001	0.0	0.5625	0.0011	0.0
5perc_25repeat	0.7	0.2719	0.6058	0.0632	0.0045	0.736	0.2865	0.4124	0.6076	0.5243	0.0123	0.0009	0.6225	0.0013	0.0	0.5686	0.0014	0.0
40perc_75repeat	0.6	0.251	0.5393	0.0345	0.0024	0.5516	0.1793	0.2706	0.5363	0.506	0.0045	0.0003	0.5141	0.0005	0.0	0.4977	0.0005	0.0
5perc_100repeat	0.6	0.2882	0.5913	0.0619	0.0044	0.7424	0.2396	0.3622	0.5862	0.5248	0.0143	0.001	0.6228	0.0016	0.0	0.5671	0.0015	0.0
30perc_75repeat	0.6	0.2573	0.5532	0.0512	0.0036	0.5916	0.1518	0.2416	0.5384	0.5115	0.0074	0.0005	0.5349	0.0008	0.0	0.5046	0.0008	0.0
15perc_25repeat	0.7	0.2634	0.5887	0.0653	0.0046	0.7206	0.231	0.3498	0.5869	0.5193	0.0102	0.0007	0.5823	0.0011	0.0	0.5355	0.0011	0.0
50perc_250repeat	0.45	0.2507	0.5018	0.022	0.0016	0.4744	0.4558	0.4649	0.5004	0.5003	0.0017	0.0001	0.5005	0.0002	0.0	0.4996	0.0002	0.0
50perc_75repeat	0.6	0.25	0.5129	0.0318	0.0022	0.4946	0.4854	0.49	0.513	0.5002	0.0031	0.0002	0.5017	0.0003	0.0	0.5011	0.0003	0.0
60perc_250repeat	0.45	0.2563	0.5059	0.0334	0.0024	0.4917	0.8043	0.6103	0.4939	0.4952	0.0052	0.0004	0.4977	0.0005	0.0	0.5116	0.0005	0.0
15perc_100repeat	0.6	0.2751	0.577	0.0626	0.0044	0.6992	0.1996	0.3106	0.5695	0.5195	0.0113	0.0008	0.5818	0.0013	0.0	0.5341	0.0012	0.0
90perc_50repeat	0.6	0.2769	0.5694	0.0625	0.0044	0.5361	0.8934	0.6701	0.5497	0.4794	0.0125	0.0009	0.5497	0.0013	0.0	0.5986	0.0014	0.0
60perc_75repeat	0.6	0.2526	0.5136	0.0404	0.0029	0.4989	0.8328	0.624	0.5013	0.4949	0.0043	0.0003	0.4989	0.0004	0.0	0.5124	0.0004	0.0
70perc_75repeat	0.6	0.259	0.5244	0.0538	0.0038	0.5053	0.9175	0.6517	0.5044	0.4894	0.0066	0.0005	0.5053	0.0007	0.0	0.5336	0.0007	0.0
70perc_250repeat	0.45	0.2707	0.5177	0.0515	0.0036	0.5095	0.8536	0.6381	0.495	0.4897	0.01	0.0007	0.5042	0.0011	0.0	0.5323	0.001	0.0
80perc_250repeat	0.45	0.2921	0.5275	0.0577	0.0041	0.5205	0.8621	0.6491	0.5019	0.4844	0.0149	0.0011	0.5208	0.0016	0.0	0.5613	0.0015	0.0
100perc_50repeat	0.6	0.285	0.5904	0.0605	0.0043	0.5507	0.8765	0.6764	0.5777	0.4736	0.0153	0.0011	0.5886	0.0016	0.0	0.6446	0.0018	0.0
100perc_100repeat	0.5	0.3176	0.5621	0.0674	0.0048	0.5426	0.8627	0.6662	0.5339	0.4739	0.0193	0.0014	0.5886	0.0023	0.0	0.6417	0.0023	0.0
80perc_75repeat	0.6	0.2684	0.5453	0.0613	0.0043	0.5196	0.9124	0.6621	0.519	0.4842	0.0096	0.0007	0.5219	0.001	0.0	0.5622	0.0011	0.0
5perc_50repeat	0.7	0.2715	0.6059	0.0635	0.0045	0.7394	0.2841	0.4105	0.607	0.5243	0.012	0.0008	0.6219	0.0012	0.0	0.568	0.0014	0.0
15perc_250repeat	0.45	0.3001	0.552	0.0554	0.0039	0.61	0.2174	0.3206	0.5388	0.5188	0.0178	0.0013	0.5807	0.0018	0.0	0.5337	0.0019	0.0
40perc_100repeat	0.6	0.2507	0.5367	0.0335	0.0024	0.546	0.1741	0.264	0.5361	0.5057	0.004	0.0003	0.5134	0.0004	0.0	0.4977	0.0004	0.0
60perc_100repeat	0.6	0.2534	0.5067	0.0344	0.0024	0.4915	0.8581	0.625	0.4992	0.495	0.0037	0.0003	0.4981	0.0004	0.0	0.5123	0.0004	0.0
30perc_100repeat	0.6	0.2568	0.554	0.0512	0.0036	0.5959	0.1388	0.2251	0.5418	0.5116	0.0068	0.0005	0.5349	0.0007	0.0	0.5042	0.0007	0.0
50perc_100repeat	0.6	0.2505	0.5085	0.0305	0.0022	0.4876	0.4715	0.4794	0.5133	0.5002	0.0028	0.0002	0.5012	0.0003	0.0	0.5006	0.0003	0.0
90perc_250repeat	0.45	0.3163	0.5377	0.0627	0.0044	0.5299	0.8566	0.6547	0.508	0.4791	0.02	0.0014	0.548	0.0021	0.0	0.5985	0.0021	0.0
90perc_75repeat	0.6	0.2795	0.5666	0.0637	0.0045	0.5343	0.8959	0.6694	0.5463	0.4787	0.0126	0.0009	0.5489	0.0013	0.0	0.5993	0.0014	0.0
50perc_25repeat	0.7	0.2471	0.5424	0.0454	0.0032	0.5455	0.4423	0.4885	0.5461	0.5012	0.0047	0.0003	0.5058	0.0004	0.0	0.5028	0.0004	0.0
90perc_25repeat	0.7	0.2542	0.5953	0.0542	0.0038	0.5504	0.878	0.6767	0.5889	0.4806	0.0098	0.0007	0.5527	0.0011	0.0	0.5981	0.0011	0.0
70perc_25repeat	0.7	0.2474	0.5554	0.0618	0.0044	0.5301	0.8797	0.6616	0.5346	0.4912	0.0065	0.0005	0.5106	0.0007	0.0	0.5338	0.0007	0.0
80perc_25repeat	0.7	0.2508	0.572	0.059	0.0042	0.5356	0.8967	0.6706	0.5635	0.4856	0.0078	0.0005	0.5266	0.0009	0.0	0.5624	0.0009	0.0
100perc_25repeat	0.7	0.2565	0.6189	0.0472	0.0033	0.5685	0.857	0.6836	0.6172	0.4751	0.0121	0.0009	0.5906	0.0014	0.0	0.6427	0.0013	0.0
40perc_25repeat	0.7	0.2489	0.5466	0.0493	0.0035	0.5906	0.1863	0.2832	0.5406	0.5066	0.0051	0.0004	0.5181	0.0006	0.0	0.4998	0.0005	0.0
30perc_25repeat	0.7	0.2511	0.5637	0.0611	0.0043	0.639	0.1805	0.2814	0.5484	0.5115	0.007	0.0005	0.5371	0.0007	0.0	0.5075	0.0007	0.0
5perc_25repeat	0.8	0.2572	0.6207	0.0603	0.0043	0.7616	0.3179	0.4485	0.6239	0.5252	0.009	0.0006	0.6235	0.0009	0.0	0.5682	0.001	0.0
60perc_25repeat	0.7	0.2478	0.5413	0.0538	0.0038	0.5259	0.7721	0.6256	0.5378	0.4962	0.0056	0.0004	0.5034	0.0005	0.0	0.5142	0.0005	0.0
30perc_50repeat	0.7	0.2505	0.5604	0.0575	0.0041	0.6279	0.164	0.26	0.551	0.511	0.0062	0.0004	0.5344	0.0006	0.0	0.5058	0.0007	0.0
50perc_50repeat	0.7	0.2489	0.5247	0.0375	0.0026	0.5078	0.4616	0.4836	0.5295	0.5006	0.003	0.0002	0.5026	0.0003	0.0	0.5013	0.0003	0.0
80perc_50repeat	0.7	0.2558	0.562	0.06	0.0042	0.5282	0.906	0.6673	0.5442	0.4846	0.008	0.0006	0.524	0.0009	0.0	0.5624	0.0008	0.0
90perc_50repeat	0.7	0.2588	0.5883	0.0555	0.0039	0.5448	0.8865	0.6749	0.5787	0.4795	0.0102	0.0007	0.5507	0.0012	0.0	0.5986	0.0011	0.0
15perc_50repeat	0.7	0.2623	0.5884	0.0656	0.0046	0.7235	0.2327	0.3521	0.5851	0.519	0.0097	0.0007	0.5807	0.001	0.0	0.5351	0.0011	0.0
70perc_50repeat	0.7	0.2523	0.5372	0.0582	0.0041	0.5127	0.9132	0.6567	0.5186	0.4901	0.0055	0.0004	0.5066	0.0006	0.0	0.5331	0.0006	0.0
40perc_50repeat	0.7	0.2496	0.5366	0.0414	0.0029	0.5629	0.1774	0.2698	0.5353	0.5059	0.0046	0.0003	0.5144	0.0005	0.0	0.4982	0.0005	0.0
100perc_50repeat	0.7	0.2602	0.6143	0.0491	0.0035	0.5648	0.8613	0.6822	0.6115	0.4741	0.0126	0.0009	0.5894	0.0015	0.0	0.6436	0.0013	0.0
60perc_50repeat	0.7	0.2497	0.5237	0.0439	0.0031	0.5052	0.8318	0.6286	0.5124	0.4954	0.0039	0.0003	0.5003	0.0004	0.0	0.5127	0.0004	0.0
5perc_50repeat	0.8	0.258	0.6197	0.0605	0.0043	0.7605	0.3144	0.4449	0.6255	0.5254	0.0091	0.0006	0.6234	0.0009	0.0	0.5676	0.001	0.0
15perc_25repeat	0.8	0.253	0.5981	0.0644	0.0046	0.7581	0.2446	0.3699	0.5984	0.5199	0.0076	0.0005	0.5829	0.0008	0.0	0.5356	0.0008	0.0
80perc_75repeat	0.7	0.2563	0.5598	0.0583	0.0041	0.5257	0.9096	0.6663	0.5423	0.4845	0.0079	0.0006	0.5232	0.0009	0.0	0.5621	0.0008	0.0
50perc_75repeat	0.7	0.2497	0.5154	0.0349	0.0025	0.4943	0.4645	0.4789	0.5174	0.5006	0.0027	0.0002	0.5017	0.0003	0.0	0.5006	0.0002	0.0
5perc_75repeat	0.7	0.2719	0.6055	0.0628	0.0044	0.7387	0.284	0.4102	0.6101	0.5244	0.0121	0.0009	0.6221	0.0012	0.0	0.568	0.0014	0.0
100perc_75repeat	0.7	0.2614	0.6129	0.0496	0.0035	0.5637	0.863	0.6819	0.6111	0.4738	0.0128	0.0009	0.5889	0.0015	0.0	0.6439	0.0013	0.0
90perc_75repeat	0.7	0.2601	0.5875	0.0553	0.0039	0.5443	0.8879	0.6749	0.5782	0.4791	0.0105	0.0007	0.5501	0.0012	0.0	0.5987	0.0011	0.0
30perc_75repeat	0.7	0.2512	0.5573	0.058	0.0041	0.6353	0.1533	0.247	0.5419	0.5111	0.0059	0.0004	0.5341	0.0006	0.0	0.5051	0.0007	0.0
30perc_25repeat	0.8	0.2459	0.5658	0.0655	0.0046	0.6616	0.1664	0.2659	0.5585	0.5114	0.0059	0.0004	0.5367	0.0006	0.0	0.5075	0.0006	0.0
90perc_100repeat	0.6	0.28	0.5655	0.0625	0.0044	0.5324	0.9002	0.6691	0.546	0.4786	0.0124	0.0009	0.5485	0.0013	0.0	0.5992	0.0014	0.0
70perc_100repeat	0.6	0.2592	0.5257	0.0557	0.0039	0.5072	0.9132	0.6522	0.5056	0.4894	0.0065	0.0005	0.5051	0.0007	0.0	0.5333	0.0007	0.0
40perc_75repeat	0.7	0.2489	0.541	0.0399	0.0028	0.5721	0.1693	0.2612	0.5423	0.5056	0.0038	0.0003	0.5134	0.0004	0.0	0.4981	0.0004	0.0
40perc_25repeat	0.8	0.246	0.5498	0.0511	0.0036	0.5987	0.1745	0.2702	0.5475	0.5067	0.0047	0.0003	0.5175	0.0004	0.0	0.5004	0.0004	0.0
15perc_50repeat	0.8	0.2531	0.5977	0.0656	0.0046	0.7647	0.241	0.3665	0.598	0.5198	0.0072	0.0005	0.5822	0.0008	0.0	0.5346	0.0008	0.0
80perc_100repeat	0.6	0.2701	0.5445	0.0608	0.0043	0.5178	0.917	0.6619	0.5178	0.4838	0.0096	0.0007	0.5213	0.001	0.0	0.5627	0.0011	0.0
80perc_100repeat	0.7	0.2573	0.5581	0.057	0.004	0.5241	0.9133	0.666	0.5418	0.4842	0.0078	0.0005	0.5224	0.0009	0.0	0.5618	0.0008	0.0
70perc_100repeat	0.7	0.2533	0.5299	0.0535	0.0038	0.5063	0.9238	0.6541	0.511	0.4897	0.0055	0.0004	0.5055	0.0006	0.0	0.5326	0.0006	0.0
100perc_75repeat	0.6	0.2864	0.589	0.0612	0.0043	0.5496	0.8781	0.6761	0.5759	0.4732	0.0155	0.0011	0.5881	0.0016	0.0	0.6449	0.0018	0.0
90perc_100repeat	0.7	0.2615	0.5851	0.0556	0.0039	0.5425	0.89	0.6741	0.5775	0.4789	0.0102	0.0007	0.5496	0.0012	0.0	0.5988	0.0011	0.0
40perc_100repeat	0.7	0.2492	0.5384	0.0356	0.0025	0.5617	0.1462	0.232	0.5381	0.5061	0.0037	0.0003	0.5133	0.0004	0.0	0.4973	0.0004	0.0
5perc_100repeat	0.7	0.272	0.605	0.0627	0.0044	0.7379	0.2832	0.4093	0.6074	0.5244	0.0119	0.0008	0.6219	0.0012	0.0	0.5679	0.0014	0.0
15perc_100repeat	0.7	0.2624	0.5879	0.0649	0.0046	0.7291	0.2264	0.3455	0.5817	0.519	0.0093	0.0007	0.5804	0.001	0.0	0.5344	0.0011	0.0
50perc_25repeat	0.8	0.2467	0.5482	0.0486	0.0034	0.5548	0.4279	0.4831	0.5502	0.5011	0.0044	0.0003	0.5063	0.0004	0.0	0.5028	0.0004	0.0
100perc_100repeat	0.7	0.262	0.6121	0.0502	0.0035	0.5631	0.8636	0.6817	0.6092	0.4736	0.0129	0.0009	0.5887	0.0015	0.0	0.6441	0.0013	0.0
50perc_100repeat	0.7	0.2503	0.509	0.0315	0.0022	0.4891	0.4859	0.4875	0.512	0.5002	0.0025	0.0002	0.501	0.0002	0.0	0.5004	0.0002	0.0
70perc_75repeat	0.7	0.2527	0.5327	0.0566	0.004	0.5094	0.9164	0.6548	0.5118	0.4899	0.0055	0.0004	0.506	0.0006	0.0	0.5325	0.0006	0.0
15perc_75repeat	0.7	0.2626	0.5877	0.0648	0.0046	0.7288	0.2266	0.3457	0.582	0.519	0.0093	0.0007	0.5807	0.001	0.0	0.5345	0.0011	0.0
60perc_75repeat	0.7	0.2505	0.5186	0.0443	0.0031	0.5013	0.8451	0.6293	0.5075	0.4951	0.0035	0.0002	0.4996	0.0004	0.0	0.5126	0.0004	0.0
30perc_50repeat	0.8	0.2471	0.5589	0.0619	0.0044	0.6541	0.137	0.2265	0.553	0.5114	0.005	0.0004	0.5352	0.0005	0.0	0.5054	0.0005	0.0
5perc_75repeat	0.8	0.2577	0.6206	0.061	0.0043	0.7616	0.3173	0.4479	0.6229	0.5252	0.0091	0.0006	0.623	0.0009	0.0	0.5677	0.001	0.0
60perc_25repeat	0.8	0.2447	0.5551	0.0602	0.0043	0.54	0.7934	0.6426	0.5584	0.4964	0.0047	0.0003	0.5039	0.0004	0.0	0.5142	0.0004	0.0
40perc_50repeat	0.8	0.2473	0.5432	0.0466	0.0033	0.587	0.1449	0.2325	0.5411	0.5061	0.0036	0.0003	0.515	0.0004	0.0	0.4984	0.0004	0.0
15perc_75repeat	0.8	0.2529	0.5967	0.0659	0.0047	0.7615	0.2412	0.3664	0.5993	0.5196	0.0073	0.0005	0.5814	0.0008	0.0	0.5344	0.0008	0.0
70perc_25repeat	0.8	0.2439	0.555	0.0619	0.0044	0.5227	0.9155	0.6654	0.5393	0.4899	0.0054	0.0004	0.509	0.0005	0.0	0.5345	0.0005	0.0
60perc_100repeat	0.7	0.252	0.5108	0.0391	0.0028	0.494	0.8721	0.6307	0.5016	0.4948	0.0035	0.0002	0.4984	0.0004	0.0	0.5125	0.0003	0.0
100perc_100repeat	0.6	0.2871	0.5882	0.0611	0.0043	0.5491	0.8784	0.6758	0.5748	0.4731	0.0156	0.0011	0.5879	0.0017	0.0	0.6451	0.0018	0.0
80perc_25repeat	0.8	0.2418	0.5807	0.0513	0.0036	0.5386	0.8967	0.673	0.5772	0.4849	0.0063	0.0004	0.5256	0.0007	0.0	0.5633	0.0007	0.0
50perc_50repeat	0.8	0.2483	0.5352	0.0401	0.0028	0.5236	0.4739	0.4975	0.5393	0.5004	0.0031	0.0002	0.503	0.0003	0.0	0.5017	0.0003	0.0
30perc_100repeat	0.7	0.2511	0.5575	0.057	0.004	0.6292	0.1517	0.2445	0.5445	0.5112	0.0058	0.0004	0.5342	0.0006	0.0	0.505	0.0007	0.0
30perc_75repeat	0.8	0.2465	0.5571	0.0614	0.0043	0.6737	0.1271	0.2138	0.5462	0.5111	0.0045	0.0003	0.5344	0.0005	0.0	0.505	0.0005	0.0
5perc_100repeat	0.8	0.2574	0.621	0.0608	0.0043	0.7629	0.317	0.4479	0.626	0.5252	0.009	0.0006	0.6229	0.0009	0.0	0.5676	0.001	0.0
90perc_25repeat	0.8	0.2377	0.6185	0.0408	0.0029	0.5651	0.8681	0.6846	0.6202	0.4798	0.0075	0.0005	0.5529	0.0008	0.0	0.5995	0.0008	0.0
60perc_50repeat	0.8	0.2481	0.5268	0.049	0.0035	0.5068	0.8748	0.6418	0.5197	0.4951	0.0035	0.0002	0.5002	0.0003	0.0	0.5135	0.0003	0.0
40perc_75repeat	0.8	0.247	0.5434	0.0482	0.0034	0.5861	0.1414	0.2279	0.5423	0.5057	0.0032	0.0002	0.5141	0.0003	0.0	0.4983	0.0003	0.0
100perc_25repeat	0.8	0.2362	0.6461	0.0385	0.0027	0.5901	0.8373	0.6923	0.6442	0.4742	0.0091	0.0006	0.5902	0.001	0.0	0.6438	0.001	0.0
15perc_100repeat	0.8	0.2528	0.5967	0.0654	0.0046	0.7618	0.2376	0.3622	0.5987	0.5197	0.0071	0.0005	0.5815	0.0007	0.0	0.5343	0.0008	0.0
5perc_25repeat	0.9	0.2429	0.6444	0.0727	0.0051	0.7656	0.374	0.5025	0.6548	0.5248	0.0068	0.0005	0.6243	0.0007	0.0	0.5686	0.0007	0.0
80perc_50repeat	0.8	0.2456	0.5719	0.049	0.0035	0.5307	0.912	0.6709	0.5659	0.4839	0.0062	0.0004	0.5229	0.0007	0.0	0.5629	0.0006	0.0
50perc_75repeat	0.8	0.2494	0.5195	0.0369	0.0026	0.5053	0.48	0.4923	0.5177	0.5003	0.0024	0.0002	0.5018	0.0002	0.0	0.5009	0.0002	0.0
70perc_50repeat	0.8	0.2463	0.5392	0.0523	0.0037	0.5109	0.9293	0.6594	0.5278	0.4898	0.0044	0.0003	0.5067	0.0005	0.0	0.5332	0.0005	0.0
30perc_100repeat	0.8	0.2468	0.5567	0.0616	0.0044	0.667	0.1283	0.2152	0.5433	0.5111	0.0045	0.0003	0.5339	0.0005	0.0	0.5048	0.0005	0.0
100perc_250repeat	0.45	0.3382	0.5459	0.0638	0.0045	0.5382	0.8502	0.6592	0.5175	0.4737	0.025	0.0018	0.5866	0.0027	0.0	0.6438	0.0026	0.0
90perc_50repeat	0.8	0.2418	0.6106	0.0427	0.003	0.559	0.8752	0.6823	0.6109	0.4788	0.0078	0.0005	0.5506	0.0009	0.0	0.5996	0.0008	0.0
30perc_25repeat	0.9	0.2417	0.5751	0.0838	0.0059	0.6891	0.1675	0.2696	0.5797	0.5114	0.0047	0.0003	0.5376	0.0005	0.0	0.5073	0.0005	0.0
15perc_25repeat	0.9	0.2414	0.6193	0.0783	0.0055	0.7705	0.2925	0.424	0.6295	0.5194	0.0059	0.0004	0.5835	0.0006	0.0	0.5364	0.0006	0.0
60perc_75repeat	0.8	0.2504	0.5134	0.0413	0.0029	0.495	0.8983	0.6382	0.5049	0.4945	0.0032	0.0002	0.4985	0.0003	0.0	0.5132	0.0003	0.0
40perc_100repeat	0.8	0.2478	0.5412	0.0453	0.0032	0.5819	0.1288	0.2109	0.5384	0.506	0.003	0.0002	0.5135	0.0003	0.0	0.4977	0.0003	0.0
30perc_250repeat	0.45	0.2672	0.5366	0.0472	0.0033	0.5199	0.2022	0.2912	0.5297	0.5106	0.0105	0.0007	0.5333	0.0011	0.0	0.5043	0.0011	0.0
60perc_250repeat	0.5	0.2552	0.5023	0.0312	0.0022	0.4895	0.8355	0.6173	0.491	0.4948	0.0041	0.0003	0.4979	0.0005	0.0	0.5114	0.0005	0.0
70perc_75repeat	0.8	0.2478	0.5321	0.0482	0.0034	0.5063	0.934	0.6567	0.5207	0.4895	0.0042	0.0003	0.5056	0.0005	0.0	0.5332	0.0005	0.0
5perc_50repeat	0.9	0.2423	0.6444	0.0716	0.0051	0.7651	0.3741	0.5025	0.6531	0.5244	0.0065	0.0005	0.6236	0.0006	0.0	0.5684	0.0007	0.0
40perc_25repeat	0.9	0.2427	0.5615	0.0707	0.005	0.6064	0.155	0.2468	0.56	0.5064	0.0036	0.0003	0.5181	0.0003	0.0	0.5004	0.0003	0.0
50perc_100repeat	0.8	0.2496	0.5168	0.0349	0.0025	0.4992	0.4964	0.4978	0.518	0.5002	0.0022	0.0002	0.5012	0.0002	0.0	0.5007	0.0002	0.0
100perc_50repeat	0.8	0.2392	0.6415	0.0388	0.0027	0.5858	0.8423	0.691	0.6395	0.4731	0.0094	0.0007	0.5889	0.0011	0.0	0.6447	0.001	0.0
15perc_50repeat	0.9	0.2415	0.6189	0.078	0.0055	0.773	0.2876	0.4192	0.6256	0.5192	0.0054	0.0004	0.5825	0.0005	0.0	0.5354	0.0006	0.0
30perc_250repeat	0.5	0.2601	0.5463	0.0465	0.0033	0.5572	0.1888	0.282	0.5359	0.5106	0.0079	0.0006	0.5319	0.0009	0.0	0.5046	0.0009	0.0
5perc_250repeat	0.5	0.3059	0.5743	0.0598	0.0042	0.7118	0.2375	0.3561	0.5635	0.524	0.0178	0.0013	0.6196	0.0021	0.0	0.5679	0.0021	0.0
40perc_250repeat	0.5	0.2516	0.5286	0.0304	0.0022	0.5395	0.1958	0.2873	0.5295	0.5053	0.0043	0.0003	0.5117	0.0005	0.0	0.4978	0.0005	0.0
50perc_25repeat	0.9	0.2457	0.5564	0.0591	0.0042	0.5592	0.4515	0.4996	0.5557	0.501	0.0041	0.0003	0.506	0.0003	0.0	0.5033	0.0004	0.0
80perc_250repeat	0.5	0.2824	0.5341	0.0629	0.0044	0.5215	0.8825	0.6556	0.5039	0.4841	0.0117	0.0008	0.522	0.0013	0.0	0.5606	0.0013	0.0
90perc_250repeat	0.5	0.3019	0.5487	0.0664	0.0047	0.533	0.8722	0.6617	0.5166	0.4789	0.0158	0.0011	0.5497	0.0018	0.0	0.5973	0.0018	0.0
70perc_250repeat	0.5	0.266	0.5206	0.0544	0.0038	0.5113	0.873	0.6449	0.4952	0.4894	0.0081	0.0006	0.505	0.0009	0.0	0.5319	0.0009	0.0
50perc_250repeat	0.5	0.2507	0.5022	0.0226	0.0016	0.4751	0.482	0.4786	0.5031	0.5002	0.0017	0.0001	0.5003	0.0002	0.0	0.4999	0.0002	0.0
30perc_50repeat	0.9	0.2428	0.5666	0.0802	0.0057	0.6704	0.1409	0.2328	0.5659	0.5113	0.0042	0.0003	0.5358	0.0004	0.0	0.5055	0.0004	0.0
90perc_75repeat	0.8	0.2432	0.608	0.044	0.0031	0.5571	0.8773	0.6814	0.6078	0.4784	0.0078	0.0006	0.5499	0.0009	0.0	0.5998	0.0008	0.0
60perc_25repeat	0.9	0.2446	0.5502	0.0712	0.005	0.5216	0.8425	0.6443	0.5452	0.4952	0.0042	0.0003	0.5025	0.0004	0.0	0.5151	0.0004	0.0
80perc_250repeat	0.6	0.2704	0.5424	0.0588	0.0042	0.5174	0.9153	0.6611	0.5157	0.4838	0.0095	0.0007	0.5207	0.001	0.0	0.5621	0.0011	0.0
70perc_250repeat	0.6	0.2606	0.519	0.0504	0.0036	0.5027	0.9205	0.6502	0.4995	0.4892	0.0063	0.0004	0.5039	0.0007	0.0	0.5327	0.0007	0.0
90perc_250repeat	0.6	0.2812	0.5639	0.0627	0.0044	0.5315	0.9005	0.6685	0.5441	0.4783	0.0126	0.0009	0.5479	0.0013	0.0	0.5992	0.0014	0.0
80perc_100repeat	0.8	0.2459	0.5675	0.0446	0.0032	0.5274	0.9144	0.6689	0.5628	0.4839	0.0057	0.0004	0.5223	0.0006	0.0	0.5622	0.0006	0.0
80perc_75repeat	0.8	0.2464	0.569	0.0493	0.0035	0.5295	0.912	0.67	0.5621	0.4838	0.0062	0.0004	0.5223	0.0007	0.0	0.5623	0.0007	0.0
70perc_100repeat	0.8	0.2483	0.5286	0.0477	0.0034	0.5041	0.9363	0.6554	0.5195	0.4893	0.0043	0.0003	0.5053	0.0005	0.0	0.533	0.0005	0.0
5perc_75repeat	0.9	0.2422	0.6445	0.0725	0.0051	0.7638	0.3766	0.5045	0.6541	0.5243	0.0066	0.0005	0.6233	0.0006	0.0	0.5684	0.0007	0.0
40perc_50repeat	0.9	0.2452	0.5478	0.0644	0.0046	0.5695	0.133	0.2156	0.5485	0.506	0.0031	0.0002	0.5152	0.0003	0.0	0.4984	0.0003	0.0
70perc_25repeat	0.9	0.2389	0.5689	0.0687	0.0049	0.5265	0.9058	0.666	0.5659	0.4907	0.0047	0.0003	0.51	0.0004	0.0	0.535	0.0005	0.0
30perc_250repeat	0.6	0.2566	0.5521	0.0497	0.0035	0.5902	0.1472	0.2356	0.5394	0.5111	0.0067	0.0005	0.5339	0.0008	0.0	0.5041	0.0007	0.0
100perc_100repeat	0.8	0.2407	0.6389	0.0393	0.0028	0.5835	0.8448	0.6902	0.6366	0.4726	0.0096	0.0007	0.5882	0.0011	0.0	0.6452	0.001	0.0
60perc_250repeat	0.6	0.2538	0.5035	0.0314	0.0022	0.4883	0.8733	0.6264	0.4949	0.4947	0.0035	0.0003	0.4974	0.0004	0.0	0.5122	0.0004	0.0
90perc_100repeat	0.8	0.2445	0.6061	0.0426	0.003	0.5551	0.8812	0.6811	0.6046	0.478	0.0077	0.0005	0.5491	0.0009	0.0	0.5997	0.0008	0.0
100perc_75repeat	0.8	0.2402	0.6395	0.0387	0.0027	0.584	0.8437	0.6902	0.6377	0.4728	0.0096	0.0007	0.5885	0.0011	0.0	0.645	0.001	0.0
5perc_250repeat	0.6	0.2884	0.5912	0.0627	0.0044	0.7403	0.2386	0.3608	0.5858	0.5248	0.0144	0.001	0.6227	0.0016	0.0	0.5668	0.0015	0.0
15perc_75repeat	0.9	0.2411	0.6186	0.0794	0.0056	0.7678	0.2908	0.4218	0.6341	0.5189	0.0055	0.0004	0.5817	0.0005	0.0	0.5352	0.0006	0.0
50perc_50repeat	0.9	0.2475	0.5405	0.0501	0.0035	0.526	0.4607	0.4912	0.5449	0.5007	0.0026	0.0002	0.503	0.0002	0.0	0.5014	0.0002	0.0
50perc_250repeat	0.6	0.2508	0.5004	0.0236	0.0017	0.4758	0.4995	0.4874	0.502	0.5	0.0017	0.0001	0.5001	0.0002	0.0	0.5002	0.0002	0.0
80perc_25repeat	0.9	0.2339	0.6057	0.0548	0.0039	0.5475	0.8976	0.6802	0.6062	0.485	0.0049	0.0003	0.5262	0.0005	0.0	0.5636	0.0005	0.0
90perc_25repeat	0.9	0.2271	0.6417	0.0495	0.0035	0.5767	0.8589	0.6901	0.6407	0.4806	0.0059	0.0004	0.5534	0.0006	0.0	0.5996	0.0006	0.0
70perc_250repeat	0.7	0.2546	0.5263	0.0524	0.0037	0.5039	0.9268	0.6528	0.5077	0.4895	0.0054	0.0004	0.5046	0.0006	0.0	0.5322	0.0006	0.0
60perc_100repeat	0.8	0.25	0.5128	0.0421	0.003	0.4947	0.8967	0.6376	0.5054	0.4948	0.0031	0.0002	0.4984	0.0003	0.0	0.5127	0.0003	0.0
50perc_250repeat	0.7	0.2507	0.5004	0.0229	0.0016	0.4741	0.5166	0.4944	0.5009	0.4999	0.0014	0.0001	0.4999	0.0001	0.0	0.5003	0.0001	0.0
60perc_50repeat	0.9	0.2476	0.5274	0.0657	0.0046	0.5001	0.8808	0.6379	0.5243	0.4953	0.0031	0.0002	0.4999	0.0003	0.0	0.5131	0.0003	0.0
5perc_100repeat	0.9	0.2425	0.6446	0.0717	0.0051	0.7662	0.3744	0.503	0.6548	0.5244	0.0065	0.0005	0.6234	0.0006	0.0	0.5681	0.0007	0.0
30perc_75repeat	0.9	0.2417	0.5677	0.0794	0.0056	0.6911	0.1375	0.2294	0.5738	0.5108	0.0035	0.0002	0.5348	0.0004	0.0	0.5056	0.0004	0.0
100perc_25repeat	0.9	0.2258	0.6624	0.0523	0.0037	0.5991	0.8265	0.6947	0.6603	0.4751	0.0066	0.0005	0.591	0.0007	0.0	0.6442	0.0007	0.0
40perc_75repeat	0.9	0.2462	0.5513	0.0685	0.0048	0.5694	0.1435	0.2292	0.5541	0.5055	0.003	0.0002	0.5138	0.0003	0.0	0.4983	0.0003	0.0
60perc_250repeat	0.7	0.2522	0.505	0.0314	0.0022	0.4879	0.8828	0.6285	0.4962	0.4949	0.003	0.0002	0.4978	0.0003	0.0	0.5117	0.0003	0.0
5perc_250repeat	0.7	0.2715	0.6059	0.0629	0.0045	0.7387	0.2846	0.4109	0.6083	0.5243	0.0119	0.0008	0.6217	0.0012	0.0	0.5679	0.0014	0.0
70perc_50repeat	0.9	0.2419	0.5499	0.0576	0.0041	0.5115	0.927	0.6593	0.5436	0.4903	0.0041	0.0003	0.5072	0.0004	0.0	0.5333	0.0004	0.0
40perc_250repeat	0.7	0.2488	0.5388	0.0373	0.0026	0.5644	0.1503	0.2374	0.5369	0.5055	0.0031	0.0002	0.5125	0.0003	0.0	0.4975	0.0003	0.0
100perc_50repeat	0.9	0.2279	0.6592	0.0519	0.0037	0.5955	0.8314	0.694	0.6564	0.4741	0.0069	0.0005	0.5897	0.0007	0.0	0.6451	0.0007	0.0
90perc_75repeat	0.9	0.2317	0.6337	0.0493	0.0035	0.5691	0.8702	0.6881	0.6315	0.4792	0.0059	0.0004	0.5506	0.0006	0.0	0.6002	0.0006	0.0
80perc_50repeat	0.9	0.236	0.5982	0.0508	0.0036	0.5409	0.9051	0.6771	0.5987	0.485	0.0046	0.0003	0.5243	0.0005	0.0	0.5628	0.0005	0.0
90perc_50repeat	0.9	0.2308	0.6352	0.0483	0.0034	0.5705	0.8668	0.6881	0.6318	0.4794	0.0058	0.0004	0.5513	0.0006	0.0	0.6002	0.0006	0.0
100perc_75repeat	0.9	0.2286	0.6574	0.052	0.0037	0.5937	0.8322	0.693	0.6548	0.4737	0.007	0.0005	0.5893	0.0007	0.0	0.6454	0.0007	0.0
50perc_75repeat	0.9	0.2491	0.52	0.0477	0.0034	0.499	0.4759	0.4872	0.5184	0.5003	0.0025	0.0002	0.5017	0.0002	0.0	0.5008	0.0002	0.0
60perc_75repeat	0.9	0.2482	0.5166	0.0544	0.0038	0.4909	0.8982	0.6348	0.5164	0.4951	0.0027	0.0002	0.4991	0.0002	0.0	0.5127	0.0003	0.0
15perc_100repeat	0.9	0.2413	0.618	0.0783	0.0055	0.7716	0.2869	0.4183	0.6246	0.519	0.0053	0.0004	0.5817	0.0005	0.0	0.535	0.0006	0.0
30perc_100repeat	0.9	0.2423	0.564	0.0791	0.0056	0.6732	0.127	0.2137	0.5633	0.5111	0.0034	0.0002	0.5346	0.0003	0.0	0.5049	0.0004	0.0
100perc_100repeat	0.9	0.229	0.6572	0.0518	0.0037	0.5933	0.8336	0.6932	0.6538	0.4736	0.007	0.0005	0.5891	0.0007	0.0	0.6456	0.0007	0.0
80perc_75repeat	0.9	0.2378	0.5915	0.0478	0.0034	0.5357	0.9108	0.6746	0.5948	0.4846	0.0044	0.0003	0.523	0.0005	0.0	0.5627	0.0004	0.0
50perc_100repeat	0.9	0.2494	0.5193	0.0453	0.0032	0.4934	0.4805	0.4869	0.5167	0.5002	0.0022	0.0002	0.5013	0.0002	0.0	0.5005	0.0002	0.0
70perc_75repeat	0.9	0.2438	0.537	0.05	0.0035	0.5016	0.9407	0.6544	0.5351	0.4899	0.0034	0.0002	0.506	0.0003	0.0	0.5334	0.0003	0.0
70perc_100repeat	0.9	0.2445	0.533	0.0484	0.0034	0.4993	0.9424	0.6527	0.5298	0.4897	0.0034	0.0002	0.5056	0.0003	0.0	0.5333	0.0003	0.0
40perc_100repeat	0.9	0.2461	0.5479	0.065	0.0046	0.5725	0.1271	0.2081	0.5502	0.5055	0.0025	0.0002	0.5132	0.0002	0.0	0.4979	0.0002	0.0
80perc_100repeat	0.9	0.2388	0.5885	0.0473	0.0033	0.5336	0.9135	0.6737	0.5895	0.4842	0.0045	0.0003	0.5224	0.0005	0.0	0.5627	0.0004	0.0
60perc_100repeat	0.9	0.2487	0.5118	0.0549	0.0039	0.488	0.907	0.6346	0.5095	0.495	0.0026	0.0002	0.4987	0.0002	0.0	0.5126	0.0002	0.0
100perc_250repeat	0.5	0.3188	0.5613	0.0675	0.0048	0.5422	0.8632	0.6661	0.5325	0.4736	0.0196	0.0014	0.5881	0.0023	0.0	0.642	0.0023	0.0
15perc_250repeat	0.5	0.2869	0.5646	0.058	0.0041	0.6547	0.2149	0.3236	0.5524	0.5188	0.0139	0.001	0.5788	0.0016	0.0	0.5346	0.0016	0.0
15perc_250repeat	0.6	0.2754	0.5762	0.0614	0.0043	0.7005	0.1947	0.3047	0.5659	0.5195	0.0112	0.0008	0.5816	0.0013	0.0	0.5334	0.0012	0.0
100perc_250repeat	0.6	0.2884	0.5871	0.0616	0.0044	0.5484	0.8795	0.6755	0.5734	0.4727	0.0158	0.0011	0.5875	0.0017	0.0	0.6454	0.0018	0.0
80perc_250repeat	0.7	0.2582	0.5575	0.0575	0.0041	0.523	0.9162	0.6659	0.5413	0.4841	0.008	0.0006	0.5217	0.0009	0.0	0.5616	0.0008	0.0
15perc_250repeat	0.7	0.2621	0.5873	0.0649	0.0046	0.7299	0.2265	0.3457	0.5825	0.5189	0.0093	0.0007	0.5798	0.001	0.0	0.5342	0.0011	0.0
30perc_250repeat	0.7	0.2507	0.5563	0.0559	0.004	0.6311	0.1423	0.2323	0.5419	0.5109	0.0054	0.0004	0.533	0.0006	0.0	0.5043	0.0006	0.0
100perc_250repeat	0.7	0.2632	0.6108	0.0504	0.0036	0.562	0.8645	0.6811	0.6082	0.4733	0.013	0.0009	0.5883	0.0015	0.0	0.6444	0.0013	0.0
90perc_250repeat	0.7	0.262	0.5841	0.0557	0.0039	0.5418	0.8907	0.6737	0.5733	0.4788	0.0104	0.0007	0.549	0.0012	0.0	0.5986	0.0011	0.0
90perc_250repeat	0.8	0.245	0.6049	0.0433	0.0031	0.5543	0.8818	0.6807	0.6063	0.4779	0.0078	0.0006	0.5489	0.0009	0.0	0.5998	0.0008	0.0
100perc_250repeat	0.8	0.2417	0.6378	0.0392	0.0028	0.5824	0.8464	0.69	0.6361	0.4722	0.0098	0.0007	0.5878	0.0011	0.0	0.6455	0.001	0.0
5perc_250repeat	0.8	0.2577	0.6205	0.0606	0.0043	0.7624	0.3159	0.4467	0.6242	0.5253	0.0089	0.0006	0.6228	0.0009	0.0	0.5674	0.001	0.0
30perc_250repeat	0.8	0.247	0.555	0.0607	0.0043	0.6622	0.1189	0.2016	0.5489	0.5113	0.0042	0.0003	0.5334	0.0004	0.0	0.5042	0.0004	0.0
70perc_250repeat	0.8	0.2503	0.5206	0.0432	0.0031	0.4985	0.9465	0.653	0.5117	0.4889	0.004	0.0003	0.504	0.0004	0.0	0.5328	0.0004	0.0
80perc_250repeat	0.8	0.2482	0.5627	0.0449	0.0032	0.5241	0.9188	0.6675	0.5567	0.4834	0.006	0.0004	0.521	0.0007	0.0	0.5621	0.0006	0.0
50perc_250repeat	0.8	0.2508	0.4996	0.0257	0.0018	0.4783	0.4948	0.4864	0.4997	0.5001	0.0014	0.0001	0.5001	0.0001	0.0	0.5	0.0001	0.0
15perc_250repeat	0.9	0.2415	0.6167	0.078	0.0055	0.7719	0.2818	0.4129	0.6275	0.519	0.0052	0.0004	0.5814	0.0005	0.0	0.5344	0.0005	0.0
70perc_250repeat	0.9	0.246	0.523	0.0405	0.0029	0.4929	0.9505	0.6492	0.5216	0.4894	0.003	0.0002	0.5045	0.0003	0.0	0.5329	0.0003	0.0
40perc_250repeat	0.6	0.2508	0.536	0.0304	0.0022	0.5469	0.1507	0.2363	0.5354	0.5058	0.0038	0.0003	0.513	0.0004	0.0	0.4971	0.0004	0.0
5perc_250repeat	0.9	0.2423	0.6444	0.0722	0.0051	0.7655	0.3743	0.5028	0.6584	0.5243	0.0065	0.0005	0.6231	0.0006	0.0	0.5681	0.0007	0.0
90perc_250repeat	0.9	0.2336	0.63	0.0501	0.0035	0.5657	0.8748	0.6871	0.6282	0.4786	0.0057	0.0004	0.5494	0.0006	0.0	0.6003	0.0006	0.0
60perc_250repeat	0.9	0.2497	0.5017	0.0476	0.0034	0.4807	0.9174	0.6308	0.5016	0.4949	0.002	0.0001	0.4978	0.0002	0.0	0.512	0.0002	0.0
80perc_250repeat	0.9	0.2401	0.5839	0.0465	0.0033	0.5302	0.917	0.6719	0.5852	0.484	0.0043	0.0003	0.5216	0.0005	0.0	0.5625	0.0004	0.0
100perc_250repeat	0.9	0.2297	0.6557	0.0517	0.0037	0.5919	0.8346	0.6926	0.6538	0.4732	0.0071	0.0005	0.5887	0.0007	0.0	0.6459	0.0007	0.0
50perc_250repeat	0.9	0.2507	0.5011	0.0373	0.0026	0.4706	0.4945	0.4822	0.5003	0.5	0.0014	0.0001	0.5002	0.0001	0.0	0.5001	0.0001	0.0
15perc_250repeat	0.8	0.2528	0.5962	0.0651	0.0046	0.7636	0.2373	0.362	0.5992	0.5196	0.007	0.0005	0.581	0.0007	0.0	0.5339	0.0008	0.0
40perc_250repeat	0.8	0.2478	0.5386	0.0446	0.0032	0.5781	0.1126	0.1885	0.5369	0.5058	0.0024	0.0002	0.5127	0.0003	0.0	0.4971	0.0003	0.0
60perc_250repeat	0.8	0.2512	0.5043	0.034	0.0024	0.4877	0.9091	0.6348	0.4992	0.4945	0.0023	0.0002	0.4974	0.0003	0.0	0.5119	0.0003	0.0
40perc_250repeat	0.9	0.2464	0.5448	0.0646	0.0046	0.5702	0.113	0.1886	0.5456	0.5055	0.0019	0.0001	0.5126	0.0002	0.0	0.4975	0.0002	0.0
30perc_250repeat	0.9	0.2426	0.5635	0.0798	0.0056	0.6722	0.1273	0.214	0.5666	0.5109	0.0032	0.0002	0.5338	0.0003	0.0	0.5045	0.0003	0.0
0perc_0repeat	0.9	0.2019	0.6843	0.0512	0.0036	0.6485	0.7171	0.6811	0.6846	0.4944	0.0	0.0	0.5843	0.0	0.0	0.5964	0.0	0.0
0perc_0repeat	0.8	0.2025	0.6869	0.0364	0.0026	0.6565	0.7183	0.686	0.6898	0.4944	0.0	0.0	0.5843	0.0	0.0	0.5964	0.0	0.0
0perc_0repeat	0.7	0.2058	0.6816	0.028	0.002	0.6449	0.7312	0.6853	0.6806	0.4944	0.0	0.0	0.5843	0.0	0.0	0.5964	0.0	0.0
0perc_0repeat	0.6	0.2099	0.675	0.0235	0.0017	0.6371	0.7348	0.6825	0.6761	0.4944	0.0	0.0	0.5843	0.0	0.0	0.5964	0.0	0.0
0perc_0repeat	0.5	0.2166	0.6638	0.0248	0.0018	0.6201	0.758	0.6821	0.6656	0.4944	0.0	0.0	0.5843	0.0	0.0	0.5964	0.0	0.0
0perc_0repeat	0.45	0.2239	0.6478	0.0312	0.0022	0.6029	0.7754	0.6783	0.6501	0.4944	0.0	0.0	0.5843	0.0	0.0	0.5964	0.0	0.0
0perc_0repeat	0.4	0.2318	0.6358	0.0321	0.0023	0.5892	0.7973	0.6776	0.6418	0.4944	0.0	0.0	0.5843	0.0	0.0	0.5964	0.0	0.0
0perc_0repeat	0.35	0.2423	0.6141	0.039	0.0028	0.5696	0.8165	0.671	0.6152	0.4944	0.0	0.0	0.5843	0.0	0.0	0.5964	0.0	0.0
0perc_0repeat	0.3	0.2657	0.5753	0.044	0.0031	0.5385	0.8596	0.6621	0.5717	0.4944	0.0	0.0	0.5843	0.0	0.0	0.5964	0.0	0.0
0perc_0repeat	0.25	0.2919	0.538	0.0381	0.0027	0.5087	0.9136	0.6535	0.534	0.4944	0.0	0.0	0.5843	0.0	0.0	0.5964	0.0	0.0
0perc_0repeat	0.2	0.3248	0.5034	0.0227	0.0016	0.4873	0.9521	0.6446	0.4994	0.4944	0.0	0.0	0.5843	0.0	0.0	0.5964	0.0	0.0
0perc_0repeat	0.1	0.375	0.4794	0.0114	0.0008	0.4756	0.9852	0.6415	0.479	0.4944	0.0	0.0	0.5843	0.0	0.0	0.5964	0.0	0.0
0perc_0repeat	0.05	0.394	0.475	0.0055	0.0004	0.4737	0.994	0.6416	0.4749	0.4944	0.0	0.0	0.5843	0.0	0.0	0.5964	0.0	0.0
0perc_0repeat	0.9	0.2272	0.6408	0.0588	0.0042	0.5775	0.8722	0.6949	0.6397	0.4944	0.0	0.0	0.5843	0.0	0.0	0.5964	0.0	0.0
0perc_0repeat	0.8	0.2388	0.6198	0.0406	0.0029	0.5634	0.8941	0.6912	0.6215	0.4944	0.0	0.0	0.5843	0.0	0.0	0.5964	0.0	0.0
0perc_0repeat	0.7	0.2618	0.5848	0.034	0.0024	0.5351	0.9227	0.6774	0.5858	0.4944	0.0	0.0	0.5843	0.0	0.0	0.5964	0.0	0.0
0perc_0repeat	0.6	0.2839	0.5523	0.0317	0.0022	0.5149	0.9396	0.6652	0.551	0.4944	0.0	0.0	0.5843	0.0	0.0	0.5964	0.0	0.0
0perc_0repeat	0.5	0.3132	0.5208	0.0264	0.0019	0.4961	0.9554	0.6531	0.5215	0.4944	0.0	0.0	0.5843	0.0	0.0	0.5964	0.0	0.0
0perc_0repeat	0.45	0.3271	0.5075	0.0257	0.0018	0.4891	0.9621	0.6485	0.5073	0.4944	0.0	0.0	0.5843	0.0	0.0	0.5964	0.0	0.0
0perc_0repeat	0.4	0.3406	0.4993	0.0199	0.0014	0.4855	0.9692	0.6469	0.4995	0.4944	0.0	0.0	0.5843	0.0	0.0	0.5964	0.0	0.0
0perc_0repeat	0.35	0.3543	0.4909	0.0177	0.0013	0.4816	0.9737	0.6445	0.4899	0.4944	0.0	0.0	0.5843	0.0	0.0	0.5964	0.0	0.0
0perc_0repeat	0.3	0.3683	0.4854	0.0163	0.0012	0.4789	0.9801	0.6434	0.4847	0.4944	0.0	0.0	0.5843	0.0	0.0	0.5964	0.0	0.0
0perc_0repeat	0.25	0.3819	0.4795	0.0139	0.001	0.4754	0.9854	0.6414	0.4791	0.4944	0.0	0.0	0.5843	0.0	0.0	0.5964	0.0	0.0
0perc_0repeat	0.2	0.3944	0.4759	0.0115	0.0008	0.4736	0.9881	0.6403	0.475	0.4944	0.0	0.0	0.5843	0.0	0.0	0.5964	0.0	0.0
0perc_0repeat	0.1	0.4162	0.4736	0.0083	0.0006	0.4729	0.995	0.6411	0.4735	0.4944	0.0	0.0	0.5843	0.0	0.0	0.5964	0.0	0.0
0perc_0repeat	0.05	0.426	0.4732	0.0047	0.0003	0.4729	0.998	0.6417	0.4733	0.4944	0.0	0.0	0.5843	0.0	0.0	0.5964	0.0	0.0
