Label	trainingSize	SquaredLoss_Mean	Accuracy_Mean	Accuracy_SD	Accuracy_SE	Precision_Mean	Recall_Mean	F1	Accuracy_Median	PriorClass0_Mean	PriorClass0_SD	PriorClass0_SE	ProbabilityEstimate_0given0_Mean 	ProbabilityEstimate_0given0_SD 	ProbabilityEstimate_0given0_SE 	ProbabilityEstimate_1given1_Mean	ProbabilityEstimate_1given1_SD	ProbabilityEstimate_1given1_SE

5perc_2repeat	0.2	0.352	0.5083	0.0407	0.0029	0.4991	0.791	0.612	0.5016	0.5217	0.0387	0.0027	0.619	0.0048	0.0	0.5708	0.0043	0.0
30perc_5repeat	0.2	0.3042	0.5032	0.036	0.0025	0.4919	0.7451	0.5926	0.5037	0.5116	0.0256	0.0018	0.5481	0.003	0.0	0.516	0.003	0.0
5perc_5repeat	0.2	0.3493	0.5069	0.0392	0.0028	0.4982	0.7936	0.6121	0.4997	0.5213	0.0381	0.0027	0.6159	0.0047	0.0	0.5677	0.0043	0.0
15perc_5repeat	0.2	0.3297	0.5071	0.0382	0.0027	0.4974	0.7518	0.5987	0.506	0.5185	0.0323	0.0023	0.5868	0.004	0.0	0.5412	0.0038	0.0
40perc_2repeat	0.2	0.3151	0.5038	0.0384	0.0027	0.4931	0.7815	0.6047	0.4957	0.5105	0.0283	0.002	0.5548	0.0038	0.0	0.529	0.0031	0.0
30perc_2repeat	0.2	0.3268	0.5013	0.0375	0.0027	0.4918	0.7517	0.5946	0.4879	0.5119	0.0311	0.0022	0.5613	0.0037	0.0	0.5293	0.0039	0.0
5perc_10repeat	0.2	0.3498	0.5065	0.0391	0.0028	0.4981	0.787	0.61	0.5002	0.5206	0.038	0.0027	0.6136	0.0046	0.0	0.5662	0.0043	0.0
50perc_2repeat	0.2	0.3109	0.503	0.0365	0.0026	0.492	0.7848	0.6048	0.4992	0.5091	0.027	0.0019	0.5481	0.0034	0.0	0.5247	0.0032	0.0
15perc_10repeat	0.2	0.3253	0.5055	0.039	0.0028	0.4964	0.7742	0.6049	0.4974	0.5178	0.0308	0.0022	0.5819	0.0037	0.0	0.5393	0.0035	0.0
100perc_5repeat	0.1	0.4171	0.4835	0.0192	0.0014	0.4769	0.8953	0.6223	0.4768	0.4834	0.0395	0.0028	0.5961	0.009	0.0	0.626	0.0088	0.0
40perc_5repeat	0.2	0.3013	0.4971	0.0333	0.0024	0.4861	0.7349	0.5851	0.4884	0.5096	0.0228	0.0016	0.5299	0.0027	0.0	0.5067	0.0028	0.0
100perc_2repeat	0.1	0.4119	0.4783	0.012	0.0009	0.4738	0.9449	0.6311	0.4765	0.4917	0.0198	0.0014	0.6096	0.0079	0.0	0.6235	0.008	0.0
70perc_2repeat	0.1	0.356	0.4868	0.0233	0.0017	0.4787	0.8559	0.614	0.4773	0.5033	0.0293	0.0021	0.5545	0.0055	0.0	0.5496	0.0053	0.0
60perc_2repeat	0.1	0.3479	0.4915	0.0252	0.0018	0.48	0.7491	0.5851	0.4812	0.5072	0.0322	0.0023	0.5427	0.0055	0.0	0.5258	0.0059	0.0
15perc_5repeat	0.1	0.3797	0.4943	0.0285	0.002	0.4835	0.6991	0.5717	0.4801	0.5193	0.0483	0.0034	0.5699	0.0079	0.0	0.5328	0.0085	0.0
60perc_5repeat	0.1	0.3218	0.4895	0.0222	0.0016	0.4777	0.7901	0.5954	0.4808	0.5016	0.0231	0.0016	0.5209	0.0041	0.0	0.5136	0.0043	0.0
80perc_2repeat	0.05	0.3972	0.4861	0.0193	0.0014	0.4753	0.7787	0.5903	0.4781	0.5051	0.0363	0.0026	0.5432	0.0107	0.0	0.5412	0.0114	0.0
40perc_10repeat	0.2	0.2884	0.4933	0.0322	0.0023	0.4836	0.8104	0.6057	0.4792	0.507	0.0173	0.0012	0.5238	0.0021	0.0	0.5075	0.0021	0.0
50perc_10repeat	0.1	0.3084	0.4868	0.0229	0.0016	0.4778	0.8133	0.602	0.4771	0.5018	0.0189	0.0013	0.509	0.0033	0.0	0.5087	0.003	0.0
70perc_2repeat	0.05	0.3866	0.4888	0.0209	0.0015	0.4783	0.7438	0.5822	0.4805	0.5047	0.0419	0.003	0.5448	0.0107	0.0	0.5196	0.0112	0.0
80perc_5repeat	0.05	0.3831	0.4875	0.0211	0.0015	0.4783	0.8025	0.5993	0.4771	0.491	0.0389	0.0028	0.5249	0.0088	0.0	0.5493	0.0099	0.0
60perc_2repeat	0.2	0.3132	0.496	0.0342	0.0024	0.4862	0.8488	0.6182	0.4821	0.5043	0.022	0.0016	0.545	0.0032	0.0	0.5311	0.0029	0.0
70perc_5repeat	0.05	0.374	0.4871	0.0205	0.0014	0.4777	0.7881	0.5949	0.4774	0.4967	0.0324	0.0023	0.5075	0.009	0.0	0.5295	0.0087	0.0
5perc_5repeat	0.05	0.4315	0.4948	0.0248	0.0018	0.4097	0.5952	0.4854	0.4827	0.5274	0.0833	0.0059	0.5783	0.0194	0.0	0.4779	0.0196	0.0
80perc_10repeat	0.05	0.3995	0.49	0.0234	0.0017	0.4798	0.7622	0.5889	0.4778	0.4893	0.0448	0.0032	0.5062	0.0097	0.0	0.5503	0.0102	0.0
90perc_2repeat	0.1	0.3852	0.4802	0.0155	0.0011	0.4747	0.9209	0.6264	0.4763	0.4978	0.0231	0.0016	0.5755	0.0063	0.0	0.5845	0.0065	0.0
15perc_2repeat	0.1	0.3866	0.4944	0.0281	0.002	0.4749	0.7102	0.5692	0.4845	0.5213	0.0531	0.0038	0.5914	0.0081	0.0	0.5472	0.0088	0.0
30perc_10repeat	0.05	0.3737	0.4976	0.026	0.0018	0.4775	0.569	0.5193	0.4924	0.5147	0.0479	0.0034	0.5322	0.0092	0.0	0.4719	0.0099	0.0
50perc_2repeat	0.1	0.3514	0.4911	0.0258	0.0018	0.4805	0.7534	0.5868	0.4788	0.5051	0.0345	0.0024	0.5397	0.0061	0.0	0.5273	0.006	0.0
5perc_5repeat	0.1	0.3974	0.4943	0.0285	0.002	0.4789	0.6978	0.568	0.4818	0.5226	0.0572	0.004	0.6017	0.009	0.0	0.5529	0.0102	0.0
90perc_5repeat	0.1	0.3917	0.4847	0.0202	0.0014	0.4772	0.8915	0.6216	0.4769	0.4883	0.0321	0.0023	0.5628	0.0069	0.0	0.5867	0.0069	0.0
40perc_2repeat	0.1	0.3596	0.4924	0.0265	0.0019	0.4835	0.716	0.5772	0.4783	0.5113	0.0428	0.003	0.543	0.0064	0.0	0.5175	0.0068	0.0
50perc_5repeat	0.2	0.2988	0.4901	0.029	0.002	0.4807	0.8275	0.6082	0.4819	0.5018	0.0184	0.0013	0.5226	0.0021	0.0	0.5121	0.0026	0.0
50perc_5repeat	0.1	0.3217	0.4914	0.0243	0.0017	0.4789	0.7593	0.5874	0.4815	0.5049	0.0261	0.0018	0.5217	0.0044	0.0	0.5085	0.0044	0.0
40perc_5repeat	0.1	0.3327	0.4921	0.0258	0.0018	0.4818	0.7041	0.5721	0.4771	0.5089	0.03	0.0021	0.523	0.0048	0.0	0.5019	0.005	0.0
100perc_10repeat	0.1	0.4194	0.4856	0.0213	0.0015	0.4763	0.8751	0.6169	0.4777	0.4796	0.0485	0.0034	0.5869	0.0099	0.0	0.6257	0.0094	0.0
70perc_10repeat	0.1	0.3373	0.487	0.0218	0.0015	0.4779	0.8567	0.6135	0.4782	0.4914	0.0233	0.0017	0.5146	0.004	0.0	0.5323	0.0041	0.0
60perc_10repeat	0.1	0.3098	0.4856	0.0215	0.0015	0.4769	0.8451	0.6097	0.4775	0.4982	0.0189	0.0013	0.507	0.0033	0.0	0.5116	0.0032	0.0
80perc_10repeat	0.1	0.3678	0.4882	0.0236	0.0017	0.4795	0.8495	0.613	0.4778	0.4892	0.0305	0.0022	0.5273	0.0052	0.0	0.5539	0.0053	0.0
50perc_2repeat	0.05	0.3867	0.4923	0.0237	0.0017	0.4828	0.6941	0.5695	0.4817	0.505	0.0513	0.0036	0.5237	0.0113	0.0	0.5032	0.0114	0.0
40perc_2repeat	0.05	0.3884	0.4959	0.0252	0.0018	0.4789	0.6115	0.5372	0.4892	0.5132	0.0589	0.0042	0.5429	0.0121	0.0	0.4827	0.0115	0.0
15perc_10repeat	0.1	0.3727	0.4963	0.0291	0.0021	0.4829	0.67	0.5613	0.4836	0.5195	0.044	0.0031	0.571	0.0072	0.0	0.5254	0.0077	0.0
5perc_2repeat	0.05	0.4256	0.4948	0.0244	0.0017	0.4182	0.6008	0.4932	0.4875	0.5293	0.0844	0.006	0.5878	0.0178	0.0	0.4884	0.0178	0.0
30perc_10repeat	0.1	0.3352	0.4948	0.0269	0.0019	0.486	0.7002	0.5737	0.4851	0.5098	0.0323	0.0023	0.534	0.005	0.0	0.5088	0.0049	0.0
100perc_2repeat	0.05	0.4296	0.481	0.0138	0.001	0.4725	0.8561	0.6089	0.4756	0.4902	0.029	0.0021	0.5898	0.0144	0.0	0.6106	0.015	0.0
100perc_5repeat	0.05	0.4439	0.4846	0.0193	0.0014	0.4753	0.8122	0.5997	0.4771	0.4803	0.058	0.0041	0.5633	0.0169	0.0	0.6122	0.0177	0.0
30perc_2repeat	0.05	0.4007	0.4975	0.0256	0.0018	0.461	0.5805	0.5139	0.4934	0.5174	0.0665	0.0047	0.5452	0.013	0.0	0.4681	0.0138	0.0
15perc_5repeat	0.05	0.4135	0.4974	0.026	0.0018	0.4417	0.5757	0.4999	0.4963	0.5224	0.0761	0.0054	0.562	0.0157	0.0	0.4761	0.0157	0.0
40perc_5repeat	0.05	0.3727	0.4955	0.0247	0.0017	0.4821	0.6157	0.5408	0.4872	0.5121	0.0466	0.0033	0.5271	0.0088	0.0	0.4735	0.0103	0.0
30perc_5repeat	0.05	0.3851	0.4969	0.0257	0.0018	0.4671	0.5956	0.5236	0.4917	0.5185	0.0575	0.0041	0.5462	0.011	0.0	0.4754	0.0105	0.0
60perc_5repeat	0.05	0.3659	0.4884	0.0215	0.0015	0.4777	0.758	0.5861	0.4772	0.5009	0.0329	0.0023	0.5121	0.0079	0.0	0.521	0.0083	0.0
5perc_10repeat	0.05	0.4361	0.4946	0.0251	0.0018	0.4034	0.5848	0.4774	0.4822	0.528	0.0839	0.0059	0.5792	0.0199	0.0	0.4605	0.0207	0.0
70perc_10repeat	0.05	0.3562	0.4908	0.0227	0.0016	0.4792	0.7566	0.5868	0.4788	0.4946	0.0323	0.0023	0.4989	0.0081	0.0	0.5147	0.0076	0.0
100perc_10repeat	0.05	0.4513	0.4853	0.0199	0.0014	0.4696	0.7966	0.5909	0.4771	0.4759	0.0712	0.005	0.5377	0.019	0.0	0.6069	0.0196	0.0
15perc_10repeat	0.05	0.4154	0.4966	0.0256	0.0018	0.4248	0.5639	0.4845	0.4887	0.5244	0.0704	0.005	0.5624	0.0147	0.0	0.4567	0.0165	0.0
50perc_10repeat	0.2	0.2877	0.4846	0.0247	0.0017	0.4767	0.8754	0.6173	0.4759	0.5	0.0133	0.0009	0.5097	0.0019	0.0	0.5066	0.0018	0.0
50perc_10repeat	0.05	0.3452	0.4922	0.0227	0.0016	0.4799	0.6937	0.5673	0.4849	0.5028	0.0277	0.002	0.5071	0.0065	0.0	0.4933	0.0067	0.0
60perc_10repeat	0.05	0.3377	0.488	0.0201	0.0014	0.4767	0.7787	0.5914	0.4789	0.4989	0.0234	0.0017	0.4927	0.0057	0.0	0.4999	0.0064	0.0
40perc_10repeat	0.1	0.315	0.4918	0.025	0.0018	0.4805	0.7271	0.5786	0.4802	0.5084	0.0233	0.0016	0.5181	0.0039	0.0	0.5013	0.0039	0.0
80perc_5repeat	0.1	0.3638	0.4848	0.0204	0.0014	0.4771	0.8875	0.6206	0.4771	0.4909	0.0264	0.0019	0.5411	0.0054	0.0	0.5587	0.0051	0.0
15perc_2repeat	0.2	0.335	0.5075	0.0395	0.0028	0.4969	0.7731	0.605	0.5118	0.5178	0.0358	0.0025	0.5933	0.0044	0.0	0.5493	0.004	0.0
30perc_10repeat	0.2	0.2942	0.5012	0.0354	0.0025	0.4905	0.7398	0.5899	0.4986	0.5112	0.0227	0.0016	0.539	0.0027	0.0	0.5072	0.0025	0.0
30perc_2repeat	0.1	0.367	0.4948	0.0272	0.0019	0.4869	0.6772	0.5665	0.4838	0.5128	0.0467	0.0033	0.5531	0.0074	0.0	0.5221	0.0075	0.0
30perc_5repeat	0.1	0.3506	0.4953	0.0286	0.002	0.4866	0.6801	0.5673	0.4811	0.5123	0.0367	0.0026	0.5385	0.0056	0.0	0.5117	0.0063	0.0
5perc_2repeat	0.1	0.4016	0.4942	0.0282	0.002	0.4704	0.7081	0.5653	0.481	0.5235	0.0561	0.004	0.6093	0.0091	0.0	0.56	0.0105	0.0
5perc_10repeat	0.1	0.3966	0.4952	0.0292	0.0021	0.4718	0.6958	0.5623	0.4806	0.5224	0.0565	0.004	0.6034	0.0088	0.0	0.5533	0.01	0.0
80perc_2repeat	0.1	0.3696	0.4825	0.0178	0.0013	0.4754	0.8858	0.6187	0.4767	0.4968	0.0253	0.0018	0.5608	0.0061	0.0	0.5623	0.0062	0.0
70perc_5repeat	0.1	0.3439	0.4853	0.021	0.0015	0.4767	0.8607	0.6136	0.4771	0.4956	0.0238	0.0017	0.5272	0.0045	0.0	0.5368	0.0047	0.0
90perc_10repeat	0.1	0.3894	0.4875	0.0232	0.0016	0.4795	0.8711	0.6185	0.4781	0.4841	0.0374	0.0026	0.5466	0.0068	0.0	0.5835	0.0067	0.0
90perc_5repeat	0.05	0.4175	0.4864	0.0207	0.0015	0.4779	0.8004	0.5984	0.4771	0.4873	0.0426	0.003	0.5414	0.012	0.0	0.5803	0.0128	0.0
90perc_10repeat	0.05	0.4221	0.4873	0.021	0.0015	0.4756	0.7853	0.5924	0.4771	0.4804	0.0548	0.0039	0.5036	0.0127	0.0	0.5667	0.0134	0.0
90perc_2repeat	0.05	0.4089	0.4834	0.0168	0.0012	0.474	0.8253	0.6022	0.4771	0.4941	0.0318	0.0023	0.5553	0.0124	0.0	0.5705	0.0124	0.0
50perc_5repeat	0.05	0.361	0.4946	0.0239	0.0017	0.4814	0.6302	0.5459	0.4907	0.5056	0.0395	0.0028	0.5092	0.0081	0.0	0.4818	0.0091	0.0
60perc_2repeat	0.05	0.387	0.4918	0.0237	0.0017	0.4822	0.7091	0.574	0.48	0.5031	0.0461	0.0033	0.537	0.0105	0.0	0.5126	0.0111	0.0
40perc_10repeat	0.05	0.3464	0.494	0.0239	0.0017	0.4822	0.652	0.5544	0.485	0.5065	0.033	0.0023	0.5063	0.0073	0.0	0.4744	0.0076	0.0
15perc_2repeat	0.05	0.4162	0.4952	0.0252	0.0018	0.4384	0.6102	0.5102	0.4864	0.5245	0.0763	0.0054	0.5744	0.0155	0.0	0.4944	0.0159	0.0
60perc_5repeat	0.2	0.3049	0.4862	0.0255	0.0018	0.4784	0.9049	0.6259	0.4783	0.5	0.0156	0.0011	0.5238	0.0021	0.0	0.5235	0.0023	0.0
70perc_2repeat	0.2	0.3286	0.4904	0.0291	0.0021	0.4821	0.9175	0.6321	0.4807	0.502	0.0185	0.0013	0.5529	0.0026	0.0	0.5482	0.0028	0.0
80perc_2repeat	0.2	0.3478	0.4855	0.0239	0.0017	0.4788	0.9474	0.6361	0.4801	0.4994	0.0187	0.0013	0.5627	0.003	0.0	0.5647	0.0032	0.0
5perc_2repeat	0.25	0.3408	0.5175	0.0453	0.0032	0.5046	0.7903	0.6159	0.5157	0.5232	0.0327	0.0023	0.6268	0.0039	0.0	0.5739	0.0044	0.0
70perc_5repeat	0.2	0.3218	0.4855	0.0252	0.0018	0.4781	0.9403	0.6339	0.4775	0.4958	0.0162	0.0011	0.5246	0.0023	0.0	0.5363	0.0022	0.0
90perc_2repeat	0.2	0.3784	0.4811	0.0159	0.0011	0.4758	0.9758	0.6397	0.4794	0.495	0.0154	0.0011	0.5824	0.0029	0.0	0.5918	0.0034	0.0
90perc_5repeat	0.2	0.3865	0.4824	0.0196	0.0014	0.4768	0.9639	0.638	0.4783	0.4883	0.0222	0.0016	0.5662	0.0031	0.0	0.593	0.0035	0.0
30perc_2repeat	0.25	0.3128	0.5084	0.0403	0.0029	0.4976	0.7801	0.6077	0.5028	0.5144	0.0274	0.0019	0.5687	0.003	0.0	0.5333	0.0033	0.0
100perc_2repeat	0.2	0.4099	0.4786	0.0115	0.0008	0.4744	0.9829	0.64	0.4775	0.4923	0.0136	0.001	0.6083	0.0034	0.0	0.6242	0.0038	0.0
60perc_10repeat	0.2	0.2937	0.4802	0.02	0.0014	0.4753	0.9485	0.6332	0.4758	0.498	0.0133	0.0009	0.5083	0.0016	0.0	0.5143	0.0016	0.0
5perc_5repeat	0.25	0.3366	0.5167	0.0451	0.0032	0.5038	0.7875	0.6145	0.5134	0.5236	0.0308	0.0022	0.6237	0.0039	0.0	0.5697	0.0042	0.0
40perc_2repeat	0.25	0.303	0.5038	0.0371	0.0026	0.4927	0.7793	0.6037	0.4978	0.5115	0.0233	0.0016	0.5556	0.0029	0.0	0.5241	0.003	0.0
100perc_5repeat	0.2	0.4161	0.4824	0.0201	0.0014	0.4766	0.9646	0.638	0.4783	0.4846	0.0273	0.0019	0.598	0.0038	0.0	0.6305	0.0044	0.0
15perc_5repeat	0.25	0.3182	0.5131	0.0423	0.003	0.5032	0.7636	0.6066	0.5129	0.519	0.0272	0.0019	0.5876	0.0033	0.0	0.5423	0.0035	0.0
15perc_2repeat	0.25	0.3275	0.5145	0.044	0.0031	0.5045	0.7556	0.6051	0.5122	0.5185	0.0292	0.0021	0.5985	0.0037	0.0	0.5498	0.0039	0.0
50perc_5repeat	0.25	0.289	0.4929	0.0324	0.0023	0.4837	0.8514	0.6169	0.4797	0.5049	0.0159	0.0011	0.5273	0.0018	0.0	0.5128	0.0021	0.0
40perc_5repeat	0.25	0.2885	0.5011	0.0371	0.0026	0.4903	0.7887	0.6047	0.4901	0.5079	0.0188	0.0013	0.5335	0.0022	0.0	0.5106	0.0022	0.0
80perc_5repeat	0.2	0.3522	0.4827	0.0219	0.0016	0.4771	0.9562	0.6366	0.4773	0.4928	0.0195	0.0014	0.5448	0.0024	0.0	0.5619	0.0029	0.0
5perc_10repeat	0.25	0.3373	0.516	0.0444	0.0031	0.505	0.7879	0.6155	0.5096	0.5229	0.0311	0.0022	0.622	0.0038	0.0	0.5694	0.0042	0.0
15perc_10repeat	0.25	0.3135	0.5134	0.0417	0.0029	0.5032	0.7514	0.6027	0.5159	0.5186	0.026	0.0018	0.5824	0.0031	0.0	0.5355	0.0034	0.0
5perc_2repeat	0.3	0.3168	0.5323	0.0503	0.0036	0.5184	0.7737	0.6209	0.532	0.5258	0.0286	0.002	0.6266	0.0032	0.0	0.5662	0.0036	0.0
50perc_2repeat	0.25	0.3044	0.5038	0.0393	0.0028	0.4919	0.7821	0.604	0.4942	0.5083	0.0229	0.0016	0.5455	0.0027	0.0	0.5231	0.0029	0.0
100perc_10repeat	0.2	0.4187	0.4838	0.0223	0.0016	0.4777	0.9548	0.6368	0.4788	0.4811	0.0335	0.0024	0.5926	0.0042	0.0	0.6329	0.0047	0.0
15perc_2repeat	0.3	0.3087	0.5264	0.0477	0.0034	0.5141	0.752	0.6107	0.5252	0.5212	0.0274	0.0019	0.6022	0.003	0.0	0.5477	0.0033	0.0
40perc_2repeat	0.3	0.2921	0.5152	0.0444	0.0031	0.5024	0.7684	0.6075	0.5202	0.5119	0.0224	0.0016	0.5565	0.0023	0.0	0.5241	0.0026	0.0
30perc_10repeat	0.25	0.2893	0.5028	0.0375	0.0027	0.4925	0.7699	0.6008	0.4982	0.511	0.018	0.0013	0.5423	0.0022	0.0	0.5117	0.0022	0.0
30perc_2repeat	0.3	0.2939	0.5217	0.0459	0.0032	0.5084	0.7454	0.6045	0.531	0.517	0.0235	0.0017	0.5717	0.0027	0.0	0.5277	0.0028	0.0
60perc_2repeat	0.25	0.3077	0.4964	0.035	0.0025	0.4856	0.8958	0.6298	0.4823	0.5042	0.0193	0.0014	0.545	0.0027	0.0	0.5349	0.0024	0.0
50perc_2repeat	0.3	0.286	0.5132	0.0407	0.0029	0.4986	0.807	0.6163	0.5136	0.5102	0.0186	0.0013	0.5538	0.0022	0.0	0.523	0.0023	0.0
70perc_10repeat	0.2	0.3232	0.4804	0.0203	0.0014	0.4754	0.9554	0.6348	0.4758	0.4936	0.0162	0.0011	0.5149	0.002	0.0	0.534	0.002	0.0
80perc_10repeat	0.2	0.3595	0.4821	0.0214	0.0015	0.4766	0.9564	0.6362	0.4761	0.4887	0.0215	0.0015	0.5325	0.0026	0.0	0.5624	0.0028	0.0
100perc_2repeat	0.25	0.4048	0.4797	0.0106	0.0007	0.4751	0.9831	0.6406	0.4794	0.4918	0.0111	0.0008	0.6105	0.0031	0.0	0.628	0.0032	0.0
70perc_5repeat	0.25	0.3169	0.4849	0.0254	0.0018	0.4784	0.9636	0.6394	0.4777	0.4968	0.0133	0.0009	0.531	0.0019	0.0	0.5395	0.0019	0.0
60perc_5repeat	0.25	0.2968	0.4884	0.0288	0.002	0.4804	0.9147	0.6299	0.4775	0.4992	0.0151	0.0011	0.5227	0.0017	0.0	0.5219	0.0018	0.0
5perc_5repeat	0.3	0.3149	0.5327	0.051	0.0036	0.5196	0.7724	0.6213	0.5345	0.525	0.0286	0.002	0.6246	0.003	0.0	0.5648	0.0034	0.0
30perc_5repeat	0.3	0.2812	0.5152	0.044	0.0031	0.5019	0.7722	0.6084	0.5149	0.5127	0.0192	0.0014	0.5509	0.0021	0.0	0.5154	0.0021	0.0
80perc_2repeat	0.25	0.3428	0.4872	0.0247	0.0017	0.4791	0.9617	0.6396	0.4797	0.4982	0.0154	0.0011	0.5652	0.0026	0.0	0.5679	0.0027	0.0
90perc_2repeat	0.25	0.3721	0.4821	0.0161	0.0011	0.4764	0.9816	0.6415	0.4805	0.4951	0.0137	0.001	0.5822	0.0028	0.0	0.5937	0.0028	0.0
90perc_10repeat	0.2	0.3867	0.4838	0.0225	0.0016	0.4777	0.9563	0.6371	0.4778	0.4856	0.0273	0.0019	0.5567	0.0033	0.0	0.5911	0.0036	0.0
15perc_5repeat	0.3	0.2995	0.5272	0.0478	0.0034	0.5154	0.7519	0.6116	0.5288	0.52	0.0244	0.0017	0.5931	0.0027	0.0	0.5405	0.0028	0.0
40perc_5repeat	0.3	0.2817	0.5058	0.0401	0.0028	0.4943	0.786	0.6069	0.5028	0.5084	0.0178	0.0013	0.5336	0.0018	0.0	0.5095	0.002	0.0
50perc_5repeat	0.3	0.2778	0.4959	0.0353	0.0025	0.4864	0.867	0.6232	0.4835	0.505	0.0145	0.001	0.5249	0.0017	0.0	0.5101	0.0016	0.0
70perc_2repeat	0.25	0.3162	0.4969	0.0341	0.0024	0.4856	0.9061	0.6323	0.4852	0.504	0.0195	0.0014	0.5559	0.0023	0.0	0.5455	0.0026	0.0
80perc_5repeat	0.25	0.3558	0.482	0.0213	0.0015	0.4768	0.9761	0.6407	0.4774	0.4898	0.0173	0.0012	0.5423	0.0024	0.0	0.5681	0.0024	0.0
100perc_5repeat	0.25	0.4129	0.4816	0.0143	0.001	0.4761	0.9803	0.6409	0.4796	0.4835	0.0222	0.0016	0.5995	0.0036	0.0	0.6351	0.0036	0.0
30perc_5repeat	0.25	0.2984	0.5047	0.0384	0.0027	0.4939	0.752	0.5962	0.5003	0.5119	0.0203	0.0014	0.5483	0.0026	0.0	0.5156	0.0027	0.0
50perc_10repeat	0.25	0.2808	0.4866	0.0256	0.0018	0.4781	0.8925	0.6227	0.478	0.5035	0.0116	0.0008	0.515	0.0014	0.0	0.5075	0.0015	0.0
90perc_5repeat	0.25	0.3832	0.4822	0.0175	0.0012	0.4765	0.9801	0.6413	0.4791	0.4872	0.0182	0.0013	0.5674	0.0029	0.0	0.5966	0.0028	0.0
40perc_10repeat	0.25	0.2829	0.4951	0.0326	0.0023	0.4844	0.8072	0.6055	0.4884	0.5067	0.0137	0.001	0.5225	0.0016	0.0	0.5048	0.002	0.0
60perc_10repeat	0.25	0.293	0.4819	0.0224	0.0016	0.4763	0.9591	0.6365	0.476	0.4967	0.0116	0.0008	0.5121	0.0015	0.0	0.5173	0.0014	0.0
70perc_10repeat	0.25	0.3186	0.4801	0.0226	0.0016	0.4759	0.9689	0.6383	0.4753	0.4927	0.0133	0.0009	0.5168	0.0017	0.0	0.5352	0.0018	0.0
5perc_10repeat	0.3	0.3152	0.531	0.0498	0.0035	0.5178	0.7767	0.6213	0.5325	0.5248	0.0278	0.002	0.6224	0.003	0.0	0.564	0.0034	0.0
15perc_10repeat	0.3	0.297	0.5253	0.0469	0.0033	0.5139	0.7493	0.6096	0.531	0.5204	0.0233	0.0016	0.5863	0.0025	0.0	0.5353	0.0027	0.0
30perc_10repeat	0.3	0.2785	0.513	0.0428	0.003	0.5006	0.7568	0.6026	0.5138	0.5127	0.0166	0.0012	0.5434	0.0018	0.0	0.5088	0.002	0.0
90perc_10repeat	0.25	0.3838	0.4826	0.0202	0.0014	0.4771	0.9755	0.6408	0.4774	0.4845	0.0213	0.0015	0.5578	0.003	0.0	0.5957	0.0031	0.0
100perc_10repeat	0.25	0.4151	0.4835	0.0189	0.0013	0.4771	0.9769	0.6411	0.4797	0.4798	0.0273	0.0019	0.5937	0.004	0.0	0.638	0.0038	0.0
80perc_10repeat	0.25	0.3482	0.4842	0.0231	0.0016	0.4778	0.9703	0.6403	0.4774	0.4882	0.0177	0.0013	0.533	0.0023	0.0	0.5604	0.0023	0.0
40perc_10repeat	0.3	0.274	0.4983	0.0351	0.0025	0.488	0.8121	0.6097	0.4914	0.5077	0.0127	0.0009	0.5249	0.0014	0.0	0.5036	0.0016	0.0
60perc_2repeat	0.3	0.2936	0.5053	0.041	0.0029	0.4939	0.8858	0.6342	0.4919	0.507	0.0185	0.0013	0.5507	0.0023	0.0	0.5342	0.0021	0.0
50perc_10repeat	0.3	0.2788	0.4882	0.0284	0.002	0.4808	0.9021	0.6273	0.4793	0.5019	0.0119	0.0008	0.5142	0.0013	0.0	0.5076	0.0013	0.0
60perc_5repeat	0.3	0.2905	0.4899	0.031	0.0022	0.482	0.9279	0.6344	0.4807	0.5006	0.0134	0.0009	0.5223	0.0015	0.0	0.5213	0.0017	0.0
70perc_2repeat	0.3	0.3118	0.4987	0.034	0.0024	0.487	0.9451	0.6427	0.4882	0.5004	0.0162	0.0011	0.5546	0.002	0.0	0.5507	0.0022	0.0
15perc_2repeat	0.35	0.2912	0.5407	0.0514	0.0036	0.5221	0.7711	0.6226	0.5468	0.5218	0.0235	0.0017	0.6009	0.0027	0.0	0.5494	0.0028	0.0
80perc_2repeat	0.3	0.3344	0.4903	0.0254	0.0018	0.4814	0.9751	0.6446	0.4869	0.498	0.0134	0.0009	0.564	0.0018	0.0	0.5698	0.0022	0.0
5perc_2repeat	0.35	0.2989	0.5482	0.0523	0.0037	0.5274	0.7999	0.6357	0.5608	0.5246	0.0239	0.0017	0.6279	0.0028	0.0	0.5719	0.0028	0.0
30perc_2repeat	0.35	0.283	0.5302	0.0499	0.0035	0.5144	0.7743	0.6182	0.5422	0.5145	0.0236	0.0017	0.568	0.0023	0.0	0.5289	0.0023	0.0
70perc_5repeat	0.3	0.3085	0.4862	0.0253	0.0018	0.4795	0.97	0.6418	0.4816	0.4958	0.0137	0.001	0.5295	0.0016	0.0	0.5385	0.0017	0.0
90perc_2repeat	0.3	0.3643	0.4867	0.0171	0.0012	0.4791	0.9802	0.6436	0.4858	0.4947	0.0121	0.0009	0.5832	0.0023	0.0	0.5969	0.0023	0.0
60perc_10repeat	0.3	0.2905	0.4821	0.0224	0.0016	0.4773	0.9704	0.6398	0.4772	0.4975	0.0103	0.0007	0.5106	0.0012	0.0	0.5178	0.0012	0.0
80perc_5repeat	0.3	0.3436	0.4821	0.0187	0.0013	0.4771	0.9823	0.6423	0.4808	0.4902	0.0147	0.001	0.5398	0.0018	0.0	0.5647	0.002	0.0
50perc_2repeat	0.35	0.2819	0.5176	0.0467	0.0033	0.5031	0.8236	0.6247	0.5168	0.5096	0.0195	0.0014	0.5497	0.0019	0.0	0.5244	0.0021	0.0
40perc_2repeat	0.35	0.281	0.5244	0.048	0.0034	0.5083	0.7995	0.6215	0.5318	0.5125	0.0196	0.0014	0.5561	0.0021	0.0	0.5246	0.0021	0.0
15perc_5repeat	0.35	0.2828	0.5417	0.0498	0.0035	0.5248	0.7474	0.6166	0.5548	0.522	0.0214	0.0015	0.5926	0.0024	0.0	0.5382	0.0025	0.0
100perc_2repeat	0.3	0.3934	0.4844	0.0123	0.0009	0.4778	0.9799	0.6424	0.4843	0.4908	0.01	0.0007	0.6073	0.0026	0.0	0.6273	0.0026	0.0
5perc_5repeat	0.35	0.2989	0.5469	0.0527	0.0037	0.5276	0.7894	0.6324	0.562	0.5247	0.0248	0.0018	0.6248	0.0028	0.0	0.568	0.0028	0.0
30perc_5repeat	0.35	0.2734	0.5255	0.0477	0.0034	0.5104	0.7641	0.612	0.5375	0.513	0.0185	0.0013	0.5514	0.0018	0.0	0.5149	0.0019	0.0
60perc_2repeat	0.35	0.2896	0.5108	0.0421	0.003	0.4959	0.8968	0.6386	0.5041	0.5048	0.017	0.0012	0.5477	0.0018	0.0	0.5349	0.0019	0.0
5perc_10repeat	0.35	0.2965	0.5481	0.0531	0.0038	0.528	0.7907	0.6332	0.5628	0.5248	0.0238	0.0017	0.6238	0.0027	0.0	0.5669	0.0027	0.0
90perc_5repeat	0.3	0.3732	0.4832	0.0168	0.0012	0.4774	0.9833	0.6428	0.4822	0.4876	0.016	0.0011	0.5646	0.0023	0.0	0.5956	0.0024	0.0
40perc_5repeat	0.35	0.2733	0.51	0.0421	0.003	0.4968	0.8301	0.6216	0.51	0.5074	0.0148	0.001	0.5341	0.0016	0.0	0.5111	0.0016	0.0
50perc_5repeat	0.35	0.2797	0.4974	0.0395	0.0028	0.4874	0.9054	0.6336	0.4817	0.5029	0.0135	0.001	0.5239	0.0014	0.0	0.5153	0.0014	0.0
70perc_2repeat	0.35	0.2991	0.5051	0.0406	0.0029	0.4912	0.9365	0.6444	0.4926	0.5022	0.0149	0.0011	0.5521	0.0019	0.0	0.5462	0.0018	0.0
100perc_5repeat	0.3	0.4072	0.4832	0.0136	0.001	0.4772	0.9809	0.6421	0.4823	0.4817	0.02	0.0014	0.5954	0.003	0.0	0.636	0.0029	0.0
80perc_10repeat	0.3	0.3496	0.4807	0.0189	0.0013	0.4765	0.9884	0.643	0.4771	0.4873	0.0159	0.0011	0.5303	0.0018	0.0	0.5646	0.0019	0.0
70perc_10repeat	0.3	0.3179	0.4794	0.0176	0.0012	0.4757	0.9875	0.6421	0.477	0.4916	0.013	0.0009	0.5149	0.0016	0.0	0.5379	0.0015	0.0
80perc_2repeat	0.35	0.3229	0.4961	0.0274	0.0019	0.484	0.9724	0.6463	0.4916	0.4984	0.013	0.0009	0.5639	0.0018	0.0	0.5688	0.0019	0.0
15perc_10repeat	0.35	0.2825	0.5373	0.0504	0.0036	0.5218	0.7577	0.618	0.5448	0.52	0.0203	0.0014	0.585	0.0023	0.0	0.5354	0.0022	0.0
90perc_2repeat	0.35	0.3499	0.4929	0.018	0.0013	0.4819	0.9746	0.6449	0.4909	0.496	0.0118	0.0008	0.5837	0.0021	0.0	0.5957	0.0022	0.0
100perc_2repeat	0.35	0.3792	0.4912	0.0128	0.0009	0.4808	0.9738	0.6438	0.4912	0.4911	0.0085	0.0006	0.6085	0.0022	0.0	0.6277	0.0024	0.0
30perc_10repeat	0.35	0.2675	0.5217	0.0434	0.0031	0.5062	0.7713	0.6113	0.532	0.5132	0.0137	0.001	0.5436	0.0016	0.0	0.5095	0.0015	0.0
5perc_2repeat	0.4	0.2782	0.569	0.0514	0.0036	0.5466	0.7683	0.6388	0.5847	0.5285	0.0229	0.0016	0.6306	0.0027	0.0	0.5654	0.0024	0.0
40perc_10repeat	0.35	0.2685	0.5039	0.0383	0.0027	0.4914	0.8125	0.6124	0.5028	0.5083	0.0123	0.0009	0.5246	0.0013	0.0	0.5025	0.0014	0.0
30perc_2repeat	0.4	0.2696	0.5474	0.0513	0.0036	0.5295	0.744	0.6187	0.5599	0.5183	0.0207	0.0015	0.5738	0.0022	0.0	0.5254	0.0021	0.0
15perc_2repeat	0.4	0.2731	0.5598	0.0517	0.0037	0.5404	0.75	0.6282	0.575	0.5248	0.0216	0.0015	0.6024	0.0024	0.0	0.5449	0.0022	0.0
40perc_2repeat	0.4	0.2689	0.5343	0.0501	0.0035	0.5173	0.7987	0.6279	0.5415	0.5129	0.0174	0.0012	0.557	0.0019	0.0	0.523	0.0018	0.0
50perc_10repeat	0.35	0.2728	0.4891	0.0309	0.0022	0.4812	0.9194	0.6317	0.4805	0.5027	0.0103	0.0007	0.515	0.0011	0.0	0.5064	0.0011	0.0
90perc_10repeat	0.3	0.378	0.4834	0.019	0.0013	0.4777	0.9811	0.6426	0.4811	0.4837	0.0191	0.0014	0.5548	0.0025	0.0	0.5955	0.0024	0.0
50perc_2repeat	0.4	0.2679	0.5315	0.0486	0.0034	0.5135	0.8287	0.6341	0.534	0.5116	0.0158	0.0011	0.5531	0.0017	0.0	0.5236	0.0017	0.0
100perc_10repeat	0.3	0.412	0.4836	0.016	0.0011	0.4775	0.9804	0.6422	0.4818	0.4775	0.0246	0.0017	0.5894	0.0033	0.0	0.6396	0.0031	0.0
60perc_5repeat	0.35	0.2827	0.4926	0.0318	0.0022	0.4829	0.9569	0.6419	0.4815	0.5008	0.0124	0.0009	0.5239	0.0013	0.0	0.5215	0.0014	0.0
60perc_10repeat	0.35	0.2881	0.4801	0.0214	0.0015	0.4761	0.9777	0.6403	0.4764	0.4979	0.0107	0.0008	0.5111	0.0011	0.0	0.5184	0.0011	0.0
70perc_2repeat	0.4	0.2869	0.519	0.0439	0.0031	0.4997	0.9409	0.6527	0.5085	0.5024	0.014	0.001	0.5539	0.0016	0.0	0.5467	0.0016	0.0
60perc_2repeat	0.4	0.2777	0.523	0.0494	0.0035	0.506	0.8912	0.6455	0.523	0.5058	0.0161	0.0011	0.5497	0.0017	0.0	0.5334	0.0017	0.0
5perc_5repeat	0.4	0.2781	0.5664	0.0518	0.0037	0.5453	0.7674	0.6376	0.5814	0.528	0.0221	0.0016	0.6258	0.0025	0.0	0.562	0.0023	0.0
70perc_5repeat	0.35	0.3076	0.4841	0.0243	0.0017	0.4781	0.9833	0.6433	0.48	0.4949	0.0116	0.0008	0.527	0.0013	0.0	0.5402	0.0015	0.0
80perc_5repeat	0.35	0.3336	0.4846	0.0206	0.0015	0.4781	0.9871	0.6442	0.4813	0.4904	0.0132	0.0009	0.5421	0.0016	0.0	0.5643	0.0017	0.0
30perc_5repeat	0.4	0.2653	0.5348	0.0476	0.0034	0.5211	0.7342	0.6096	0.547	0.5161	0.016	0.0011	0.5545	0.0018	0.0	0.5126	0.0017	0.0
15perc_5repeat	0.4	0.2681	0.5576	0.0509	0.0036	0.5389	0.7521	0.6279	0.5726	0.5226	0.0198	0.0014	0.5923	0.0021	0.0	0.5361	0.0019	0.0
40perc_5repeat	0.4	0.2685	0.5198	0.0455	0.0032	0.5064	0.7824	0.6149	0.526	0.5101	0.0157	0.0011	0.5366	0.0016	0.0	0.5082	0.0016	0.0
70perc_10repeat	0.35	0.3088	0.4787	0.0172	0.0012	0.4752	0.9934	0.6429	0.4764	0.4935	0.0106	0.0007	0.5178	0.0012	0.0	0.5365	0.0012	0.0
90perc_5repeat	0.35	0.3641	0.4868	0.0163	0.0011	0.4789	0.9806	0.6435	0.4843	0.4873	0.0147	0.001	0.5649	0.002	0.0	0.5956	0.0021	0.0
80perc_2repeat	0.4	0.3134	0.5063	0.0349	0.0025	0.4913	0.9607	0.6501	0.499	0.4972	0.013	0.0009	0.5644	0.0016	0.0	0.57	0.0018	0.0
100perc_5repeat	0.35	0.3952	0.4879	0.0129	0.0009	0.4792	0.9771	0.643	0.4862	0.4822	0.017	0.0012	0.5974	0.0025	0.0	0.6361	0.0027	0.0
90perc_2repeat	0.4	0.3359	0.5012	0.0216	0.0015	0.4874	0.9696	0.6487	0.4982	0.4948	0.0097	0.0007	0.5818	0.0016	0.0	0.5952	0.002	0.0
60perc_5repeat	0.4	0.279	0.4961	0.0361	0.0026	0.487	0.9378	0.6411	0.486	0.5005	0.012	0.0008	0.5233	0.0011	0.0	0.5202	0.0014	0.0
100perc_2repeat	0.4	0.3642	0.4996	0.0168	0.0012	0.4863	0.9672	0.6472	0.4981	0.4899	0.0079	0.0006	0.605	0.0017	0.0	0.6267	0.002	0.0
50perc_5repeat	0.4	0.2678	0.5057	0.0403	0.0028	0.4937	0.871	0.6302	0.4978	0.5064	0.0127	0.0009	0.5262	0.0014	0.0	0.5091	0.0013	0.0
70perc_5repeat	0.4	0.302	0.4904	0.0317	0.0022	0.4831	0.9811	0.6474	0.4819	0.4952	0.0126	0.0009	0.5269	0.0013	0.0	0.5409	0.0014	0.0
80perc_5repeat	0.4	0.3256	0.4879	0.0209	0.0015	0.4809	0.9873	0.6468	0.4847	0.4907	0.0124	0.0009	0.5417	0.0012	0.0	0.5649	0.0016	0.0
5perc_10repeat	0.4	0.2764	0.5678	0.0523	0.0037	0.5465	0.7657	0.6378	0.5822	0.5278	0.022	0.0016	0.6252	0.0025	0.0	0.561	0.0022	0.0
90perc_5repeat	0.4	0.3565	0.4891	0.0171	0.0012	0.4812	0.9808	0.6456	0.4874	0.4852	0.0132	0.0009	0.5619	0.0016	0.0	0.5968	0.0019	0.0
80perc_10repeat	0.35	0.3379	0.4817	0.0163	0.0012	0.4766	0.9907	0.6436	0.48	0.4884	0.0134	0.0009	0.5327	0.0016	0.0	0.5623	0.0017	0.0
100perc_10repeat	0.35	0.4009	0.4875	0.0153	0.0011	0.4791	0.9776	0.6431	0.4856	0.4782	0.0209	0.0015	0.5919	0.0027	0.0	0.6396	0.0028	0.0
100perc_5repeat	0.4	0.3851	0.4924	0.0151	0.0011	0.4826	0.9726	0.6451	0.4909	0.4798	0.0159	0.0011	0.5926	0.0019	0.0	0.6362	0.0023	0.0
15perc_10repeat	0.4	0.2678	0.5563	0.052	0.0037	0.5378	0.7438	0.6243	0.5742	0.5226	0.0188	0.0013	0.5875	0.002	0.0	0.5325	0.0019	0.0
40perc_10repeat	0.4	0.265	0.5052	0.0392	0.0028	0.4947	0.8324	0.6206	0.5004	0.5078	0.0105	0.0007	0.5238	0.0012	0.0	0.5026	0.0011	0.0
30perc_10repeat	0.4	0.2622	0.533	0.046	0.0033	0.5174	0.7448	0.6107	0.5407	0.5144	0.0136	0.001	0.5455	0.0016	0.0	0.5074	0.0014	0.0
90perc_10repeat	0.35	0.372	0.4849	0.0172	0.0012	0.478	0.9821	0.6431	0.482	0.483	0.0168	0.0012	0.5562	0.0022	0.0	0.5975	0.0023	0.0
70perc_10repeat	0.4	0.3071	0.4805	0.0202	0.0014	0.4775	0.9927	0.6448	0.4765	0.4916	0.0105	0.0007	0.5144	0.0012	0.0	0.5369	0.0012	0.0
80perc_10repeat	0.4	0.335	0.4819	0.0179	0.0013	0.478	0.9927	0.6453	0.4795	0.4866	0.0124	0.0009	0.528	0.0013	0.0	0.563	0.0015	0.0
90perc_10repeat	0.4	0.3657	0.4865	0.0167	0.0012	0.48	0.9833	0.6451	0.4843	0.4806	0.0159	0.0011	0.5526	0.0017	0.0	0.5986	0.0021	0.0
60perc_10repeat	0.4	0.2866	0.4821	0.0232	0.0016	0.4783	0.9775	0.6423	0.4785	0.4972	0.0096	0.0007	0.5089	0.001	0.0	0.5182	0.001	0.0
50perc_10repeat	0.4	0.2686	0.4906	0.0318	0.0023	0.4834	0.9282	0.6357	0.4812	0.5035	0.0093	0.0007	0.5146	0.0009	0.0	0.5059	0.001	0.0
5perc_2repeat	0.45	0.2792	0.5703	0.0553	0.0039	0.5462	0.7923	0.6466	0.5863	0.526	0.0211	0.0015	0.6275	0.0023	0.0	0.5756	0.0025	0.0
5perc_5repeat	0.45	0.2786	0.5696	0.0555	0.0039	0.5467	0.7846	0.6444	0.589	0.5256	0.0209	0.0015	0.6247	0.0022	0.0	0.5721	0.0025	0.0
100perc_10repeat	0.4	0.3931	0.4906	0.0162	0.0011	0.4818	0.9744	0.6448	0.4891	0.4752	0.0195	0.0014	0.5865	0.0021	0.0	0.6403	0.0025	0.0
15perc_5repeat	0.45	0.27	0.5592	0.0567	0.004	0.5393	0.7812	0.6381	0.5738	0.5206	0.0175	0.0012	0.5888	0.0019	0.0	0.5444	0.0021	0.0
50perc_2repeat	0.45	0.2702	0.5314	0.0527	0.0037	0.5117	0.8674	0.6437	0.5364	0.5093	0.0156	0.0011	0.5484	0.0015	0.0	0.5287	0.0016	0.0
30perc_5repeat	0.45	0.2665	0.5378	0.0549	0.0039	0.5205	0.7985	0.6302	0.5494	0.5132	0.0155	0.0011	0.551	0.0017	0.0	0.5201	0.0017	0.0
70perc_2repeat	0.45	0.2846	0.5192	0.0448	0.0032	0.4983	0.9468	0.653	0.5109	0.502	0.013	0.0009	0.5537	0.0013	0.0	0.5495	0.0016	0.0
80perc_2repeat	0.45	0.3001	0.5151	0.0361	0.0026	0.4944	0.9623	0.6532	0.5134	0.4984	0.0109	0.0008	0.5662	0.0015	0.0	0.5694	0.0016	0.0
5perc_2repeat	0.5	0.2694	0.5817	0.0511	0.0036	0.5529	0.7796	0.647	0.5935	0.5234	0.0202	0.0014	0.6293	0.0021	0.0	0.576	0.0022	0.0
50perc_5repeat	0.45	0.2724	0.5071	0.048	0.0034	0.4952	0.8876	0.6358	0.4925	0.5035	0.0129	0.0009	0.5247	0.0013	0.0	0.5143	0.0014	0.0
15perc_2repeat	0.5	0.2657	0.5719	0.0535	0.0038	0.5465	0.7788	0.6423	0.5886	0.5196	0.0189	0.0013	0.6013	0.002	0.0	0.5542	0.0021	0.0
100perc_2repeat	0.45	0.3472	0.5112	0.0166	0.0012	0.4911	0.9548	0.6486	0.5108	0.4909	0.0073	0.0005	0.6111	0.0018	0.0	0.6285	0.0018	0.0
70perc_5repeat	0.45	0.2939	0.4926	0.0332	0.0023	0.483	0.9775	0.6465	0.4845	0.4957	0.0112	0.0008	0.5305	0.0012	0.0	0.5408	0.0012	0.0
80perc_5repeat	0.45	0.3161	0.4945	0.0279	0.002	0.4835	0.9792	0.6474	0.4888	0.4908	0.0116	0.0008	0.5439	0.0014	0.0	0.5646	0.0015	0.0
5perc_5repeat	0.5	0.2679	0.5813	0.051	0.0036	0.5529	0.7775	0.6463	0.5915	0.5231	0.0192	0.0014	0.6255	0.0021	0.0	0.5722	0.0021	0.0
50perc_2repeat	0.5	0.2643	0.5362	0.0565	0.004	0.5132	0.873	0.6464	0.5432	0.5077	0.0131	0.0009	0.5475	0.0015	0.0	0.5278	0.0014	0.0
30perc_2repeat	0.5	0.2637	0.5569	0.058	0.0041	0.5366	0.7774	0.635	0.571	0.5148	0.0184	0.0013	0.5725	0.0019	0.0	0.5335	0.0018	0.0
5perc_2repeat	0.6	0.2459	0.6143	0.0415	0.0029	0.5855	0.7447	0.6556	0.6208	0.5262	0.0177	0.0012	0.6313	0.0019	0.0	0.5738	0.0017	0.0
100perc_5repeat	0.45	0.366	0.5032	0.0162	0.0011	0.4868	0.9622	0.6465	0.5033	0.4818	0.0147	0.001	0.6011	0.0021	0.0	0.6363	0.002	0.0
80perc_2repeat	0.5	0.2937	0.5211	0.038	0.0027	0.4965	0.9589	0.6542	0.5209	0.4979	0.0106	0.0007	0.5667	0.0013	0.0	0.5711	0.0013	0.0
40perc_2repeat	0.5	0.2634	0.5457	0.0568	0.004	0.5245	0.8028	0.6345	0.5608	0.5123	0.0161	0.0011	0.5579	0.0017	0.0	0.5264	0.0017	0.0
15perc_2repeat	0.45	0.2739	0.5611	0.0545	0.0039	0.5401	0.78	0.6383	0.5707	0.5219	0.0194	0.0014	0.6003	0.0021	0.0	0.5534	0.0024	0.0
15perc_2repeat	0.6	0.245	0.6022	0.0472	0.0033	0.5763	0.7426	0.649	0.6134	0.5222	0.0168	0.0012	0.6021	0.0018	0.0	0.55	0.0016	0.0
50perc_10repeat	0.45	0.2724	0.4859	0.0326	0.0023	0.4802	0.9481	0.6375	0.478	0.5021	0.0087	0.0006	0.5111	0.0009	0.0	0.5071	0.0009	0.0
30perc_2repeat	0.6	0.2455	0.5846	0.054	0.0038	0.5602	0.7617	0.6456	0.5977	0.5169	0.0158	0.0011	0.5727	0.0015	0.0	0.5297	0.0014	0.0
30perc_5repeat	0.5	0.2581	0.5461	0.0558	0.0039	0.5237	0.8068	0.6352	0.5587	0.512	0.0134	0.0009	0.5505	0.0014	0.0	0.5188	0.0014	0.0
60perc_2repeat	0.5	0.2698	0.5302	0.054	0.0038	0.5071	0.9041	0.6497	0.5303	0.5047	0.0132	0.0009	0.5496	0.0014	0.0	0.5361	0.0014	0.0
70perc_2repeat	0.5	0.2794	0.523	0.0467	0.0033	0.4994	0.9481	0.6542	0.5135	0.5003	0.0117	0.0008	0.5541	0.0013	0.0	0.5509	0.0013	0.0
40perc_2repeat	0.6	0.2502	0.5672	0.06	0.0042	0.5461	0.7917	0.6464	0.5853	0.5134	0.0151	0.0011	0.5582	0.0014	0.0	0.5252	0.0013	0.0
15perc_5repeat	0.5	0.2631	0.5681	0.0543	0.0038	0.5441	0.7777	0.6402	0.5817	0.5186	0.0174	0.0012	0.5912	0.0019	0.0	0.5456	0.0019	0.0
60perc_10repeat	0.45	0.2808	0.4811	0.0253	0.0018	0.4769	0.9827	0.6422	0.478	0.4973	0.0087	0.0006	0.5121	0.0008	0.0	0.5177	0.0009	0.0
90perc_2repeat	0.5	0.3112	0.5218	0.0268	0.0019	0.4959	0.9548	0.6528	0.522	0.4953	0.0083	0.0006	0.5844	0.0014	0.0	0.5958	0.0016	0.0
100perc_2repeat	0.5	0.3321	0.5242	0.0195	0.0014	0.4968	0.9475	0.6518	0.5236	0.4917	0.0067	0.0005	0.6112	0.0016	0.0	0.6292	0.0017	0.0
80perc_10repeat	0.45	0.3233	0.4891	0.0226	0.0016	0.4804	0.9856	0.6459	0.4859	0.4874	0.0128	0.0009	0.5341	0.0015	0.0	0.5632	0.0014	0.0
50perc_5repeat	0.5	0.2659	0.5072	0.0459	0.0032	0.4922	0.9053	0.6377	0.5006	0.5046	0.0114	0.0008	0.5247	0.0011	0.0	0.5129	0.0011	0.0
30perc_2repeat	0.45	0.2704	0.5464	0.0566	0.004	0.5289	0.7824	0.6311	0.5587	0.5171	0.0184	0.0013	0.5679	0.002	0.0	0.5305	0.0021	0.0
5perc_5repeat	0.6	0.2441	0.6151	0.0412	0.0029	0.5859	0.7451	0.656	0.6206	0.526	0.0165	0.0012	0.6266	0.0018	0.0	0.5695	0.0015	0.0
60perc_5repeat	0.5	0.2747	0.4966	0.042	0.003	0.4849	0.9656	0.6456	0.4866	0.4997	0.0106	0.0008	0.5243	0.001	0.0	0.5244	0.001	0.0
15perc_5repeat	0.6	0.2434	0.5996	0.0478	0.0034	0.5736	0.7483	0.6494	0.609	0.5204	0.0149	0.0011	0.5921	0.0016	0.0	0.5427	0.0014	0.0
30perc_5repeat	0.6	0.2456	0.5701	0.0545	0.0039	0.5459	0.786	0.6443	0.5844	0.5138	0.0117	0.0008	0.5526	0.0011	0.0	0.5172	0.0011	0.0
70perc_5repeat	0.5	0.2893	0.4949	0.0358	0.0025	0.4829	0.9789	0.6467	0.4877	0.4961	0.0103	0.0007	0.5305	0.0011	0.0	0.5408	0.0012	0.0
40perc_2repeat	0.45	0.2699	0.5409	0.0562	0.004	0.5217	0.8138	0.6358	0.5474	0.5136	0.017	0.0012	0.5567	0.0017	0.0	0.5278	0.0019	0.0
100perc_10repeat	0.45	0.3734	0.5009	0.0179	0.0013	0.4857	0.9641	0.646	0.5006	0.4777	0.018	0.0013	0.5962	0.0023	0.0	0.6396	0.0022	0.0
80perc_5repeat	0.5	0.3104	0.4957	0.0251	0.0018	0.4824	0.9828	0.6472	0.4939	0.4913	0.011	0.0008	0.5451	0.0011	0.0	0.567	0.0013	0.0
50perc_2repeat	0.6	0.2536	0.5567	0.0594	0.0042	0.5327	0.8425	0.6527	0.5663	0.5082	0.0137	0.001	0.5509	0.0013	0.0	0.5284	0.0014	0.0
5perc_10repeat	0.45	0.2795	0.5686	0.0561	0.004	0.546	0.788	0.645	0.5818	0.5249	0.0209	0.0015	0.6234	0.0022	0.0	0.5722	0.0024	0.0
90perc_5repeat	0.5	0.3287	0.5062	0.022	0.0016	0.4874	0.9683	0.6484	0.505	0.4883	0.0121	0.0009	0.5696	0.0015	0.0	0.5972	0.0016	0.0
60perc_2repeat	0.45	0.2744	0.5235	0.0528	0.0037	0.5048	0.9081	0.6489	0.5104	0.5048	0.0143	0.001	0.5475	0.0015	0.0	0.5346	0.0016	0.0
5perc_10repeat	0.5	0.2673	0.5815	0.0505	0.0036	0.553	0.7797	0.6471	0.5946	0.523	0.0183	0.0013	0.624	0.002	0.0	0.5712	0.0021	0.0
100perc_5repeat	0.5	0.3528	0.5115	0.0195	0.0014	0.4899	0.9568	0.648	0.5103	0.4834	0.0134	0.0009	0.6011	0.0018	0.0	0.6372	0.0019	0.0
40perc_5repeat	0.6	0.2528	0.5412	0.0571	0.004	0.5234	0.8135	0.637	0.5483	0.5099	0.0113	0.0008	0.5369	0.0011	0.0	0.511	0.0012	0.0
15perc_10repeat	0.5	0.2588	0.5704	0.0512	0.0036	0.5454	0.7688	0.6381	0.5837	0.5185	0.0156	0.0011	0.5862	0.0016	0.0	0.5392	0.0018	0.0
40perc_10repeat	0.5	0.2618	0.5113	0.0484	0.0034	0.4964	0.8593	0.6293	0.5092	0.5069	0.0096	0.0007	0.5253	0.001	0.0	0.5059	0.001	0.0
90perc_2repeat	0.45	0.3203	0.5135	0.0231	0.0016	0.4926	0.9578	0.6506	0.5119	0.4959	0.009	0.0006	0.5865	0.0015	0.0	0.5951	0.0015	0.0
40perc_5repeat	0.45	0.266	0.5198	0.0512	0.0036	0.5048	0.8491	0.6332	0.5145	0.5089	0.0131	0.0009	0.5351	0.0014	0.0	0.5133	0.0014	0.0
50perc_10repeat	0.5	0.2692	0.4854	0.0321	0.0023	0.478	0.9523	0.6365	0.4806	0.5019	0.0083	0.0006	0.5128	0.0007	0.0	0.5073	0.0008	0.0
60perc_10repeat	0.5	0.2777	0.4806	0.0261	0.0018	0.4751	0.9842	0.6408	0.4772	0.4984	0.0082	0.0006	0.5124	0.0008	0.0	0.5173	0.0009	0.0
70perc_10repeat	0.5	0.2978	0.4795	0.0256	0.0018	0.4747	0.9942	0.6426	0.4774	0.4925	0.0089	0.0006	0.5176	0.0009	0.0	0.5374	0.001	0.0
5perc_10repeat	0.6	0.2444	0.6136	0.0425	0.003	0.584	0.7487	0.6562	0.6198	0.5253	0.0161	0.0011	0.6247	0.0018	0.0	0.5689	0.0015	0.0
60perc_2repeat	0.6	0.2526	0.5566	0.0549	0.0039	0.5258	0.8904	0.6612	0.5652	0.5062	0.0122	0.0009	0.5501	0.0012	0.0	0.5339	0.0012	0.0
80perc_10repeat	0.5	0.318	0.4886	0.0238	0.0017	0.4789	0.9875	0.645	0.485	0.4885	0.0117	0.0008	0.5348	0.0012	0.0	0.5647	0.0014	0.0
15perc_10repeat	0.6	0.2416	0.6006	0.0469	0.0033	0.5736	0.747	0.6489	0.611	0.5206	0.014	0.001	0.5877	0.0014	0.0	0.5384	0.0013	0.0
60perc_5repeat	0.45	0.2781	0.4961	0.038	0.0027	0.4852	0.9603	0.6447	0.4855	0.5004	0.0103	0.0007	0.5231	0.0011	0.0	0.5232	0.0011	0.0
30perc_10repeat	0.6	0.2505	0.5512	0.057	0.004	0.5329	0.7764	0.632	0.5698	0.5128	0.0114	0.0008	0.5436	0.0011	0.0	0.51	0.0011	0.0
90perc_10repeat	0.5	0.3427	0.4972	0.0216	0.0015	0.4829	0.9758	0.646	0.4948	0.4832	0.0137	0.001	0.5596	0.0016	0.0	0.5996	0.0017	0.0
100perc_10repeat	0.5	0.3614	0.5076	0.021	0.0015	0.4879	0.9597	0.6469	0.5065	0.4796	0.0164	0.0012	0.5961	0.002	0.0	0.6407	0.0021	0.0
50perc_5repeat	0.6	0.259	0.5182	0.0537	0.0038	0.5018	0.9168	0.6486	0.5152	0.5043	0.01	0.0007	0.5256	0.001	0.0	0.5143	0.0009	0.0
15perc_10repeat	0.45	0.2693	0.5578	0.0561	0.004	0.5396	0.769	0.6342	0.5708	0.5204	0.018	0.0013	0.5864	0.0018	0.0	0.5405	0.0021	0.0
90perc_5repeat	0.45	0.3407	0.4989	0.0199	0.0014	0.4849	0.9725	0.6472	0.4967	0.4863	0.0134	0.0009	0.5666	0.0017	0.0	0.5959	0.0017	0.0
40perc_5repeat	0.5	0.2593	0.5286	0.0523	0.0037	0.5096	0.8303	0.6316	0.5422	0.5087	0.0123	0.0009	0.536	0.0012	0.0	0.5108	0.0012	0.0
30perc_10repeat	0.45	0.261	0.532	0.053	0.0037	0.5169	0.795	0.6265	0.5443	0.5127	0.0126	0.0009	0.5431	0.0014	0.0	0.5114	0.0013	0.0
60perc_5repeat	0.6	0.2651	0.5084	0.0479	0.0034	0.4932	0.9549	0.6505	0.499	0.5006	0.0101	0.0007	0.5242	0.0009	0.0	0.5221	0.001	0.0
40perc_10repeat	0.6	0.2563	0.5189	0.0521	0.0037	0.5053	0.8589	0.6363	0.524	0.5075	0.0091	0.0006	0.5251	0.0009	0.0	0.5047	0.0009	0.0
40perc_10repeat	0.45	0.264	0.5069	0.0444	0.0031	0.4952	0.8656	0.63	0.5016	0.5075	0.0095	0.0007	0.5238	0.0011	0.0	0.5054	0.0011	0.0
70perc_2repeat	0.6	0.2608	0.551	0.054	0.0038	0.5189	0.9271	0.6654	0.5556	0.5021	0.012	0.0009	0.5542	0.0012	0.0	0.5496	0.0012	0.0
70perc_10repeat	0.45	0.3015	0.4812	0.0193	0.0014	0.4766	0.9942	0.6443	0.4783	0.4914	0.0099	0.0007	0.5181	0.0011	0.0	0.538	0.0011	0.0
5perc_2repeat	0.7	0.2306	0.6378	0.0352	0.0025	0.6076	0.7177	0.6581	0.6415	0.5253	0.0125	0.0009	0.6306	0.0014	0.0	0.5747	0.0014	0.0
90perc_10repeat	0.45	0.3493	0.4958	0.0202	0.0014	0.4835	0.9751	0.6464	0.4934	0.4827	0.0151	0.0011	0.5609	0.0019	0.0	0.5981	0.0017	0.0
50perc_10repeat	0.6	0.265	0.4923	0.0431	0.003	0.4847	0.9563	0.6434	0.4839	0.502	0.0076	0.0005	0.5135	0.0007	0.0	0.5076	0.0007	0.0
80perc_2repeat	0.6	0.271	0.5501	0.045	0.0032	0.5156	0.9399	0.6659	0.551	0.4987	0.0097	0.0007	0.5664	0.0011	0.0	0.5707	0.0013	0.0
15perc_2repeat	0.7	0.2313	0.6272	0.0396	0.0028	0.5981	0.73	0.6575	0.6318	0.5213	0.0138	0.001	0.6013	0.0014	0.0	0.5521	0.0014	0.0
90perc_2repeat	0.6	0.2813	0.5561	0.0313	0.0022	0.5177	0.9344	0.6662	0.5555	0.4958	0.0085	0.0006	0.5839	0.001	0.0	0.5945	0.0013	0.0
30perc_10repeat	0.5	0.2561	0.5425	0.0536	0.0038	0.5218	0.7755	0.6238	0.5532	0.513	0.0113	0.0008	0.5435	0.0013	0.0	0.5091	0.0012	0.0
70perc_5repeat	0.6	0.2772	0.5037	0.0396	0.0028	0.4888	0.9824	0.6528	0.5002	0.4957	0.0094	0.0007	0.53	0.0008	0.0	0.5417	0.0011	0.0
60perc_2repeat	0.7	0.2462	0.5751	0.0658	0.0047	0.5393	0.8821	0.6693	0.5932	0.5063	0.0125	0.0009	0.5488	0.0011	0.0	0.5355	0.0011	0.0
100perc_2repeat	0.6	0.2978	0.5598	0.0229	0.0016	0.5196	0.9231	0.6649	0.559	0.4907	0.0059	0.0004	0.6099	0.0011	0.0	0.6291	0.0014	0.0
40perc_2repeat	0.7	0.2403	0.5926	0.0565	0.004	0.5633	0.7875	0.6568	0.6095	0.5129	0.0131	0.0009	0.5581	0.0012	0.0	0.5263	0.0013	0.0
50perc_2repeat	0.7	0.2411	0.5815	0.06	0.0042	0.549	0.8323	0.6616	0.594	0.5093	0.0118	0.0008	0.5515	0.0011	0.0	0.5276	0.0011	0.0
15perc_2repeat	0.8	0.2194	0.6491	0.0347	0.0025	0.6165	0.7048	0.6577	0.6532	0.5215	0.0107	0.0008	0.6019	0.001	0.0	0.5517	0.0011	0.0
80perc_5repeat	0.6	0.2912	0.5121	0.0358	0.0025	0.4928	0.9756	0.6549	0.5082	0.4912	0.0096	0.0007	0.544	0.001	0.0	0.5659	0.0012	0.0
70perc_2repeat	0.7	0.2472	0.5741	0.0546	0.0039	0.5325	0.9174	0.6739	0.5752	0.5012	0.0102	0.0007	0.5542	0.001	0.0	0.5493	0.001	0.0
30perc_2repeat	0.8	0.2249	0.6296	0.0415	0.0029	0.5925	0.741	0.6585	0.6345	0.5155	0.0107	0.0008	0.5702	0.001	0.0	0.5317	0.0011	0.0
15perc_5repeat	0.7	0.2299	0.6251	0.0393	0.0028	0.5969	0.7188	0.6522	0.6298	0.5213	0.0115	0.0008	0.5916	0.0012	0.0	0.5411	0.0011	0.0
60perc_10repeat	0.6	0.2729	0.4868	0.0349	0.0025	0.4802	0.9838	0.6454	0.4839	0.4979	0.0077	0.0005	0.5117	0.0007	0.0	0.5173	0.0008	0.0
90perc_5repeat	0.6	0.3073	0.5245	0.0243	0.0017	0.4987	0.9623	0.657	0.5269	0.4859	0.0105	0.0007	0.5657	0.0011	0.0	0.598	0.0013	0.0
100perc_2repeat	0.7	0.2699	0.5916	0.0277	0.002	0.5403	0.8981	0.6747	0.5917	0.491	0.0044	0.0003	0.6099	0.001	0.0	0.6289	0.001	0.0
5perc_5repeat	0.7	0.2309	0.6357	0.0348	0.0025	0.6054	0.7209	0.6581	0.6402	0.5245	0.0127	0.0009	0.6265	0.0014	0.0	0.5718	0.0014	0.0
40perc_5repeat	0.7	0.2472	0.5517	0.0636	0.0045	0.5271	0.8538	0.6518	0.5638	0.5086	0.0095	0.0007	0.5337	0.001	0.0	0.5119	0.0009	0.0
80perc_2repeat	0.7	0.2542	0.576	0.0471	0.0033	0.5315	0.9281	0.6759	0.5767	0.498	0.0092	0.0007	0.5657	0.001	0.0	0.5701	0.0009	0.0
90perc_2repeat	0.7	0.2601	0.5859	0.0365	0.0026	0.5367	0.9154	0.6767	0.5882	0.4948	0.0074	0.0005	0.5851	0.0009	0.0	0.5962	0.0011	0.0
30perc_5repeat	0.7	0.2397	0.5863	0.0559	0.004	0.56	0.7615	0.6454	0.6	0.5138	0.0106	0.0007	0.5524	0.001	0.0	0.5165	0.0011	0.0
50perc_2repeat	0.8	0.2312	0.6047	0.0537	0.0038	0.5613	0.8282	0.6691	0.6135	0.5096	0.0106	0.0008	0.5506	0.001	0.0	0.5279	0.001	0.0
100perc_5repeat	0.6	0.3206	0.5393	0.0205	0.0014	0.5069	0.9401	0.6586	0.5384	0.4815	0.0117	0.0008	0.5991	0.0013	0.0	0.6378	0.0016	0.0
5perc_2repeat	0.8	0.2192	0.6554	0.032	0.0023	0.6245	0.6952	0.658	0.6563	0.5248	0.0096	0.0007	0.6296	0.0011	0.0	0.5747	0.001	0.0
5perc_5repeat	0.8	0.2186	0.6555	0.0339	0.0024	0.6242	0.696	0.6582	0.6563	0.5245	0.0092	0.0007	0.6261	0.001	0.0	0.5711	0.001	0.0
60perc_2repeat	0.8	0.2345	0.598	0.0557	0.0039	0.5542	0.8614	0.6745	0.607	0.5064	0.0111	0.0008	0.5501	0.0009	0.0	0.5351	0.0011	0.0
50perc_5repeat	0.7	0.2534	0.5302	0.0602	0.0043	0.5089	0.9023	0.6507	0.5262	0.5054	0.0095	0.0007	0.5263	0.0008	0.0	0.5133	0.0009	0.0
70perc_2repeat	0.8	0.2339	0.6033	0.0544	0.0038	0.5527	0.8907	0.6821	0.6104	0.5031	0.0092	0.0007	0.5553	0.0009	0.0	0.5485	0.0009	0.0
15perc_5repeat	0.8	0.2203	0.6454	0.0346	0.0024	0.613	0.7032	0.655	0.6491	0.5201	0.0089	0.0006	0.591	0.001	0.0	0.5419	0.0009	0.0
30perc_2repeat	0.7	0.2344	0.6081	0.0483	0.0034	0.5774	0.7543	0.6541	0.618	0.5154	0.013	0.0009	0.5715	0.0012	0.0	0.5317	0.0013	0.0
60perc_5repeat	0.7	0.263	0.5078	0.0532	0.0038	0.4919	0.967	0.6521	0.5028	0.4991	0.0086	0.0006	0.5222	0.0008	0.0	0.5249	0.0008	0.0
70perc_10repeat	0.6	0.2876	0.485	0.0296	0.0021	0.479	0.9934	0.6464	0.4829	0.4921	0.0088	0.0006	0.5177	0.0008	0.0	0.5379	0.0009	0.0
70perc_5repeat	0.7	0.2678	0.5118	0.0416	0.0029	0.4921	0.9775	0.6546	0.5081	0.4952	0.0087	0.0006	0.5295	0.0008	0.0	0.5418	0.0009	0.0
40perc_2repeat	0.8	0.2298	0.6142	0.0525	0.0037	0.5752	0.7871	0.6646	0.6272	0.5116	0.0108	0.0008	0.5571	0.0009	0.0	0.5269	0.001	0.0
30perc_5repeat	0.8	0.2311	0.6116	0.05	0.0035	0.5749	0.7555	0.653	0.6171	0.514	0.009	0.0006	0.5526	0.0009	0.0	0.5171	0.0009	0.0
80perc_10repeat	0.6	0.3003	0.4976	0.0252	0.0018	0.4849	0.9868	0.6502	0.4958	0.4875	0.01	0.0007	0.5338	0.001	0.0	0.5637	0.0011	0.0
80perc_5repeat	0.7	0.2764	0.5274	0.0398	0.0028	0.5003	0.9719	0.6606	0.5243	0.4905	0.0091	0.0006	0.5437	0.0008	0.0	0.5668	0.001	0.0
80perc_2repeat	0.8	0.236	0.6108	0.043	0.003	0.5536	0.9057	0.6872	0.6065	0.4979	0.0076	0.0005	0.5657	0.0007	0.0	0.5699	0.001	0.0
90perc_5repeat	0.7	0.2859	0.5466	0.0294	0.0021	0.5105	0.9531	0.6648	0.5449	0.4856	0.0087	0.0006	0.5664	0.001	0.0	0.5994	0.0011	0.0
40perc_5repeat	0.8	0.2418	0.5661	0.0625	0.0044	0.5355	0.8412	0.6544	0.5798	0.5085	0.009	0.0006	0.5347	0.0008	0.0	0.5125	0.0008	0.0
30perc_2repeat	0.9	0.2182	0.6484	0.0581	0.0041	0.6203	0.711	0.6625	0.6495	0.5159	0.0093	0.0007	0.5723	0.0008	0.0	0.5303	0.0009	0.0
100perc_5repeat	0.7	0.2908	0.5686	0.0246	0.0017	0.5239	0.9222	0.6682	0.5687	0.482	0.0088	0.0006	0.5995	0.0011	0.0	0.6375	0.0012	0.0
100perc_2repeat	0.8	0.2441	0.6282	0.0315	0.0022	0.5673	0.8734	0.6878	0.6293	0.4911	0.003	0.0002	0.6091	0.0007	0.0	0.6279	0.0008	0.0
15perc_2repeat	0.9	0.2143	0.6592	0.0571	0.004	0.6405	0.6762	0.6579	0.658	0.5221	0.0089	0.0006	0.6034	0.0008	0.0	0.5511	0.0008	0.0
90perc_10repeat	0.6	0.3179	0.5145	0.0232	0.0016	0.4933	0.969	0.6538	0.5153	0.4821	0.0124	0.0009	0.5584	0.0012	0.0	0.5995	0.0015	0.0
30perc_10repeat	0.7	0.2404	0.58	0.0527	0.0037	0.5514	0.7783	0.6455	0.5916	0.5127	0.0084	0.0006	0.5443	0.0009	0.0	0.5108	0.0008	0.0
50perc_5repeat	0.8	0.2497	0.5346	0.0654	0.0046	0.5098	0.9135	0.6544	0.5317	0.5041	0.0087	0.0006	0.5249	0.0008	0.0	0.5137	0.0008	0.0
100perc_10repeat	0.6	0.3308	0.5314	0.0211	0.0015	0.5024	0.9462	0.6563	0.5308	0.4772	0.0144	0.001	0.5939	0.0014	0.0	0.6416	0.0018	0.0
5perc_2repeat	0.9	0.2134	0.666	0.0548	0.0039	0.6474	0.6699	0.6584	0.662	0.5257	0.0074	0.0005	0.6307	0.0007	0.0	0.5741	0.0007	0.0
60perc_5repeat	0.8	0.2557	0.5212	0.0642	0.0045	0.4994	0.9592	0.6568	0.5161	0.4995	0.0089	0.0006	0.5234	0.0008	0.0	0.5248	0.0008	0.0
40perc_2repeat	0.9	0.2208	0.6374	0.0619	0.0044	0.601	0.7551	0.6693	0.6403	0.5132	0.0093	0.0007	0.5584	0.0008	0.0	0.5252	0.0008	0.0
5perc_10repeat	0.7	0.2296	0.6369	0.0349	0.0025	0.6066	0.72	0.6584	0.6417	0.5242	0.0123	0.0009	0.6242	0.0012	0.0	0.5695	0.0013	0.0
70perc_5repeat	0.8	0.2588	0.5234	0.0535	0.0038	0.4978	0.9744	0.659	0.5176	0.4947	0.008	0.0006	0.5284	0.0007	0.0	0.5413	0.0008	0.0
15perc_10repeat	0.7	0.2308	0.6211	0.0425	0.003	0.5933	0.7255	0.6528	0.628	0.5196	0.0112	0.0008	0.586	0.0012	0.0	0.538	0.0011	0.0
5perc_5repeat	0.9	0.2133	0.6657	0.0559	0.004	0.6472	0.6709	0.6588	0.6666	0.5251	0.0068	0.0005	0.6263	0.0007	0.0	0.5705	0.0007	0.0
50perc_2repeat	0.9	0.2241	0.6304	0.0675	0.0048	0.5895	0.8038	0.6802	0.6397	0.5096	0.0098	0.0007	0.5514	0.0008	0.0	0.5271	0.0009	0.0
60perc_2repeat	0.9	0.2251	0.6255	0.0696	0.0049	0.5778	0.8626	0.692	0.6334	0.5053	0.0104	0.0007	0.5493	0.0008	0.0	0.5354	0.0008	0.0
15perc_5repeat	0.9	0.2149	0.6561	0.058	0.0041	0.6351	0.6776	0.6557	0.658	0.5209	0.0078	0.0005	0.592	0.0007	0.0	0.5418	0.0007	0.0
90perc_2repeat	0.8	0.2405	0.6174	0.0346	0.0024	0.558	0.896	0.6877	0.6138	0.4946	0.0069	0.0005	0.5833	0.0008	0.0	0.5961	0.0009	0.0
40perc_10repeat	0.7	0.2517	0.5291	0.0573	0.0041	0.5102	0.8697	0.6431	0.5354	0.5076	0.0076	0.0005	0.525	0.0007	0.0	0.505	0.0008	0.0
70perc_2repeat	0.9	0.2229	0.6315	0.0689	0.0049	0.579	0.8778	0.6977	0.6328	0.5029	0.009	0.0006	0.5557	0.0007	0.0	0.5498	0.0008	0.0
50perc_10repeat	0.7	0.2604	0.4951	0.0456	0.0032	0.4854	0.9564	0.644	0.4888	0.5028	0.0071	0.0005	0.5142	0.0006	0.0	0.5069	0.0006	0.0
60perc_10repeat	0.7	0.27	0.4838	0.0382	0.0027	0.478	0.9914	0.645	0.482	0.4976	0.0069	0.0005	0.5114	0.0006	0.0	0.518	0.0007	0.0
80perc_2repeat	0.9	0.222	0.6408	0.058	0.0041	0.5819	0.884	0.7018	0.6423	0.4988	0.0076	0.0005	0.5664	0.0006	0.0	0.569	0.0008	0.0
15perc_10repeat	0.8	0.2196	0.6447	0.034	0.0024	0.6113	0.7104	0.6571	0.6483	0.5193	0.0079	0.0006	0.586	0.0009	0.0	0.5388	0.0008	0.0
100perc_2repeat	0.9	0.2244	0.6584	0.0527	0.0037	0.5974	0.8595	0.7049	0.6584	0.4908	0.0022	0.0002	0.6091	0.0004	0.0	0.6285	0.0005	0.0
90perc_2repeat	0.9	0.222	0.6514	0.0538	0.0038	0.5896	0.8772	0.7052	0.6518	0.4952	0.0058	0.0004	0.5851	0.0006	0.0	0.5968	0.0007	0.0
40perc_5repeat	0.9	0.2339	0.5964	0.0695	0.0049	0.5611	0.8118	0.6636	0.6036	0.5091	0.0079	0.0006	0.5366	0.0007	0.0	0.5113	0.0007	0.0
80perc_10repeat	0.7	0.2887	0.5048	0.0293	0.0021	0.4877	0.9863	0.6527	0.5035	0.487	0.0086	0.0006	0.5327	0.0009	0.0	0.5644	0.0009	0.0
100perc_10repeat	0.7	0.3012	0.5584	0.0242	0.0017	0.5175	0.9301	0.665	0.5592	0.4778	0.0107	0.0008	0.5945	0.0012	0.0	0.6413	0.0013	0.0
60perc_5repeat	0.9	0.2472	0.5394	0.0803	0.0057	0.5126	0.9564	0.6674	0.5357	0.4999	0.0076	0.0005	0.5231	0.0007	0.0	0.5233	0.0007	0.0
40perc_10repeat	0.8	0.2477	0.5398	0.0648	0.0046	0.5148	0.8735	0.6478	0.5452	0.5073	0.0065	0.0005	0.5246	0.0007	0.0	0.5046	0.0006	0.0
50perc_5repeat	0.9	0.242	0.5612	0.0848	0.006	0.5307	0.8987	0.6673	0.5708	0.5051	0.0077	0.0005	0.5261	0.0007	0.0	0.5127	0.0007	0.0
80perc_5repeat	0.8	0.2585	0.5522	0.0396	0.0028	0.5126	0.9607	0.6685	0.5566	0.4907	0.0075	0.0005	0.5435	0.0007	0.0	0.5654	0.0008	0.0
90perc_10repeat	0.8	0.2721	0.5629	0.0314	0.0022	0.5185	0.9503	0.671	0.5626	0.4832	0.0068	0.0005	0.5589	0.0007	0.0	0.5988	0.0008	0.0
70perc_5repeat	0.9	0.2466	0.547	0.0647	0.0046	0.5131	0.9704	0.6712	0.5472	0.4949	0.0066	0.0005	0.529	0.0006	0.0	0.5421	0.0007	0.0
90perc_5repeat	0.8	0.2583	0.5858	0.0345	0.0024	0.5336	0.932	0.6787	0.586	0.4874	0.0068	0.0005	0.5678	0.0008	0.0	0.5971	0.0008	0.0
80perc_5repeat	0.9	0.2432	0.5855	0.0599	0.0042	0.536	0.9532	0.6861	0.5931	0.4905	0.0072	0.0005	0.5439	0.0007	0.0	0.5667	0.0007	0.0
30perc_5repeat	0.9	0.2243	0.6297	0.0582	0.0041	0.5983	0.7478	0.6648	0.6374	0.514	0.0081	0.0006	0.5528	0.0007	0.0	0.5174	0.0007	0.0
70perc_10repeat	0.8	0.27	0.4877	0.041	0.0029	0.4783	0.9937	0.6458	0.4852	0.4926	0.0064	0.0005	0.5178	0.0005	0.0	0.537	0.0007	0.0
100perc_5repeat	0.8	0.2615	0.6071	0.0306	0.0022	0.5492	0.9006	0.6823	0.6054	0.4823	0.0061	0.0004	0.5988	0.0008	0.0	0.6366	0.0009	0.0
90perc_5repeat	0.9	0.2401	0.6224	0.0527	0.0037	0.5614	0.9257	0.6989	0.6243	0.4856	0.0056	0.0004	0.5663	0.0005	0.0	0.5989	0.0006	0.0
5perc_10repeat	0.8	0.2185	0.6555	0.0319	0.0023	0.6243	0.6966	0.6585	0.6566	0.5243	0.0087	0.0006	0.6242	0.001	0.0	0.5696	0.0009	0.0
15perc_10repeat	0.9	0.2149	0.6562	0.0582	0.0041	0.635	0.6844	0.6588	0.6531	0.5199	0.007	0.0005	0.5876	0.0007	0.0	0.539	0.0007	0.0
50perc_10repeat	0.8	0.2596	0.4952	0.0528	0.0037	0.4843	0.96	0.6438	0.4878	0.5022	0.0068	0.0005	0.513	0.0006	0.0	0.5073	0.0006	0.0
100perc_10repeat	0.8	0.2707	0.5956	0.0309	0.0022	0.5406	0.9104	0.6784	0.5935	0.4782	0.0075	0.0005	0.594	0.0008	0.0	0.6404	0.001	0.0
30perc_10repeat	0.9	0.2285	0.622	0.0616	0.0044	0.5863	0.7527	0.6591	0.6275	0.5129	0.006	0.0004	0.5441	0.0005	0.0	0.5101	0.0006	0.0
30perc_10repeat	0.8	0.2355	0.596	0.0565	0.004	0.5615	0.7826	0.6539	0.6057	0.5118	0.0077	0.0005	0.5424	0.0007	0.0	0.5111	0.0007	0.0
70perc_10repeat	0.7	0.2792	0.4876	0.0351	0.0025	0.4795	0.9915	0.6464	0.4839	0.4929	0.0071	0.0005	0.5177	0.0007	0.0	0.5373	0.0007	0.0
90perc_10repeat	0.7	0.2958	0.5323	0.0254	0.0018	0.502	0.9632	0.66	0.5345	0.4825	0.0093	0.0007	0.5585	0.0009	0.0	0.599	0.0011	0.0
100perc_5repeat	0.9	0.2376	0.6459	0.0528	0.0037	0.5825	0.8888	0.7037	0.6489	0.4816	0.0045	0.0003	0.5985	0.0005	0.0	0.6375	0.0006	0.0
50perc_10repeat	0.9	0.2553	0.5033	0.0714	0.005	0.4904	0.9669	0.6508	0.5075	0.5019	0.0058	0.0004	0.5132	0.0005	0.0	0.508	0.0005	0.0
40perc_10repeat	0.9	0.2434	0.5563	0.0759	0.0054	0.5286	0.8679	0.657	0.5607	0.5077	0.0066	0.0005	0.5248	0.0006	0.0	0.5048	0.0006	0.0
60perc_10repeat	0.8	0.2662	0.4843	0.0442	0.0031	0.4769	0.9916	0.644	0.4797	0.4975	0.0062	0.0004	0.511	0.0006	0.0	0.5177	0.0006	0.0
70perc_10repeat	0.9	0.2609	0.5031	0.0607	0.0043	0.4885	0.991	0.6545	0.5043	0.4927	0.0059	0.0004	0.5176	0.0005	0.0	0.5376	0.0006	0.0
60perc_10repeat	0.9	0.2611	0.4922	0.0645	0.0046	0.4834	0.9918	0.65	0.4931	0.4971	0.0058	0.0004	0.5112	0.0005	0.0	0.5186	0.0005	0.0
80perc_10repeat	0.8	0.2727	0.5192	0.0336	0.0024	0.4937	0.9813	0.6569	0.5185	0.4875	0.0062	0.0004	0.5333	0.0006	0.0	0.5645	0.0007	0.0
5perc_10repeat	0.9	0.2133	0.6652	0.0545	0.0039	0.6475	0.6677	0.6575	0.6643	0.5254	0.0063	0.0004	0.6257	0.0006	0.0	0.5688	0.0006	0.0
80perc_10repeat	0.9	0.2574	0.5445	0.0557	0.0039	0.5102	0.9758	0.6701	0.5403	0.4877	0.0059	0.0004	0.533	0.0006	0.0	0.5645	0.0006	0.0
90perc_10repeat	0.9	0.2512	0.6001	0.0488	0.0035	0.5445	0.9437	0.6905	0.5993	0.4821	0.0059	0.0004	0.5581	0.0005	0.0	0.6002	0.0006	0.0
100perc_10repeat	0.9	0.2448	0.6377	0.0508	0.0036	0.5744	0.9013	0.7016	0.6407	0.4774	0.0055	0.0004	0.5935	0.0006	0.0	0.6415	0.0006	0.0
