Label	trainingSize	SquaredLoss_Mean	Accuracy_Mean	Accuracy_SD	Accuracy_SE	Precision_Mean	Recall_Mean	F1	Accuracy_Median	PriorClass0_Mean	PriorClass0_SD	PriorClass0_SE	ProbabilityEstimate_0given0_Mean 	ProbabilityEstimate_0given0_SD 	ProbabilityEstimate_0given0_SE 	ProbabilityEstimate_1given1_Mean	ProbabilityEstimate_1given1_SD	ProbabilityEstimate_1given1_SE


original	0.9	0.2151	0.6677	0.0528	0.0037	0.6517	0.664	0.6578	0.6652	0.5276	0.0067	0.0005	0.646	0.0007	0.0	0.5872	0.0007	0.0
original	0.8	0.2202	0.6583	0.0323	0.0023	0.628	0.6914	0.6582	0.6584	0.5266	0.0091	0.0006	0.6447	0.0011	0.0	0.5878	0.001	0.0
original	0.7	0.2323	0.6398	0.0338	0.0024	0.609	0.7175	0.6588	0.6424	0.5271	0.0131	0.0009	0.6455	0.0014	0.0	0.5881	0.0014	0.0
original	0.6	0.2476	0.6184	0.0406	0.0029	0.5872	0.7527	0.6597	0.6234	0.5278	0.0176	0.0012	0.6456	0.0019	0.0	0.5872	0.0016	0.0
original	0.5	0.2733	0.585	0.0501	0.0035	0.5541	0.7881	0.6507	0.5963	0.525	0.02	0.0014	0.6442	0.0022	0.0	0.5896	0.0023	0.0
original	0.45	0.2851	0.5724	0.0557	0.0039	0.5472	0.7991	0.6496	0.5883	0.5273	0.022	0.0016	0.6428	0.0023	0.0	0.5896	0.0027	0.0
original	0.4	0.2836	0.5707	0.0528	0.0037	0.5474	0.7852	0.645	0.5847	0.5303	0.0238	0.0017	0.6443	0.0027	0.0	0.5783	0.0024	0.0
original	0.35	0.3067	0.5491	0.0528	0.0037	0.5279	0.807	0.6383	0.5639	0.5267	0.0255	0.0018	0.6428	0.003	0.0	0.5843	0.003	0.0
original	0.3	0.325	0.5333	0.0511	0.0036	0.5192	0.791	0.6269	0.5315	0.5275	0.0301	0.0021	0.6424	0.0033	0.0	0.5808	0.0037	0.0
original	0.25	0.3471	0.5164	0.0454	0.0032	0.5027	0.8056	0.6191	0.5076	0.5247	0.0334	0.0024	0.6393	0.0041	0.0	0.5849	0.0045	0.0
original	0.2	0.3612	0.5062	0.0388	0.0027	0.4977	0.8084	0.6161	0.4992	0.5231	0.0409	0.0029	0.6327	0.005	0.0	0.5832	0.0046	0.0
original	0.1	0.4008	0.4943	0.0286	0.002	0.4735	0.7215	0.5717	0.4801	0.5249	0.0593	0.0042	0.6146	0.0093	0.0	0.5674	0.0102	0.0
original	0.05	0.4137	0.4943	0.0251	0.0018	0.45	0.6134	0.5191	0.483	0.5295	0.087	0.0062	0.5797	0.0145	0.0	0.5061	0.014	0.0


05_perc_2repeat	0.2	0.3568	0.5055	0.0391	0.0028	0.4973	0.7953	0.612	0.4977	0.5211	0.0404	0.0029	0.6206	0.005	0.0	0.5742	0.0047	0.0
15perc_5repeat	0.2	0.3326	0.5056	0.0373	0.0026	0.4974	0.7651	0.6029	0.5025	0.5184	0.0334	0.0024	0.5865	0.004	0.0	0.5435	0.0038	0.0
05_perc_5repeat	0.2	0.3501	0.5066	0.039	0.0028	0.4981	0.8007	0.6142	0.5006	0.521	0.0382	0.0027	0.6164	0.0048	0.0	0.5704	0.0043	0.0
30perc_5repeat	0.2	0.3146	0.4979	0.0345	0.0024	0.4887	0.752	0.5924	0.4856	0.5107	0.0261	0.0018	0.5467	0.0029	0.0	0.5184	0.0033	0.0
50perc_2repeat	0.2	0.313	0.5004	0.0361	0.0026	0.4898	0.7896	0.6045	0.4869	0.5078	0.0273	0.0019	0.5476	0.0031	0.0	0.527	0.0033	0.0
30perc_2repeat	0.2	0.3222	0.5029	0.0366	0.0026	0.4922	0.7516	0.5949	0.4975	0.5137	0.0304	0.0022	0.5626	0.0039	0.0	0.5298	0.0036	0.0
40perc_2repeat	0.2	0.3135	0.5017	0.0369	0.0026	0.4908	0.7555	0.595	0.4951	0.5108	0.0285	0.002	0.5507	0.0033	0.0	0.5217	0.0033	0.0
15perc_10repeat	0.2	0.3235	0.5066	0.0378	0.0027	0.4977	0.7542	0.5997	0.506	0.5183	0.0328	0.0023	0.5799	0.0038	0.0	0.5354	0.0034	0.0
05_perc_10repeat	0.2	0.3503	0.506	0.0388	0.0027	0.4968	0.7942	0.6113	0.4985	0.5211	0.0387	0.0027	0.6151	0.0046	0.0	0.5668	0.0043	0.0
70perc_2repeat	0.1	0.3621	0.4858	0.0222	0.0016	0.4773	0.8394	0.6085	0.4767	0.5008	0.0286	0.002	0.5427	0.0057	0.0	0.5435	0.0061	0.0
100perc_2repeat	0.1	0.412	0.4783	0.012	0.0009	0.4737	0.9448	0.631	0.4764	0.4917	0.0198	0.0014	0.6096	0.0079	0.0	0.6235	0.008	0.0
40perc_5repeat	0.2	0.2945	0.5006	0.0332	0.0023	0.4886	0.7597	0.5948	0.4953	0.5097	0.021	0.0015	0.5331	0.0025	0.0	0.5087	0.0027	0.0
60perc_2repeat	0.1	0.3532	0.4898	0.0257	0.0018	0.4807	0.778	0.5942	0.478	0.5066	0.0331	0.0023	0.5483	0.0058	0.0	0.5342	0.0057	0.0
60perc_5repeat	0.1	0.3306	0.4851	0.0224	0.0016	0.4772	0.8469	0.6104	0.4763	0.4986	0.0216	0.0015	0.5178	0.0042	0.0	0.5235	0.004	0.0
15perc_5repeat	0.1	0.3788	0.4957	0.0288	0.002	0.4816	0.6799	0.5638	0.4809	0.5197	0.0483	0.0034	0.5737	0.0077	0.0	0.5325	0.0082	0.0
100perc_5repeat	0.1	0.4171	0.4836	0.0193	0.0014	0.4768	0.8954	0.6222	0.4767	0.4834	0.0395	0.0028	0.5961	0.009	0.0	0.626	0.0088	0.0
50perc_10repeat	0.1	0.3074	0.4883	0.023	0.0016	0.4775	0.7924	0.5959	0.4772	0.5021	0.0195	0.0014	0.5093	0.003	0.0	0.5033	0.0032	0.0
80perc_2repeat	0.05	0.4016	0.4841	0.0175	0.0012	0.4752	0.8189	0.6014	0.477	0.4976	0.0359	0.0025	0.537	0.0116	0.0	0.5488	0.0116	0.0
70perc_2repeat	0.05	0.3823	0.49	0.0221	0.0016	0.4771	0.7485	0.5828	0.4807	0.4999	0.0414	0.0029	0.5423	0.011	0.0	0.5309	0.011	0.0
80perc_5repeat	0.05	0.3896	0.4864	0.0203	0.0014	0.4766	0.8049	0.5986	0.4771	0.489	0.0352	0.0025	0.5249	0.0093	0.0	0.5503	0.0097	0.0
40perc_10repeat	0.2	0.2864	0.4948	0.0317	0.0022	0.4844	0.7895	0.6004	0.4849	0.5062	0.0174	0.0012	0.5225	0.002	0.0	0.5035	0.002	0.0
60perc_2repeat	0.2	0.3128	0.4978	0.0332	0.0023	0.486	0.8327	0.6138	0.4879	0.507	0.0216	0.0015	0.5505	0.0029	0.0	0.5316	0.0032	0.0
05_perc_5repeat	0.05	0.4306	0.4947	0.0252	0.0018	0.4197	0.5914	0.491	0.4809	0.5268	0.0836	0.0059	0.5766	0.0194	0.0	0.4709	0.0196	0.0
15perc_2repeat	0.1	0.3868	0.4938	0.0284	0.002	0.4779	0.7278	0.577	0.4796	0.5179	0.0508	0.0036	0.5852	0.0089	0.0	0.5436	0.0093	0.0
70perc_5repeat	0.05	0.3697	0.4879	0.0212	0.0015	0.4774	0.7815	0.5927	0.4779	0.5001	0.0328	0.0023	0.5216	0.0083	0.0	0.5263	0.0088	0.0
30perc_10repeat	0.05	0.3673	0.4978	0.0264	0.0019	0.4797	0.5959	0.5315	0.492	0.5142	0.0445	0.0031	0.5389	0.0098	0.0	0.4746	0.0095	0.0
40perc_2repeat	0.1	0.354	0.4952	0.0273	0.0019	0.4858	0.6935	0.5714	0.4853	0.5119	0.0408	0.0029	0.5484	0.0068	0.0	0.5133	0.0067	0.0
50perc_2repeat	0.1	0.3439	0.4943	0.0258	0.0018	0.4822	0.6821	0.565	0.488	0.5104	0.0361	0.0026	0.5357	0.0059	0.0	0.5049	0.0064	0.0
80perc_10repeat	0.05	0.3944	0.4874	0.0215	0.0015	0.4781	0.7854	0.5944	0.4771	0.487	0.0416	0.0029	0.5014	0.0095	0.0	0.543	0.0098	0.0
40perc_5repeat	0.1	0.3337	0.4935	0.0265	0.0019	0.482	0.7116	0.5747	0.4803	0.5103	0.0306	0.0022	0.5291	0.0051	0.0	0.5102	0.0047	0.0
50perc_5repeat	0.1	0.3221	0.4895	0.0244	0.0017	0.479	0.7692	0.5904	0.4778	0.5038	0.0238	0.0017	0.5158	0.0041	0.0	0.5095	0.0043	0.0
90perc_2repeat	0.1	0.3911	0.481	0.0152	0.0011	0.4742	0.9045	0.6222	0.4767	0.4925	0.0227	0.0016	0.5733	0.0068	0.0	0.5866	0.0069	0.0
90perc_5repeat	0.1	0.3936	0.486	0.0211	0.0015	0.4778	0.8789	0.6191	0.4785	0.4883	0.0304	0.0021	0.5593	0.0066	0.0	0.5849	0.0069	0.0
05_perc_5repeat	0.1	0.3979	0.4944	0.0286	0.002	0.4689	0.7087	0.5644	0.4819	0.5224	0.0558	0.0039	0.6055	0.0092	0.0	0.555	0.0103	0.0
50perc_5repeat	0.2	0.2941	0.4895	0.0307	0.0022	0.4807	0.8601	0.6167	0.4771	0.5024	0.017	0.0012	0.5193	0.0021	0.0	0.5127	0.0022	0.0
60perc_10repeat	0.1	0.3191	0.4863	0.021	0.0015	0.4767	0.8369	0.6074	0.4787	0.4982	0.02	0.0014	0.5087	0.0033	0.0	0.5162	0.0035	0.0
30perc_10repeat	0.1	0.3384	0.493	0.0262	0.0019	0.4811	0.7276	0.5792	0.4833	0.5114	0.0323	0.0023	0.5381	0.0052	0.0	0.5121	0.0052	0.0
70perc_10repeat	0.1	0.3349	0.486	0.0212	0.0015	0.4773	0.8596	0.6138	0.4784	0.4934	0.0238	0.0017	0.511	0.0039	0.0	0.5284	0.0041	0.0
15perc_10repeat	0.1	0.378	0.4943	0.0284	0.002	0.4886	0.689	0.5717	0.4807	0.5184	0.0452	0.0032	0.5732	0.0072	0.0	0.5325	0.0078	0.0
100perc_10repeat	0.1	0.4194	0.4858	0.0216	0.0015	0.4771	0.8753	0.6176	0.4773	0.4796	0.0485	0.0034	0.5869	0.0099	0.0	0.6257	0.0094	0.0
40perc_2repeat	0.05	0.3924	0.4931	0.0242	0.0017	0.479	0.6455	0.5499	0.4832	0.5109	0.0548	0.0039	0.5065	0.0122	0.0	0.4802	0.0117	0.0
100perc_2repeat	0.05	0.4295	0.4811	0.0139	0.001	0.4725	0.8563	0.609	0.4757	0.4902	0.029	0.0021	0.5898	0.0144	0.0	0.6106	0.015	0.0
50perc_2repeat	0.05	0.3855	0.4926	0.023	0.0016	0.4712	0.6664	0.5521	0.4843	0.5106	0.0534	0.0038	0.5385	0.01	0.0	0.4904	0.0112	0.0
80perc_10repeat	0.1	0.3633	0.4884	0.0243	0.0017	0.4795	0.8583	0.6153	0.4779	0.4891	0.0299	0.0021	0.5261	0.0052	0.0	0.5536	0.0051	0.0
30perc_2repeat	0.05	0.3926	0.4981	0.0252	0.0018	0.4699	0.558	0.5101	0.4964	0.5193	0.065	0.0046	0.5351	0.0122	0.0	0.4635	0.0126	0.0
05_perc_2repeat	0.05	0.4287	0.494	0.0247	0.0017	0.4173	0.6052	0.494	0.4829	0.5287	0.0844	0.006	0.5788	0.0181	0.0	0.4805	0.0184	0.0
15perc_5repeat	0.05	0.4124	0.4975	0.0256	0.0018	0.4366	0.5626	0.4917	0.4938	0.5206	0.0702	0.005	0.5641	0.0159	0.0	0.4722	0.0153	0.0
30perc_5repeat	0.05	0.3881	0.4949	0.0246	0.0017	0.4688	0.6059	0.5286	0.4876	0.5152	0.0504	0.0036	0.5179	0.0114	0.0	0.4685	0.0119	0.0
100perc_5repeat	0.05	0.444	0.4845	0.0194	0.0014	0.4756	0.8121	0.5999	0.477	0.4803	0.058	0.0041	0.5633	0.0169	0.0	0.6122	0.0177	0.0
60perc_5repeat	0.05	0.355	0.4905	0.0213	0.0015	0.4768	0.7157	0.5723	0.4817	0.496	0.0323	0.0023	0.4998	0.008	0.0	0.501	0.0081	0.0
50perc_10repeat	0.05	0.3353	0.4925	0.0234	0.0017	0.4793	0.6896	0.5655	0.4825	0.5012	0.0289	0.002	0.496	0.007	0.0	0.4835	0.0062	0.0
100perc_10repeat	0.05	0.4513	0.4854	0.02	0.0014	0.4694	0.7967	0.5908	0.4771	0.4759	0.0712	0.005	0.5377	0.019	0.0	0.6069	0.0196	0.0
15perc_10repeat	0.05	0.4142	0.4964	0.0254	0.0018	0.4372	0.5794	0.4983	0.4908	0.5226	0.069	0.0049	0.5519	0.0157	0.0	0.4607	0.0156	0.0
40perc_5repeat	0.05	0.3688	0.4971	0.0262	0.0019	0.4854	0.6114	0.5412	0.4914	0.5128	0.0476	0.0034	0.5267	0.01	0.0	0.4814	0.0092	0.0
50perc_10repeat	0.2	0.284	0.4876	0.0267	0.0019	0.4792	0.8615	0.6158	0.4798	0.5023	0.0142	0.001	0.512	0.0017	0.0	0.5047	0.0017	0.0
70perc_10repeat	0.05	0.3692	0.4883	0.0208	0.0015	0.4767	0.7768	0.5908	0.4788	0.494	0.0314	0.0022	0.4952	0.0076	0.0	0.5223	0.0079	0.0
60perc_10repeat	0.05	0.3448	0.4879	0.0207	0.0015	0.4772	0.7778	0.5915	0.4788	0.4959	0.0255	0.0018	0.4972	0.0062	0.0	0.5078	0.0065	0.0
05_perc_10repeat	0.05	0.4339	0.4951	0.0252	0.0018	0.4144	0.592	0.4875	0.4832	0.5283	0.0822	0.0058	0.5824	0.0202	0.0	0.4656	0.0208	0.0
40perc_10repeat	0.1	0.32	0.4947	0.0266	0.0019	0.4815	0.6978	0.5698	0.4841	0.5081	0.0266	0.0019	0.5221	0.0043	0.0	0.5015	0.004	0.0
80perc_5repeat	0.1	0.3639	0.4847	0.0211	0.0015	0.4774	0.8779	0.6185	0.4767	0.4905	0.0276	0.002	0.5389	0.0049	0.0	0.5545	0.0053	0.0
15perc_2repeat	0.2	0.3405	0.5057	0.0383	0.0027	0.4961	0.7677	0.6028	0.5058	0.5192	0.0355	0.0025	0.5956	0.0045	0.0	0.5479	0.0043	0.0
30perc_10repeat	0.2	0.2991	0.4986	0.0342	0.0024	0.4883	0.7649	0.5961	0.4903	0.5102	0.0224	0.0016	0.5388	0.0024	0.0	0.5114	0.0027	0.0
80perc_2repeat	0.1	0.3732	0.4823	0.0182	0.0013	0.4753	0.9018	0.6225	0.4767	0.4978	0.0246	0.0017	0.5641	0.0058	0.0	0.5678	0.0059	0.0
30perc_2repeat	0.1	0.3669	0.4958	0.0281	0.002	0.4851	0.6733	0.5639	0.4863	0.5164	0.0436	0.0031	0.556	0.0072	0.0	0.5139	0.0076	0.0
70perc_5repeat	0.1	0.3322	0.4867	0.0223	0.0016	0.4782	0.8653	0.616	0.4774	0.4983	0.0239	0.0017	0.5299	0.0044	0.0	0.5326	0.0038	0.0
05_perc_2repeat	0.1	0.3991	0.4943	0.0283	0.002	0.4754	0.7022	0.567	0.4809	0.5228	0.0583	0.0041	0.6018	0.0096	0.0	0.5537	0.0104	0.0
30perc_5repeat	0.1	0.3465	0.495	0.0279	0.002	0.4847	0.6755	0.5644	0.4833	0.5144	0.0378	0.0027	0.5421	0.0058	0.0	0.5098	0.006	0.0
05_perc_10repeat	0.1	0.3987	0.4944	0.0289	0.002	0.4793	0.7038	0.5703	0.4801	0.5227	0.0538	0.0038	0.6047	0.0091	0.0	0.5566	0.0101	0.0
90perc_10repeat	0.1	0.3906	0.4871	0.0232	0.0016	0.4796	0.8694	0.6182	0.4781	0.4847	0.0369	0.0026	0.5481	0.0073	0.0	0.58	0.0067	0.0
90perc_5repeat	0.05	0.4118	0.4861	0.0201	0.0014	0.4765	0.8035	0.5982	0.4771	0.4868	0.047	0.0033	0.5289	0.0115	0.0	0.5693	0.0129	0.0
15perc_2repeat	0.05	0.4104	0.4966	0.0258	0.0018	0.4545	0.5793	0.5094	0.4872	0.5209	0.0768	0.0054	0.5557	0.0154	0.0	0.4828	0.0146	0.0
60perc_2repeat	0.05	0.3783	0.4923	0.0233	0.0016	0.4817	0.7072	0.5731	0.4807	0.5082	0.0435	0.0031	0.5255	0.0105	0.0	0.5124	0.01	0.0
90perc_2repeat	0.05	0.4019	0.4853	0.0181	0.0013	0.475	0.8126	0.5996	0.4783	0.5012	0.0306	0.0022	0.5605	0.0115	0.0	0.5642	0.0124	0.0
50perc_5repeat	0.05	0.3476	0.4939	0.0238	0.0017	0.4778	0.6603	0.5544	0.4856	0.5068	0.0362	0.0026	0.5187	0.0081	0.0	0.4891	0.0074	0.0
90perc_10repeat	0.05	0.4232	0.4867	0.0212	0.0015	0.4763	0.7963	0.596	0.4771	0.4811	0.0517	0.0037	0.5044	0.0123	0.0	0.5702	0.0126	0.0
40perc_10repeat	0.05	0.3548	0.496	0.0241	0.0017	0.4848	0.6077	0.5393	0.4919	0.5101	0.0368	0.0026	0.5098	0.0076	0.0	0.4716	0.0082	0.0
60perc_5repeat	0.2	0.3027	0.4898	0.0289	0.002	0.4807	0.8893	0.6241	0.4799	0.5003	0.0165	0.0012	0.5215	0.0024	0.0	0.5209	0.0022	0.0
70perc_2repeat	0.2	0.3325	0.4895	0.0286	0.002	0.4809	0.9222	0.6321	0.4796	0.4997	0.0198	0.0014	0.5518	0.0028	0.0	0.5505	0.003	0.0
70perc_5repeat	0.2	0.3253	0.4845	0.0241	0.0017	0.4775	0.9414	0.6336	0.4765	0.495	0.0172	0.0012	0.5277	0.0023	0.0	0.5386	0.0024	0.0
05_perc_2repeat	0.25	0.3389	0.517	0.0452	0.0032	0.5031	0.785	0.6132	0.5117	0.5243	0.0329	0.0023	0.6277	0.0041	0.0	0.5721	0.0043	0.0
90perc_2repeat	0.2	0.3818	0.4808	0.017	0.0012	0.4756	0.9762	0.6396	0.4776	0.4935	0.0155	0.0011	0.5809	0.0031	0.0	0.5941	0.0035	0.0
15perc_2repeat	0.25	0.3237	0.5155	0.0447	0.0032	0.5047	0.7593	0.6064	0.5154	0.5203	0.0304	0.0022	0.5992	0.0037	0.0	0.5486	0.0039	0.0
05_perc_5repeat	0.25	0.3369	0.5161	0.0449	0.0032	0.5036	0.7891	0.6148	0.5141	0.5228	0.0315	0.0022	0.6229	0.0039	0.0	0.5692	0.0042	0.0
60perc_10repeat	0.2	0.2988	0.4817	0.0214	0.0015	0.4763	0.9402	0.6323	0.4758	0.4976	0.0137	0.001	0.5099	0.0017	0.0	0.5175	0.0016	0.0
90perc_5repeat	0.2	0.3823	0.4834	0.0214	0.0015	0.4771	0.9634	0.6382	0.4776	0.49	0.0235	0.0017	0.5659	0.003	0.0	0.5909	0.0035	0.0
15perc_5repeat	0.25	0.3226	0.5101	0.0416	0.0029	0.5005	0.7633	0.6046	0.5146	0.5172	0.0271	0.0019	0.5862	0.0032	0.0	0.5432	0.0037	0.0
100perc_5repeat	0.2	0.4161	0.4824	0.0202	0.0014	0.4767	0.9647	0.6381	0.4783	0.4846	0.0273	0.0019	0.598	0.0038	0.0	0.6305	0.0044	0.0
80perc_2repeat	0.2	0.3516	0.4844	0.0218	0.0015	0.4773	0.9537	0.6362	0.4801	0.4982	0.0159	0.0011	0.5617	0.0029	0.0	0.5654	0.003	0.0
80perc_10repeat	0.2	0.3562	0.4831	0.0218	0.0015	0.4771	0.9444	0.6339	0.4764	0.4893	0.0208	0.0015	0.5305	0.0025	0.0	0.5583	0.0029	0.0
40perc_5repeat	0.25	0.2855	0.5018	0.0359	0.0025	0.4895	0.7742	0.5997	0.4973	0.5099	0.0177	0.0013	0.5361	0.002	0.0	0.5092	0.0022	0.0
30perc_2repeat	0.25	0.3087	0.5106	0.0417	0.003	0.4991	0.7465	0.5982	0.5094	0.5146	0.0241	0.0017	0.569	0.0032	0.0	0.5278	0.0032	0.0
80perc_5repeat	0.2	0.3507	0.4831	0.0199	0.0014	0.4768	0.961	0.6374	0.4781	0.4928	0.0205	0.0015	0.5452	0.0026	0.0	0.5613	0.003	0.0
100perc_2repeat	0.2	0.4099	0.4787	0.0115	0.0008	0.4744	0.9829	0.64	0.4775	0.4923	0.0136	0.001	0.6083	0.0034	0.0	0.6242	0.0038	0.0
05_perc_10repeat	0.25	0.3358	0.5166	0.0449	0.0032	0.5054	0.7922	0.6171	0.5146	0.5224	0.0306	0.0022	0.622	0.0038	0.0	0.5693	0.0041	0.0
05_perc_2repeat	0.3	0.3208	0.53	0.0495	0.0035	0.5178	0.7719	0.6198	0.5327	0.5253	0.0295	0.0021	0.6277	0.0032	0.0	0.5689	0.0036	0.0
40perc_2repeat	0.25	0.3036	0.5066	0.0388	0.0027	0.4949	0.7966	0.6105	0.5038	0.5112	0.0227	0.0016	0.5568	0.0029	0.0	0.5267	0.0029	0.0
100perc_10repeat	0.2	0.4187	0.4838	0.0226	0.0016	0.4777	0.9547	0.6368	0.4785	0.4811	0.0335	0.0024	0.5926	0.0042	0.0	0.6329	0.0047	0.0
90perc_10repeat	0.2	0.3882	0.4834	0.0227	0.0016	0.4774	0.957	0.6371	0.4778	0.4851	0.0265	0.0019	0.5555	0.0031	0.0	0.5916	0.0036	0.0
50perc_2repeat	0.25	0.3066	0.5005	0.0398	0.0028	0.4911	0.8422	0.6204	0.4806	0.506	0.0217	0.0015	0.5493	0.0027	0.0	0.5309	0.0025	0.0
15perc_10repeat	0.25	0.3149	0.5141	0.0435	0.0031	0.5041	0.7443	0.6011	0.5173	0.5178	0.0253	0.0018	0.5826	0.003	0.0	0.5365	0.0034	0.0
15perc_2repeat	0.3	0.3054	0.5303	0.0487	0.0034	0.5163	0.7477	0.6108	0.5329	0.523	0.0273	0.0019	0.6018	0.0029	0.0	0.5462	0.0032	0.0
60perc_2repeat	0.25	0.306	0.4967	0.0357	0.0025	0.4873	0.8835	0.6281	0.4815	0.5045	0.0199	0.0014	0.547	0.0023	0.0	0.5337	0.0024	0.0
30perc_2repeat	0.3	0.2926	0.5221	0.046	0.0033	0.5103	0.7467	0.6063	0.5296	0.517	0.0232	0.0016	0.5703	0.0026	0.0	0.5258	0.0027	0.0
70perc_2repeat	0.25	0.3179	0.4918	0.03	0.0021	0.4823	0.9458	0.6388	0.4822	0.5013	0.0159	0.0011	0.5519	0.0024	0.0	0.5479	0.0023	0.0
40perc_2repeat	0.3	0.2896	0.5162	0.0435	0.0031	0.5027	0.7854	0.613	0.5136	0.5129	0.0223	0.0016	0.5581	0.0024	0.0	0.5237	0.0025	0.0
30perc_10repeat	0.25	0.2925	0.5038	0.0385	0.0027	0.4923	0.7713	0.601	0.5038	0.5107	0.0196	0.0014	0.5408	0.0023	0.0	0.5129	0.0023	0.0
70perc_10repeat	0.2	0.3186	0.4818	0.0218	0.0015	0.4762	0.9501	0.6344	0.4758	0.494	0.0164	0.0012	0.5176	0.0018	0.0	0.5323	0.0021	0.0
50perc_2repeat	0.3	0.287	0.5138	0.0443	0.0031	0.5003	0.8182	0.6209	0.5117	0.5082	0.0198	0.0014	0.5497	0.0022	0.0	0.5234	0.0022	0.0
40perc_10repeat	0.25	0.2818	0.496	0.0345	0.0024	0.486	0.8217	0.6108	0.4826	0.5059	0.0144	0.001	0.5247	0.0019	0.0	0.5066	0.0018	0.0
80perc_2repeat	0.25	0.3436	0.4853	0.024	0.0017	0.4787	0.9677	0.6405	0.4798	0.4981	0.0158	0.0011	0.5625	0.0026	0.0	0.5677	0.0027	0.0
90perc_2repeat	0.25	0.3725	0.4824	0.0176	0.0012	0.4766	0.9749	0.6402	0.4805	0.4948	0.013	0.0009	0.5821	0.0028	0.0	0.5935	0.003	0.0
15perc_5repeat	0.3	0.2987	0.5265	0.0466	0.0033	0.5141	0.7637	0.6145	0.5269	0.52	0.0247	0.0017	0.5908	0.0028	0.0	0.5404	0.0029	0.0
50perc_10repeat	0.25	0.2808	0.4862	0.0266	0.0019	0.4788	0.8702	0.6177	0.4774	0.5032	0.0118	0.0008	0.514	0.0014	0.0	0.5049	0.0015	0.0
50perc_5repeat	0.25	0.2878	0.4949	0.0351	0.0025	0.4851	0.8381	0.6145	0.4821	0.504	0.0163	0.0012	0.5259	0.0019	0.0	0.5115	0.002	0.0
60perc_5repeat	0.25	0.2974	0.4887	0.0288	0.002	0.4803	0.9257	0.6325	0.4775	0.5	0.0148	0.001	0.5227	0.0019	0.0	0.5226	0.0019	0.0
05_perc_5repeat	0.3	0.3148	0.5331	0.0502	0.0035	0.5206	0.7677	0.6205	0.5368	0.5257	0.0287	0.002	0.6244	0.0031	0.0	0.564	0.0035	0.0
70perc_5repeat	0.25	0.3181	0.4839	0.023	0.0016	0.4775	0.959	0.6376	0.4786	0.495	0.0155	0.0011	0.5287	0.002	0.0	0.539	0.0021	0.0
30perc_5repeat	0.3	0.2867	0.5101	0.0429	0.003	0.4983	0.7768	0.6071	0.5053	0.5121	0.0191	0.0013	0.548	0.0022	0.0	0.5156	0.0023	0.0
100perc_2repeat	0.25	0.4049	0.4796	0.0105	0.0007	0.475	0.9831	0.6405	0.4795	0.4918	0.0111	0.0008	0.6105	0.0031	0.0	0.628	0.0032	0.0
80perc_5repeat	0.25	0.3544	0.4809	0.0186	0.0013	0.4759	0.9795	0.6406	0.4773	0.4898	0.0166	0.0012	0.5412	0.0024	0.0	0.5664	0.0022	0.0
50perc_5repeat	0.3	0.2796	0.4974	0.0362	0.0026	0.4865	0.8323	0.614	0.4887	0.5059	0.0151	0.0011	0.5256	0.0016	0.0	0.5085	0.0018	0.0
100perc_5repeat	0.25	0.4129	0.4816	0.0143	0.001	0.4761	0.9804	0.6409	0.4797	0.4835	0.0222	0.0016	0.5995	0.0036	0.0	0.6351	0.0036	0.0
90perc_5repeat	0.25	0.3845	0.4809	0.0174	0.0012	0.4758	0.9788	0.6404	0.4778	0.4864	0.0188	0.0013	0.5654	0.0029	0.0	0.5971	0.0029	0.0
30perc_5repeat	0.25	0.2978	0.5032	0.0381	0.0027	0.4921	0.7929	0.6073	0.5	0.5107	0.0226	0.0016	0.5478	0.0026	0.0	0.5175	0.0026	0.0
60perc_10repeat	0.25	0.2928	0.4811	0.0226	0.0016	0.4759	0.9519	0.6346	0.4765	0.4967	0.0117	0.0008	0.5102	0.0015	0.0	0.516	0.0014	0.0
15perc_10repeat	0.3	0.2978	0.5256	0.048	0.0034	0.5133	0.7444	0.6076	0.5271	0.5203	0.024	0.0017	0.5862	0.0025	0.0	0.5353	0.0028	0.0
05_perc_10repeat	0.3	0.3133	0.533	0.0504	0.0036	0.5197	0.7721	0.6213	0.5394	0.5253	0.0278	0.002	0.6231	0.003	0.0	0.5631	0.0034	0.0
30perc_10repeat	0.3	0.2756	0.5141	0.0415	0.0029	0.5018	0.7534	0.6024	0.5225	0.5138	0.0175	0.0012	0.5452	0.0018	0.0	0.5089	0.0018	0.0
40perc_5repeat	0.3	0.278	0.5058	0.0397	0.0028	0.4941	0.7931	0.6089	0.5027	0.5106	0.0163	0.0012	0.5345	0.0019	0.0	0.5082	0.0018	0.0
40perc_10repeat	0.3	0.2741	0.4991	0.0343	0.0024	0.4886	0.8213	0.6127	0.4919	0.5069	0.0131	0.0009	0.525	0.0015	0.0	0.5041	0.0015	0.0
90perc_10repeat	0.25	0.3831	0.4828	0.0196	0.0014	0.4768	0.9739	0.6402	0.4785	0.4844	0.0228	0.0016	0.5573	0.0031	0.0	0.5946	0.003	0.0
80perc_10repeat	0.25	0.3491	0.4832	0.0233	0.0016	0.4775	0.9687	0.6397	0.4772	0.4889	0.0179	0.0013	0.5334	0.0023	0.0	0.5614	0.0024	0.0
100perc_10repeat	0.25	0.4152	0.4833	0.0185	0.0013	0.477	0.9768	0.641	0.4796	0.4798	0.0273	0.0019	0.5937	0.004	0.0	0.638	0.0038	0.0
70perc_10repeat	0.25	0.3168	0.4825	0.0237	0.0017	0.4772	0.9661	0.6389	0.4767	0.4937	0.0143	0.001	0.5188	0.0017	0.0	0.5352	0.0018	0.0
60perc_2repeat	0.3	0.2909	0.5054	0.0429	0.003	0.4937	0.9035	0.6385	0.489	0.505	0.0173	0.0012	0.5477	0.0019	0.0	0.5328	0.0019	0.0
50perc_10repeat	0.3	0.276	0.4885	0.0292	0.0021	0.4808	0.9014	0.6271	0.4795	0.5032	0.011	0.0008	0.514	0.0012	0.0	0.5059	0.0012	0.0
60perc_5repeat	0.3	0.2926	0.4872	0.0277	0.002	0.4801	0.9309	0.6335	0.4816	0.4999	0.0132	0.0009	0.5222	0.0014	0.0	0.5225	0.0017	0.0
70perc_2repeat	0.3	0.3085	0.4976	0.0345	0.0024	0.4865	0.9493	0.6433	0.4891	0.5013	0.0158	0.0011	0.553	0.002	0.0	0.5484	0.002	0.0
80perc_2repeat	0.3	0.3336	0.4914	0.0253	0.0018	0.4819	0.9727	0.6445	0.4873	0.4976	0.0157	0.0011	0.5626	0.0022	0.0	0.5688	0.0021	0.0
05_perc_2repeat	0.35	0.3004	0.5464	0.0519	0.0037	0.5268	0.793	0.6331	0.5599	0.525	0.0248	0.0018	0.629	0.0029	0.0	0.5714	0.0029	0.0
15perc_2repeat	0.35	0.2883	0.5443	0.0514	0.0036	0.5263	0.7655	0.6238	0.5534	0.5218	0.0225	0.0016	0.6017	0.0027	0.0	0.548	0.0026	0.0
70perc_5repeat	0.3	0.3155	0.4832	0.0249	0.0018	0.478	0.9771	0.642	0.4789	0.4953	0.0127	0.0009	0.5276	0.0016	0.0	0.5415	0.0017	0.0
90perc_2repeat	0.3	0.3611	0.486	0.0171	0.0012	0.4787	0.9797	0.6431	0.4855	0.495	0.0113	0.0008	0.5825	0.0022	0.0	0.5944	0.0024	0.0
100perc_2repeat	0.3	0.3934	0.4843	0.0124	0.0009	0.4777	0.9798	0.6423	0.4843	0.4908	0.01	0.0007	0.6073	0.0026	0.0	0.6273	0.0026	0.0
80perc_5repeat	0.3	0.3419	0.4816	0.0186	0.0013	0.4769	0.9871	0.6431	0.4793	0.4909	0.0147	0.001	0.5406	0.0018	0.0	0.5643	0.0019	0.0
30perc_2repeat	0.35	0.2818	0.53	0.0479	0.0034	0.5151	0.7715	0.6178	0.537	0.5145	0.0214	0.0015	0.5672	0.0024	0.0	0.5282	0.0023	0.0
60perc_10repeat	0.3	0.292	0.4805	0.0208	0.0015	0.4763	0.9725	0.6394	0.477	0.4963	0.0103	0.0007	0.511	0.0011	0.0	0.5188	0.0013	0.0
05_perc_5repeat	0.35	0.2981	0.5469	0.0522	0.0037	0.5269	0.7912	0.6325	0.5597	0.525	0.024	0.0017	0.6255	0.0029	0.0	0.5684	0.0028	0.0
40perc_2repeat	0.35	0.2799	0.5258	0.0503	0.0036	0.5103	0.7933	0.6211	0.5305	0.5126	0.0195	0.0014	0.557	0.0022	0.0	0.5252	0.002	0.0
15perc_5repeat	0.35	0.2814	0.5419	0.0502	0.0035	0.5245	0.7649	0.6223	0.556	0.5211	0.0215	0.0015	0.5908	0.0024	0.0	0.539	0.0022	0.0
90perc_5repeat	0.3	0.3753	0.4835	0.0176	0.0012	0.4776	0.9821	0.6427	0.4826	0.4869	0.0163	0.0011	0.5645	0.0024	0.0	0.5963	0.0024	0.0
70perc_10repeat	0.3	0.3163	0.4783	0.0184	0.0013	0.4754	0.9886	0.642	0.4752	0.4926	0.012	0.0009	0.5152	0.0015	0.0	0.5372	0.0014	0.0
50perc_2repeat	0.35	0.2758	0.526	0.0474	0.0034	0.5075	0.8338	0.631	0.5308	0.5106	0.0176	0.0012	0.5547	0.0019	0.0	0.5266	0.0019	0.0
100perc_5repeat	0.3	0.4072	0.4832	0.0134	0.0009	0.4772	0.9809	0.6421	0.4826	0.4817	0.02	0.0014	0.5954	0.003	0.0	0.636	0.0029	0.0
30perc_5repeat	0.35	0.2735	0.5236	0.0463	0.0033	0.5092	0.7539	0.6078	0.5366	0.5141	0.0163	0.0012	0.5516	0.0018	0.0	0.5137	0.0019	0.0
05_perc_10repeat	0.35	0.2981	0.5462	0.0525	0.0037	0.5267	0.7938	0.6332	0.561	0.5245	0.0236	0.0017	0.6237	0.0028	0.0	0.5677	0.0027	0.0
60perc_2repeat	0.35	0.2874	0.5129	0.0452	0.0032	0.4975	0.8852	0.637	0.5056	0.5044	0.0156	0.0011	0.5495	0.0018	0.0	0.5332	0.0021	0.0
40perc_5repeat	0.35	0.2712	0.5126	0.0433	0.0031	0.4986	0.8156	0.6189	0.5055	0.5097	0.0149	0.0011	0.5331	0.0015	0.0	0.5096	0.0015	0.0
80perc_10repeat	0.3	0.3462	0.4806	0.0185	0.0013	0.4765	0.9876	0.6428	0.4771	0.4877	0.0149	0.0011	0.5301	0.0019	0.0	0.562	0.0018	0.0
15perc_10repeat	0.35	0.2832	0.5384	0.0501	0.0035	0.5216	0.7693	0.6217	0.5501	0.5185	0.0197	0.0014	0.5865	0.0022	0.0	0.5386	0.0023	0.0
90perc_10repeat	0.3	0.3799	0.4827	0.0158	0.0011	0.4771	0.9853	0.6429	0.4805	0.4826	0.0204	0.0014	0.5547	0.0025	0.0	0.5974	0.0025	0.0
05_perc_2repeat	0.4	0.279	0.5675	0.0518	0.0037	0.546	0.767	0.6379	0.5817	0.5293	0.0225	0.0016	0.6301	0.0025	0.0	0.5649	0.0024	0.0
05_perc_5repeat	0.4	0.2781	0.5671	0.0523	0.0037	0.5458	0.7674	0.6379	0.5843	0.528	0.023	0.0016	0.6269	0.0025	0.0	0.5627	0.0023	0.0
15perc_5repeat	0.4	0.2719	0.5563	0.0539	0.0038	0.5385	0.7423	0.6242	0.5796	0.5221	0.0202	0.0014	0.5912	0.0022	0.0	0.5358	0.0022	0.0
15perc_2repeat	0.4	0.2731	0.5611	0.052	0.0037	0.5429	0.7442	0.6279	0.577	0.5242	0.0224	0.0016	0.6024	0.0023	0.0	0.5433	0.0023	0.0
30perc_10repeat	0.35	0.2726	0.5181	0.0464	0.0033	0.5047	0.7764	0.6117	0.5283	0.5118	0.0147	0.001	0.543	0.0016	0.0	0.511	0.0017	0.0
70perc_5repeat	0.35	0.3003	0.4906	0.031	0.0022	0.4822	0.9677	0.6437	0.483	0.497	0.0139	0.001	0.5304	0.0014	0.0	0.5372	0.0017	0.0
30perc_2repeat	0.4	0.2689	0.5461	0.0504	0.0036	0.5274	0.7741	0.6274	0.555	0.5173	0.0184	0.0013	0.5727	0.0021	0.0	0.5287	0.002	0.0
80perc_5repeat	0.35	0.335	0.4845	0.0198	0.0014	0.478	0.9866	0.644	0.4814	0.4907	0.0131	0.0009	0.5423	0.0017	0.0	0.5653	0.0018	0.0
100perc_10repeat	0.3	0.412	0.4836	0.0161	0.0011	0.4775	0.9804	0.6422	0.4819	0.4775	0.0246	0.0017	0.5894	0.0033	0.0	0.6396	0.0031	0.0
70perc_2repeat	0.35	0.2932	0.5081	0.0403	0.0028	0.4924	0.9346	0.645	0.496	0.5046	0.0134	0.0009	0.5549	0.0017	0.0	0.5445	0.0019	0.0
80perc_2repeat	0.35	0.3236	0.4987	0.0296	0.0021	0.4856	0.9691	0.647	0.4916	0.4981	0.0129	0.0009	0.5675	0.0017	0.0	0.5712	0.0019	0.0
40perc_2repeat	0.4	0.2702	0.5348	0.0473	0.0033	0.5183	0.7672	0.6186	0.5411	0.5143	0.0188	0.0013	0.5568	0.002	0.0	0.5183	0.002	0.0
90perc_5repeat	0.35	0.3681	0.485	0.0162	0.0011	0.478	0.9819	0.643	0.483	0.4854	0.0141	0.001	0.5644	0.002	0.0	0.5978	0.0022	0.0
50perc_2repeat	0.4	0.2714	0.5301	0.0483	0.0034	0.5119	0.8337	0.6343	0.5341	0.5106	0.0163	0.0012	0.5524	0.0017	0.0	0.5254	0.0018	0.0
90perc_2repeat	0.35	0.3523	0.4919	0.0167	0.0012	0.4813	0.976	0.6447	0.4913	0.4942	0.0109	0.0008	0.5837	0.002	0.0	0.5966	0.002	0.0
100perc_2repeat	0.35	0.3792	0.4911	0.0128	0.0009	0.4808	0.9738	0.6437	0.4909	0.4911	0.0085	0.0006	0.6085	0.0022	0.0	0.6277	0.0024	0.0
40perc_10repeat	0.35	0.2674	0.5043	0.0382	0.0027	0.4913	0.8398	0.6199	0.5017	0.5075	0.0111	0.0008	0.5258	0.0012	0.0	0.5042	0.0012	0.0
60perc_5repeat	0.35	0.2861	0.493	0.0331	0.0023	0.484	0.94	0.639	0.4835	0.5005	0.0127	0.0009	0.5235	0.0013	0.0	0.5223	0.0014	0.0
50perc_5repeat	0.35	0.2763	0.4996	0.0383	0.0027	0.4875	0.8796	0.6273	0.4864	0.5046	0.0132	0.0009	0.5237	0.0014	0.0	0.5115	0.0015	0.0
60perc_2repeat	0.4	0.2804	0.5167	0.0461	0.0033	0.501	0.902	0.6442	0.5072	0.5044	0.0147	0.001	0.5469	0.0017	0.0	0.5338	0.0017	0.0
70perc_2repeat	0.4	0.2862	0.5169	0.0432	0.0031	0.4988	0.9363	0.6508	0.5093	0.5034	0.0138	0.001	0.5532	0.0015	0.0	0.5458	0.0017	0.0
50perc_10repeat	0.35	0.2758	0.4876	0.0308	0.0022	0.481	0.9168	0.6309	0.4789	0.5031	0.0106	0.0007	0.5137	0.0011	0.0	0.5072	0.0012	0.0
30perc_5repeat	0.4	0.2637	0.5371	0.0497	0.0035	0.5205	0.7464	0.6133	0.5485	0.5153	0.0159	0.0011	0.5529	0.0017	0.0	0.5116	0.0016	0.0
40perc_5repeat	0.4	0.2659	0.5185	0.0433	0.0031	0.5044	0.8052	0.6202	0.5196	0.5104	0.0139	0.001	0.5355	0.0015	0.0	0.508	0.0015	0.0
80perc_10repeat	0.35	0.3383	0.4827	0.0203	0.0014	0.4773	0.9864	0.6433	0.4794	0.4885	0.0145	0.001	0.5329	0.0016	0.0	0.5627	0.0017	0.0
100perc_5repeat	0.35	0.3952	0.4878	0.0128	0.0009	0.4792	0.9769	0.643	0.4862	0.4822	0.017	0.0012	0.5974	0.0025	0.0	0.6361	0.0027	0.0
50perc_5repeat	0.4	0.2686	0.5087	0.0409	0.0029	0.4974	0.838	0.6243	0.4998	0.5064	0.0129	0.0009	0.5276	0.0013	0.0	0.5082	0.0014	0.0
60perc_5repeat	0.4	0.2844	0.4939	0.034	0.0024	0.4859	0.9461	0.642	0.483	0.499	0.0121	0.0009	0.5224	0.0013	0.0	0.5235	0.0014	0.0
80perc_2repeat	0.4	0.3106	0.5054	0.0326	0.0023	0.4904	0.9671	0.6508	0.5004	0.4978	0.0133	0.0009	0.5635	0.0016	0.0	0.5684	0.0016	0.0
30perc_10repeat	0.4	0.2633	0.528	0.045	0.0032	0.5148	0.7499	0.6105	0.5346	0.5135	0.0148	0.001	0.544	0.0016	0.0	0.5062	0.0014	0.0
100perc_2repeat	0.4	0.3642	0.4997	0.0169	0.0012	0.4863	0.9673	0.6472	0.4977	0.4899	0.0079	0.0006	0.605	0.0017	0.0	0.6267	0.002	0.0
80perc_5repeat	0.4	0.3277	0.4883	0.0216	0.0015	0.4812	0.9868	0.6469	0.4853	0.4902	0.0143	0.001	0.5406	0.0014	0.0	0.5661	0.0017	0.0
70perc_10repeat	0.35	0.3141	0.4804	0.0226	0.0016	0.4765	0.9875	0.6428	0.4764	0.4918	0.0109	0.0008	0.5161	0.0012	0.0	0.5383	0.0013	0.0
60perc_10repeat	0.35	0.2886	0.4828	0.0244	0.0017	0.4775	0.9687	0.6397	0.4771	0.4975	0.0098	0.0007	0.5117	0.0011	0.0	0.5186	0.0012	0.0
05_perc_10repeat	0.4	0.2759	0.5679	0.0524	0.0037	0.5461	0.7694	0.6388	0.5835	0.5276	0.0218	0.0015	0.6249	0.0024	0.0	0.5612	0.0022	0.0
90perc_2repeat	0.4	0.3364	0.5012	0.0212	0.0015	0.4873	0.9701	0.6487	0.4987	0.4946	0.0102	0.0007	0.5809	0.0016	0.0	0.5946	0.0018	0.0
15perc_10repeat	0.4	0.2674	0.5564	0.052	0.0037	0.5398	0.7308	0.6209	0.5698	0.5228	0.0187	0.0013	0.5874	0.002	0.0	0.5309	0.0019	0.0
100perc_5repeat	0.4	0.3851	0.4924	0.0152	0.0011	0.4826	0.9728	0.6452	0.4911	0.4798	0.0159	0.0011	0.5926	0.0019	0.0	0.6362	0.0023	0.0
90perc_10repeat	0.35	0.3714	0.4863	0.018	0.0013	0.4787	0.9814	0.6435	0.4838	0.4831	0.0179	0.0013	0.5582	0.0021	0.0	0.5982	0.0022	0.0
90perc_5repeat	0.4	0.3557	0.4912	0.0175	0.0012	0.4822	0.9788	0.6461	0.4883	0.4854	0.0149	0.0011	0.5626	0.0017	0.0	0.5971	0.002	0.0
40perc_10repeat	0.4	0.2624	0.5102	0.0411	0.0029	0.4977	0.8213	0.6198	0.5135	0.509	0.0108	0.0008	0.5263	0.0012	0.0	0.5015	0.0011	0.0
50perc_10repeat	0.4	0.2703	0.4896	0.0299	0.0021	0.4825	0.9243	0.634	0.4812	0.5028	0.0088	0.0006	0.5137	0.001	0.0	0.5058	0.001	0.0
100perc_10repeat	0.35	0.4009	0.4875	0.0151	0.0011	0.4791	0.9776	0.643	0.4861	0.4782	0.0209	0.0015	0.5919	0.0027	0.0	0.6396	0.0028	0.0
70perc_5repeat	0.4	0.3038	0.4844	0.0234	0.0017	0.4795	0.9884	0.6457	0.4812	0.4945	0.0121	0.0009	0.5261	0.0012	0.0	0.5417	0.0015	0.0
60perc_10repeat	0.4	0.2813	0.4845	0.024	0.0017	0.4795	0.978	0.6435	0.4788	0.4985	0.0092	0.0007	0.5127	0.0009	0.0	0.5171	0.001	0.0
70perc_10repeat	0.4	0.3077	0.4805	0.0212	0.0015	0.4775	0.9912	0.6445	0.4785	0.4911	0.0107	0.0008	0.5155	0.0011	0.0	0.5377	0.0012	0.0
80perc_10repeat	0.4	0.3349	0.4821	0.0171	0.0012	0.478	0.9918	0.6451	0.4803	0.4863	0.0127	0.0009	0.529	0.0013	0.0	0.5636	0.0016	0.0
90perc_10repeat	0.4	0.3641	0.4871	0.0174	0.0012	0.4803	0.9827	0.6452	0.4846	0.4814	0.0162	0.0011	0.5535	0.0017	0.0	0.5976	0.0019	0.0
05_perc_2repeat	0.45	0.2804	0.5695	0.0555	0.0039	0.5468	0.7875	0.6455	0.5856	0.5262	0.0217	0.0015	0.6286	0.0023	0.0	0.5756	0.0025	0.0
05_perc_5repeat	0.45	0.2789	0.5696	0.0562	0.004	0.5459	0.7923	0.6464	0.5816	0.5253	0.0209	0.0015	0.6252	0.0022	0.0	0.574	0.0025	0.0
100perc_10repeat	0.4	0.3932	0.4906	0.0162	0.0011	0.4818	0.9744	0.6448	0.489	0.4752	0.0195	0.0014	0.5865	0.0021	0.0	0.6403	0.0025	0.0
30perc_2repeat	0.45	0.2711	0.5439	0.0573	0.0041	0.5273	0.7905	0.6326	0.5541	0.515	0.0183	0.0013	0.5695	0.0019	0.0	0.5328	0.002	0.0
60perc_2repeat	0.45	0.2734	0.5272	0.0531	0.0038	0.5073	0.8961	0.6478	0.5238	0.5055	0.0149	0.0011	0.5475	0.0015	0.0	0.5331	0.0016	0.0
70perc_2repeat	0.45	0.2839	0.5177	0.0451	0.0032	0.4972	0.9538	0.6536	0.5109	0.5024	0.0113	0.0008	0.5539	0.0015	0.0	0.5499	0.0013	0.0
80perc_2repeat	0.45	0.3023	0.5154	0.0374	0.0026	0.4949	0.9586	0.6528	0.5109	0.4981	0.0119	0.0008	0.5685	0.0015	0.0	0.5717	0.0016	0.0
40perc_2repeat	0.5	0.262	0.5478	0.0558	0.0039	0.5252	0.8156	0.639	0.5623	0.5103	0.0165	0.0012	0.5565	0.0016	0.0	0.5268	0.0016	0.0
05_perc_2repeat	0.5	0.2694	0.5815	0.0504	0.0036	0.5524	0.7818	0.6474	0.5912	0.5229	0.0195	0.0014	0.6286	0.0021	0.0	0.5762	0.0022	0.0
80perc_5repeat	0.45	0.3197	0.493	0.0258	0.0018	0.4826	0.9818	0.6471	0.4884	0.4905	0.0118	0.0008	0.544	0.0014	0.0	0.5669	0.0014	0.0
70perc_2repeat	0.5	0.2795	0.5255	0.0483	0.0034	0.5007	0.9481	0.6553	0.5212	0.5004	0.0114	0.0008	0.5544	0.0013	0.0	0.5512	0.0013	0.0
15perc_2repeat	0.5	0.2637	0.5739	0.0536	0.0038	0.548	0.7669	0.6392	0.5896	0.5205	0.0192	0.0014	0.6018	0.002	0.0	0.552	0.002	0.0
30perc_2repeat	0.5	0.2611	0.5591	0.0595	0.0042	0.5359	0.795	0.6402	0.5726	0.5141	0.0164	0.0012	0.57	0.0019	0.0	0.5337	0.0017	0.0
05_perc_5repeat	0.5	0.2667	0.5837	0.051	0.0036	0.5543	0.777	0.6471	0.5981	0.5236	0.0186	0.0013	0.6264	0.0021	0.0	0.5725	0.0021	0.0
40perc_10repeat	0.45	0.2648	0.5049	0.0443	0.0031	0.494	0.886	0.6343	0.5021	0.5065	0.0105	0.0007	0.5236	0.0011	0.0	0.507	0.001	0.0
50perc_2repeat	0.5	0.2631	0.5426	0.0569	0.004	0.5174	0.8641	0.6472	0.5549	0.5075	0.0149	0.0011	0.5498	0.0014	0.0	0.529	0.0016	0.0
15perc_5repeat	0.5	0.2612	0.5705	0.0535	0.0038	0.545	0.7799	0.6416	0.5841	0.5184	0.017	0.0012	0.5911	0.0018	0.0	0.5455	0.0018	0.0
90perc_5repeat	0.45	0.3436	0.4985	0.0196	0.0014	0.4847	0.972	0.6468	0.4964	0.4858	0.0136	0.001	0.5686	0.0017	0.0	0.5991	0.0018	0.0
80perc_2repeat	0.5	0.2926	0.5232	0.0373	0.0026	0.4976	0.9577	0.6549	0.5216	0.4986	0.0103	0.0007	0.5673	0.0013	0.0	0.5711	0.0014	0.0
05_perc_2repeat	0.6	0.2468	0.6134	0.0439	0.0031	0.5855	0.7452	0.6558	0.6197	0.5262	0.0181	0.0013	0.6309	0.0019	0.0	0.5736	0.0016	0.0
60perc_2repeat	0.5	0.2662	0.5333	0.0555	0.0039	0.5089	0.9121	0.6533	0.5285	0.5054	0.0133	0.0009	0.5491	0.0014	0.0	0.5353	0.0013	0.0
100perc_2repeat	0.45	0.3472	0.5113	0.0167	0.0012	0.4911	0.955	0.6486	0.5114	0.4909	0.0073	0.0005	0.6111	0.0018	0.0	0.6285	0.0018	0.0
50perc_10repeat	0.45	0.2701	0.4892	0.0363	0.0026	0.4821	0.9394	0.6372	0.4809	0.5028	0.0091	0.0006	0.5142	0.0009	0.0	0.5075	0.0009	0.0
15perc_2repeat	0.6	0.2449	0.6029	0.0461	0.0033	0.5772	0.7396	0.6484	0.6119	0.5233	0.0172	0.0012	0.6027	0.0017	0.0	0.5503	0.0016	0.0
50perc_5repeat	0.5	0.2654	0.5114	0.0503	0.0036	0.4959	0.888	0.6364	0.5034	0.5058	0.0111	0.0008	0.5267	0.0011	0.0	0.5126	0.0012	0.0
15perc_2repeat	0.45	0.2752	0.5603	0.0551	0.0039	0.542	0.7729	0.6372	0.572	0.5226	0.0201	0.0014	0.6002	0.0021	0.0	0.5533	0.0024	0.0
30perc_2repeat	0.6	0.247	0.5822	0.0529	0.0037	0.5586	0.764	0.6454	0.5914	0.5162	0.0152	0.0011	0.5707	0.0016	0.0	0.5298	0.0014	0.0
100perc_5repeat	0.45	0.366	0.503	0.0161	0.0011	0.4868	0.9621	0.6464	0.5028	0.4818	0.0147	0.001	0.6011	0.0021	0.0	0.6363	0.002	0.0
40perc_2repeat	0.6	0.2508	0.5661	0.0549	0.0039	0.5426	0.8029	0.6475	0.5817	0.5124	0.0141	0.001	0.5553	0.0014	0.0	0.5245	0.0014	0.0
70perc_10repeat	0.45	0.2956	0.4837	0.0249	0.0018	0.478	0.9887	0.6445	0.4793	0.4932	0.0094	0.0007	0.5198	0.001	0.0	0.5348	0.0011	0.0
30perc_5repeat	0.5	0.2588	0.5469	0.0546	0.0039	0.5259	0.7792	0.628	0.5571	0.5122	0.0139	0.001	0.551	0.0015	0.0	0.5164	0.0015	0.0
40perc_5repeat	0.5	0.2634	0.5203	0.0527	0.0037	0.5046	0.8374	0.6297	0.5178	0.5079	0.0126	0.0009	0.5346	0.0013	0.0	0.5119	0.0013	0.0
90perc_2repeat	0.5	0.3114	0.5225	0.0262	0.0019	0.4962	0.9548	0.6531	0.5218	0.4951	0.0091	0.0006	0.5859	0.0013	0.0	0.5973	0.0016	0.0
80perc_10repeat	0.45	0.3224	0.489	0.023	0.0016	0.4804	0.9875	0.6464	0.4843	0.4875	0.0128	0.0009	0.5346	0.0014	0.0	0.5628	0.0014	0.0
50perc_2repeat	0.6	0.2512	0.5617	0.0577	0.0041	0.5351	0.8467	0.6558	0.5755	0.5089	0.014	0.001	0.5513	0.0013	0.0	0.5279	0.0013	0.0
60perc_5repeat	0.5	0.2763	0.496	0.0414	0.0029	0.4848	0.9587	0.644	0.4871	0.5005	0.0104	0.0007	0.5239	0.001	0.0	0.5248	0.0011	0.0
05_perc_5repeat	0.6	0.2445	0.6147	0.0426	0.003	0.5856	0.7446	0.6556	0.62	0.5262	0.0164	0.0012	0.6271	0.0018	0.0	0.5698	0.0015	0.0
100perc_2repeat	0.5	0.3321	0.5243	0.0195	0.0014	0.4968	0.9475	0.6519	0.5237	0.4917	0.0067	0.0005	0.6112	0.0016	0.0	0.6292	0.0017	0.0
70perc_5repeat	0.5	0.2884	0.4934	0.0333	0.0024	0.4819	0.9828	0.6467	0.4906	0.4958	0.0103	0.0007	0.5309	0.001	0.0	0.541	0.0011	0.0
05_perc_10repeat	0.5	0.2675	0.5812	0.0503	0.0036	0.5523	0.782	0.6474	0.5941	0.5224	0.0187	0.0013	0.6234	0.002	0.0	0.5714	0.0021	0.0
40perc_2repeat	0.45	0.2695	0.5392	0.0556	0.0039	0.5212	0.8081	0.6336	0.5405	0.512	0.0169	0.0012	0.5571	0.0017	0.0	0.5275	0.0019	0.0
15perc_5repeat	0.6	0.2427	0.603	0.0492	0.0035	0.5768	0.7419	0.649	0.6125	0.5216	0.0147	0.001	0.5931	0.0016	0.0	0.542	0.0014	0.0
30perc_5repeat	0.6	0.2466	0.5683	0.0537	0.0038	0.5467	0.7731	0.6405	0.5765	0.5145	0.0124	0.0009	0.5532	0.0013	0.0	0.5162	0.0012	0.0
50perc_2repeat	0.45	0.2678	0.5351	0.0553	0.0039	0.5171	0.833	0.6381	0.5411	0.5112	0.0157	0.0011	0.5517	0.0017	0.0	0.5256	0.0017	0.0
15perc_5repeat	0.45	0.2716	0.5582	0.0537	0.0038	0.5385	0.7734	0.6349	0.5712	0.521	0.0189	0.0013	0.5901	0.0019	0.0	0.5437	0.0022	0.0
80perc_5repeat	0.5	0.3078	0.4988	0.0293	0.0021	0.4842	0.9801	0.6481	0.4945	0.4922	0.0109	0.0008	0.5452	0.0013	0.0	0.5653	0.0013	0.0
100perc_10repeat	0.45	0.3735	0.5009	0.0177	0.0013	0.4857	0.9643	0.646	0.5001	0.4777	0.018	0.0013	0.5962	0.0023	0.0	0.6396	0.0022	0.0
05_perc_10repeat	0.45	0.2782	0.5688	0.0561	0.004	0.5458	0.7892	0.6453	0.5873	0.5248	0.0202	0.0014	0.6232	0.0022	0.0	0.5719	0.0024	0.0
90perc_5repeat	0.5	0.331	0.5041	0.0206	0.0015	0.4863	0.9706	0.6479	0.5032	0.4881	0.0116	0.0008	0.5679	0.0014	0.0	0.5974	0.0015	0.0
30perc_5repeat	0.45	0.2632	0.5384	0.0548	0.0039	0.5223	0.7767	0.6246	0.5481	0.5153	0.0148	0.001	0.5513	0.0016	0.0	0.5162	0.0017	0.0
30perc_10repeat	0.5	0.2587	0.5357	0.0547	0.0039	0.5171	0.7812	0.6223	0.5472	0.5121	0.0123	0.0009	0.5427	0.0013	0.0	0.5104	0.0013	0.0
100perc_5repeat	0.5	0.3529	0.5115	0.0193	0.0014	0.4899	0.9569	0.6481	0.5106	0.4834	0.0134	0.0009	0.6011	0.0018	0.0	0.6372	0.0019	0.0
40perc_5repeat	0.6	0.2501	0.5475	0.0578	0.0041	0.5258	0.8246	0.6421	0.5606	0.5102	0.0105	0.0007	0.5364	0.0011	0.0	0.5099	0.001	0.0
50perc_5repeat	0.6	0.2614	0.5157	0.0561	0.004	0.5016	0.9064	0.6458	0.5006	0.504	0.0108	0.0008	0.5248	0.001	0.0	0.5145	0.001	0.0
40perc_10repeat	0.5	0.2616	0.5073	0.0448	0.0032	0.4932	0.8683	0.6291	0.5066	0.5067	0.0093	0.0007	0.5238	0.0009	0.0	0.505	0.001	0.0
50perc_10repeat	0.5	0.2673	0.4886	0.036	0.0025	0.48	0.9464	0.6369	0.4837	0.5031	0.0083	0.0006	0.5141	0.0008	0.0	0.5065	0.0008	0.0
90perc_10repeat	0.5	0.3419	0.4974	0.0231	0.0016	0.4831	0.9743	0.6459	0.4953	0.4835	0.0131	0.0009	0.5599	0.0016	0.0	0.5992	0.0016	0.0
40perc_5repeat	0.45	0.2675	0.5166	0.051	0.0036	0.5042	0.8412	0.6305	0.5167	0.5089	0.0149	0.0011	0.5333	0.0014	0.0	0.5124	0.0014	0.0
90perc_2repeat	0.45	0.323	0.5124	0.0255	0.0018	0.4921	0.9587	0.6503	0.5112	0.495	0.01	0.0007	0.5857	0.0017	0.0	0.5964	0.0017	0.0
60perc_10repeat	0.5	0.2783	0.4814	0.0299	0.0021	0.4759	0.9831	0.6413	0.4775	0.4987	0.0082	0.0006	0.5117	0.0009	0.0	0.5171	0.0008	0.0
70perc_10repeat	0.5	0.2974	0.4797	0.023	0.0016	0.4746	0.9917	0.642	0.4774	0.4928	0.0096	0.0007	0.5174	0.001	0.0	0.537	0.0011	0.0
50perc_5repeat	0.45	0.2662	0.507	0.044	0.0031	0.4932	0.9026	0.6379	0.5002	0.5055	0.0104	0.0007	0.5248	0.0011	0.0	0.5113	0.0011	0.0
60perc_2repeat	0.6	0.2587	0.5515	0.0626	0.0044	0.5252	0.8894	0.6604	0.5591	0.5044	0.0142	0.001	0.5497	0.0013	0.0	0.5376	0.0014	0.0
60perc_5repeat	0.45	0.2785	0.4985	0.0373	0.0026	0.4867	0.9622	0.6465	0.4884	0.4998	0.011	0.0008	0.5233	0.0011	0.0	0.5241	0.0011	0.0
80perc_10repeat	0.5	0.3165	0.4891	0.0227	0.0016	0.4791	0.9869	0.6451	0.4872	0.489	0.0109	0.0008	0.5353	0.0012	0.0	0.5639	0.0014	0.0
15perc_10repeat	0.6	0.2421	0.5992	0.0467	0.0033	0.5727	0.7464	0.6481	0.6079	0.5204	0.0134	0.0009	0.5876	0.0014	0.0	0.5384	0.0013	0.0
70perc_5repeat	0.45	0.2923	0.4919	0.0302	0.0021	0.4824	0.9799	0.6465	0.4867	0.4954	0.0115	0.0008	0.5296	0.0012	0.0	0.5395	0.0013	0.0
15perc_10repeat	0.45	0.2714	0.5552	0.0576	0.0041	0.5374	0.7765	0.6352	0.5741	0.5195	0.018	0.0013	0.5847	0.0019	0.0	0.5414	0.0021	0.0
30perc_10repeat	0.6	0.248	0.558	0.0547	0.0039	0.5363	0.7851	0.6373	0.5682	0.5129	0.0105	0.0007	0.5448	0.0011	0.0	0.511	0.001	0.0
40perc_10repeat	0.6	0.2537	0.5246	0.0498	0.0035	0.5076	0.8571	0.6376	0.5299	0.508	0.0083	0.0006	0.5262	0.0008	0.0	0.5036	0.0008	0.0
30perc_10repeat	0.45	0.2622	0.531	0.0523	0.0037	0.5152	0.8176	0.6321	0.5405	0.5123	0.0121	0.0009	0.5424	0.0013	0.0	0.514	0.0014	0.0
100perc_10repeat	0.5	0.3614	0.5077	0.0209	0.0015	0.488	0.9597	0.647	0.5061	0.4796	0.0164	0.0012	0.5961	0.002	0.0	0.6407	0.0021	0.0
60perc_5repeat	0.6	0.2678	0.5055	0.0454	0.0032	0.491	0.9629	0.6504	0.4994	0.4996	0.0094	0.0007	0.5232	0.0009	0.0	0.524	0.001	0.0
05_perc_10repeat	0.6	0.2446	0.613	0.0422	0.003	0.5833	0.7482	0.6555	0.6197	0.5252	0.0161	0.0011	0.6248	0.0018	0.0	0.5688	0.0015	0.0
70perc_2repeat	0.6	0.2579	0.5548	0.0524	0.0037	0.5211	0.9249	0.6666	0.5542	0.5028	0.0109	0.0008	0.5553	0.0011	0.0	0.5482	0.0012	0.0
50perc_10repeat	0.6	0.2629	0.495	0.0411	0.0029	0.4856	0.9508	0.6429	0.4896	0.5029	0.0073	0.0005	0.5144	0.0007	0.0	0.5065	0.0007	0.0
60perc_10repeat	0.45	0.2777	0.4815	0.0242	0.0017	0.4768	0.9866	0.6429	0.4784	0.4982	0.0079	0.0006	0.5129	0.0008	0.0	0.5164	0.0008	0.0
15perc_10repeat	0.5	0.2591	0.569	0.052	0.0037	0.5444	0.7664	0.6366	0.5773	0.5188	0.0156	0.0011	0.5857	0.0016	0.0	0.5388	0.0017	0.0
90perc_10repeat	0.45	0.3474	0.4961	0.0211	0.0015	0.4836	0.9749	0.6465	0.4933	0.4834	0.0147	0.001	0.5616	0.0018	0.0	0.5974	0.0017	0.0
80perc_2repeat	0.6	0.2748	0.5449	0.0451	0.0032	0.5126	0.9449	0.6646	0.5423	0.4967	0.0102	0.0007	0.5646	0.0011	0.0	0.5716	0.0013	0.0
15perc_2repeat	0.7	0.2304	0.629	0.0399	0.0028	0.5988	0.7284	0.6573	0.6315	0.5209	0.0132	0.0009	0.6016	0.0013	0.0	0.5518	0.0014	0.0
05_perc_2repeat	0.7	0.2311	0.6369	0.035	0.0025	0.6072	0.718	0.658	0.6419	0.525	0.0133	0.0009	0.6299	0.0013	0.0	0.5744	0.0014	0.0
50perc_2repeat	0.7	0.245	0.5715	0.0631	0.0045	0.5403	0.8587	0.6633	0.577	0.5076	0.012	0.0008	0.5487	0.0012	0.0	0.5299	0.0011	0.0
05_perc_2repeat	0.8	0.219	0.656	0.0332	0.0024	0.6252	0.6954	0.6584	0.6569	0.5249	0.0095	0.0007	0.6298	0.0011	0.0	0.5744	0.001	0.0
30perc_2repeat	0.7	0.2346	0.6079	0.0485	0.0034	0.5788	0.7515	0.6539	0.6186	0.5158	0.0127	0.0009	0.571	0.0013	0.0	0.5305	0.0012	0.0
70perc_5repeat	0.6	0.2771	0.5036	0.0406	0.0029	0.4891	0.9789	0.6523	0.499	0.4955	0.0091	0.0006	0.5298	0.0009	0.0	0.5413	0.001	0.0
40perc_2repeat	0.7	0.2378	0.5952	0.0549	0.0039	0.5627	0.7907	0.6575	0.6096	0.512	0.0123	0.0009	0.558	0.0011	0.0	0.5266	0.0013	0.0
15perc_2repeat	0.8	0.2198	0.6492	0.0349	0.0025	0.616	0.7102	0.6598	0.6493	0.5204	0.0104	0.0007	0.6011	0.0011	0.0	0.552	0.0011	0.0
70perc_2repeat	0.7	0.2494	0.5697	0.0544	0.0038	0.5297	0.9238	0.6733	0.5737	0.5016	0.0095	0.0007	0.5532	0.0009	0.0	0.5505	0.0011	0.0
90perc_2repeat	0.6	0.2854	0.5516	0.0306	0.0022	0.5149	0.9387	0.6651	0.5551	0.4938	0.0078	0.0005	0.5834	0.0011	0.0	0.5969	0.0012	0.0
05_perc_5repeat	0.7	0.2303	0.6366	0.0349	0.0025	0.6069	0.7172	0.6574	0.6419	0.5252	0.0128	0.0009	0.6264	0.0013	0.0	0.5707	0.0013	0.0
60perc_10repeat	0.6	0.2746	0.4833	0.0324	0.0023	0.4782	0.9871	0.6443	0.4798	0.4973	0.0077	0.0005	0.5108	0.0007	0.0	0.5179	0.0008	0.0
60perc_2repeat	0.7	0.2456	0.5737	0.0588	0.0042	0.5374	0.8825	0.668	0.5797	0.505	0.0119	0.0008	0.5494	0.001	0.0	0.536	0.0012	0.0
30perc_2repeat	0.8	0.2235	0.6334	0.0428	0.003	0.5964	0.7364	0.659	0.6377	0.5158	0.0107	0.0008	0.5716	0.001	0.0	0.5312	0.001	0.0
90perc_2repeat	0.7	0.2605	0.5836	0.0346	0.0024	0.5348	0.9173	0.6757	0.5844	0.4949	0.007	0.0005	0.5838	0.0009	0.0	0.5952	0.0011	0.0
30perc_5repeat	0.7	0.2383	0.5912	0.0509	0.0036	0.5623	0.7574	0.6454	0.5996	0.5148	0.0102	0.0007	0.5532	0.001	0.0	0.5163	0.001	0.0
40perc_2repeat	0.8	0.2287	0.6185	0.0491	0.0035	0.5796	0.7621	0.6584	0.6241	0.5132	0.0114	0.0008	0.5584	0.0009	0.0	0.5243	0.001	0.0
80perc_5repeat	0.6	0.2915	0.5101	0.0299	0.0021	0.4914	0.9786	0.6543	0.5072	0.4907	0.0093	0.0007	0.5431	0.0009	0.0	0.5659	0.0012	0.0
100perc_2repeat	0.6	0.2978	0.5597	0.0227	0.0016	0.5195	0.9232	0.6649	0.5584	0.4907	0.0059	0.0004	0.6099	0.0011	0.0	0.6291	0.0014	0.0
80perc_2repeat	0.7	0.2543	0.5773	0.0465	0.0033	0.5324	0.9232	0.6753	0.5814	0.4979	0.0099	0.0007	0.5665	0.001	0.0	0.5708	0.0011	0.0
05_perc_5repeat	0.8	0.2186	0.6554	0.0328	0.0023	0.6251	0.6931	0.6574	0.6558	0.5249	0.0092	0.0006	0.6259	0.001	0.0	0.5704	0.001	0.0
15perc_5repeat	0.7	0.2301	0.6258	0.0404	0.0029	0.5966	0.7274	0.6556	0.632	0.5203	0.0115	0.0008	0.5918	0.0011	0.0	0.5435	0.0012	0.0
60perc_2repeat	0.8	0.2353	0.5952	0.0603	0.0043	0.5507	0.877	0.6766	0.6096	0.5053	0.0104	0.0007	0.5481	0.0009	0.0	0.5357	0.001	0.0
100perc_2repeat	0.7	0.2698	0.5918	0.0275	0.0019	0.5404	0.898	0.6747	0.5922	0.491	0.0044	0.0003	0.6099	0.001	0.0	0.6289	0.001	0.0
90perc_5repeat	0.6	0.3054	0.5269	0.0248	0.0018	0.5	0.9617	0.658	0.5268	0.4867	0.0105	0.0007	0.5668	0.001	0.0	0.5978	0.0014	0.0
05_perc_2repeat	0.9	0.2139	0.6656	0.0554	0.0039	0.648	0.668	0.6578	0.6659	0.5259	0.0074	0.0005	0.6305	0.0007	0.0	0.5737	0.0007	0.0
100perc_5repeat	0.6	0.3206	0.5391	0.0204	0.0014	0.5068	0.94	0.6586	0.5385	0.4815	0.0117	0.0008	0.5991	0.0013	0.0	0.6378	0.0016	0.0
50perc_5repeat	0.7	0.2534	0.5258	0.0607	0.0043	0.5053	0.9191	0.6521	0.5252	0.5046	0.0085	0.0006	0.5252	0.0008	0.0	0.5132	0.0008	0.0
60perc_5repeat	0.7	0.2607	0.5104	0.0511	0.0036	0.4933	0.9591	0.6515	0.5083	0.5004	0.0088	0.0006	0.5232	0.0008	0.0	0.5233	0.0009	0.0
70perc_10repeat	0.6	0.288	0.4863	0.0292	0.0021	0.4795	0.9935	0.6468	0.4836	0.4918	0.0088	0.0006	0.5174	0.0008	0.0	0.5379	0.001	0.0
90perc_2repeat	0.8	0.2395	0.6193	0.0381	0.0027	0.5601	0.8934	0.6885	0.6205	0.4954	0.0067	0.0005	0.5839	0.0008	0.0	0.5951	0.0008	0.0
70perc_5repeat	0.7	0.2667	0.5119	0.0451	0.0032	0.4926	0.9771	0.655	0.5033	0.4958	0.0086	0.0006	0.529	0.0008	0.0	0.5402	0.0009	0.0
80perc_5repeat	0.7	0.2752	0.5264	0.0351	0.0025	0.4994	0.9718	0.6597	0.5268	0.4909	0.0077	0.0005	0.5443	0.0008	0.0	0.5666	0.0009	0.0
40perc_5repeat	0.8	0.2415	0.5716	0.0664	0.0047	0.5415	0.8236	0.6534	0.5889	0.5093	0.0097	0.0007	0.5352	0.0008	0.0	0.5109	0.0008	0.0
50perc_2repeat	0.8	0.2349	0.5982	0.0603	0.0043	0.5592	0.8293	0.668	0.6067	0.5078	0.0122	0.0009	0.5505	0.001	0.0	0.5292	0.0011	0.0
30perc_5repeat	0.8	0.2304	0.613	0.0456	0.0032	0.5774	0.7498	0.6524	0.6195	0.5142	0.009	0.0006	0.5523	0.0008	0.0	0.5158	0.0008	0.0
05_perc_10repeat	0.7	0.2299	0.637	0.034	0.0024	0.6068	0.719	0.6582	0.6399	0.5248	0.0121	0.0009	0.6247	0.0013	0.0	0.5694	0.0013	0.0
100perc_2repeat	0.8	0.2442	0.6285	0.0313	0.0022	0.5675	0.8733	0.6879	0.627	0.4911	0.003	0.0002	0.6091	0.0007	0.0	0.6279	0.0008	0.0
70perc_2repeat	0.8	0.2361	0.5988	0.0568	0.004	0.5501	0.8933	0.6809	0.6036	0.5023	0.0098	0.0007	0.5546	0.0009	0.0	0.5493	0.001	0.0
30perc_10repeat	0.7	0.2408	0.5782	0.0574	0.0041	0.5504	0.7848	0.647	0.5958	0.5123	0.0086	0.0006	0.5437	0.0009	0.0	0.5111	0.0008	0.0
70perc_5repeat	0.8	0.2573	0.5269	0.0536	0.0038	0.4997	0.9707	0.6598	0.5242	0.4956	0.0079	0.0006	0.5287	0.0007	0.0	0.5403	0.0007	0.0
30perc_2repeat	0.9	0.2193	0.6402	0.0601	0.0043	0.6125	0.7127	0.6588	0.6466	0.5157	0.0099	0.0007	0.5711	0.0009	0.0	0.5305	0.0009	0.0
80perc_2repeat	0.8	0.2372	0.6093	0.0484	0.0034	0.5542	0.9019	0.6866	0.6164	0.4982	0.0091	0.0006	0.5664	0.0008	0.0	0.5702	0.0009	0.0
50perc_10repeat	0.7	0.2599	0.4987	0.048	0.0034	0.487	0.9522	0.6444	0.4924	0.5032	0.0072	0.0005	0.5149	0.0006	0.0	0.5066	0.0006	0.0
15perc_2repeat	0.9	0.2138	0.6598	0.0586	0.0041	0.6386	0.6771	0.6573	0.6613	0.522	0.0085	0.0006	0.6029	0.0009	0.0	0.5514	0.0008	0.0
40perc_2repeat	0.9	0.2229	0.6307	0.0627	0.0044	0.5963	0.7571	0.6672	0.638	0.5124	0.0107	0.0008	0.5575	0.0009	0.0	0.5257	0.001	0.0
15perc_5repeat	0.8	0.22	0.6461	0.036	0.0025	0.6135	0.7045	0.6558	0.6462	0.5199	0.0089	0.0006	0.5914	0.001	0.0	0.5426	0.0009	0.0
100perc_10repeat	0.6	0.3308	0.5315	0.0212	0.0015	0.5024	0.9462	0.6563	0.531	0.4772	0.0144	0.001	0.5939	0.0014	0.0	0.6416	0.0018	0.0
50perc_2repeat	0.9	0.2267	0.6216	0.0667	0.0047	0.5861	0.7813	0.6697	0.6279	0.5107	0.012	0.0008	0.5527	0.001	0.0	0.5256	0.001	0.0
15perc_10repeat	0.7	0.2293	0.625	0.0385	0.0027	0.5959	0.7231	0.6534	0.6286	0.5201	0.0103	0.0007	0.5871	0.0011	0.0	0.5382	0.001	0.0
60perc_2repeat	0.9	0.2263	0.6172	0.0683	0.0048	0.5713	0.8553	0.685	0.6246	0.5057	0.0105	0.0007	0.549	0.0009	0.0	0.5354	0.0009	0.0
40perc_5repeat	0.7	0.2486	0.547	0.0586	0.0041	0.5247	0.8346	0.6443	0.5512	0.5091	0.01	0.0007	0.5338	0.001	0.0	0.5106	0.001	0.0
40perc_10repeat	0.7	0.252	0.5281	0.0597	0.0042	0.5084	0.8802	0.6445	0.5359	0.5067	0.0075	0.0005	0.524	0.0007	0.0	0.5051	0.0007	0.0
100perc_5repeat	0.8	0.2615	0.6074	0.0308	0.0022	0.5494	0.901	0.6826	0.6057	0.4823	0.0061	0.0004	0.5988	0.0008	0.0	0.6366	0.0009	0.0
15perc_5repeat	0.9	0.2134	0.6585	0.0563	0.004	0.6361	0.6815	0.658	0.659	0.5203	0.0071	0.0005	0.5922	0.0007	0.0	0.5429	0.0007	0.0
70perc_2repeat	0.9	0.2241	0.6281	0.0615	0.0043	0.5733	0.8812	0.6947	0.6315	0.5016	0.0082	0.0006	0.5546	0.0007	0.0	0.5498	0.0009	0.0
80perc_10repeat	0.6	0.3014	0.4969	0.0263	0.0019	0.4845	0.9872	0.65	0.4935	0.4876	0.0099	0.0007	0.5335	0.001	0.0	0.5641	0.0011	0.0
90perc_10repeat	0.6	0.3175	0.5143	0.0227	0.0016	0.4932	0.9696	0.6538	0.5144	0.4822	0.0124	0.0009	0.5578	0.0012	0.0	0.5987	0.0015	0.0
50perc_5repeat	0.8	0.2476	0.5405	0.0651	0.0046	0.5134	0.9119	0.657	0.5455	0.5044	0.0085	0.0006	0.5264	0.0007	0.0	0.514	0.0007	0.0
80perc_2repeat	0.9	0.2224	0.6399	0.0593	0.0042	0.5806	0.8865	0.7017	0.6456	0.4978	0.0079	0.0006	0.566	0.0007	0.0	0.5698	0.0008	0.0
40perc_10repeat	0.8	0.2488	0.5341	0.0608	0.0043	0.5096	0.8741	0.6439	0.5395	0.5066	0.0071	0.0005	0.524	0.0006	0.0	0.5049	0.0007	0.0
90perc_2repeat	0.9	0.2226	0.651	0.0561	0.004	0.5892	0.8777	0.7051	0.657	0.4946	0.0059	0.0004	0.584	0.0006	0.0	0.5964	0.0007	0.0
30perc_5repeat	0.9	0.2256	0.6255	0.0615	0.0043	0.5956	0.7487	0.6634	0.6289	0.5129	0.0088	0.0006	0.5528	0.0008	0.0	0.5183	0.0007	0.0
15perc_10repeat	0.8	0.2207	0.6434	0.0341	0.0024	0.6114	0.7075	0.656	0.6462	0.5196	0.0083	0.0006	0.5862	0.0009	0.0	0.5386	0.0008	0.0
60perc_5repeat	0.8	0.2553	0.52	0.06	0.0042	0.4977	0.9617	0.6559	0.5122	0.4998	0.0085	0.0006	0.5223	0.0008	0.0	0.5237	0.0007	0.0
05_perc_5repeat	0.9	0.2135	0.6659	0.0549	0.0039	0.6487	0.6669	0.6577	0.6646	0.5255	0.0066	0.0005	0.6275	0.0007	0.0	0.5704	0.0007	0.0
90perc_5repeat	0.7	0.2827	0.5497	0.0315	0.0022	0.5124	0.9508	0.6659	0.5524	0.4869	0.0081	0.0006	0.567	0.001	0.0	0.5975	0.0011	0.0
100perc_2repeat	0.9	0.2244	0.6586	0.0522	0.0037	0.5975	0.8595	0.705	0.6623	0.4908	0.0022	0.0002	0.6091	0.0004	0.0	0.6285	0.0005	0.0
80perc_10repeat	0.7	0.2883	0.5046	0.028	0.002	0.4875	0.9855	0.6523	0.5033	0.4874	0.0083	0.0006	0.5329	0.0008	0.0	0.5644	0.0009	0.0
40perc_5repeat	0.9	0.2349	0.5951	0.0717	0.0051	0.5598	0.8147	0.6636	0.6079	0.5098	0.0082	0.0006	0.5354	0.0007	0.0	0.5106	0.0008	0.0
70perc_10repeat	0.7	0.2763	0.4897	0.0319	0.0023	0.4803	0.9932	0.6475	0.4877	0.4933	0.0076	0.0005	0.5186	0.0007	0.0	0.5365	0.0007	0.0
60perc_10repeat	0.7	0.27	0.4836	0.0352	0.0025	0.4776	0.9918	0.6447	0.4785	0.4973	0.0067	0.0005	0.5116	0.0007	0.0	0.5188	0.0006	0.0
30perc_10repeat	0.8	0.2344	0.5988	0.049	0.0035	0.5626	0.7732	0.6513	0.6046	0.5125	0.0066	0.0005	0.5442	0.0007	0.0	0.5113	0.0007	0.0
100perc_5repeat	0.7	0.2909	0.5682	0.0243	0.0017	0.5237	0.9218	0.668	0.5692	0.482	0.0088	0.0006	0.5995	0.0011	0.0	0.6375	0.0012	0.0
60perc_5repeat	0.9	0.2462	0.5456	0.0776	0.0055	0.5156	0.9509	0.6686	0.5554	0.5001	0.008	0.0006	0.5239	0.0007	0.0	0.5239	0.0007	0.0
90perc_10repeat	0.7	0.2948	0.534	0.0272	0.0019	0.5031	0.9633	0.661	0.5323	0.4827	0.0094	0.0007	0.5584	0.001	0.0	0.5982	0.0011	0.0
50perc_5repeat	0.9	0.2411	0.5607	0.0743	0.0053	0.5269	0.9001	0.6647	0.5626	0.5053	0.0072	0.0005	0.5263	0.0006	0.0	0.513	0.0007	0.0
80perc_5repeat	0.8	0.2584	0.5515	0.0395	0.0028	0.5123	0.9596	0.668	0.5546	0.4914	0.0072	0.0005	0.5444	0.0007	0.0	0.5659	0.0007	0.0
50perc_10repeat	0.8	0.2599	0.4932	0.0521	0.0037	0.4831	0.9606	0.6429	0.488	0.5017	0.0066	0.0005	0.5133	0.0005	0.0	0.5082	0.0006	0.0
90perc_5repeat	0.8	0.26	0.5841	0.0345	0.0024	0.5323	0.9349	0.6784	0.5844	0.4866	0.0072	0.0005	0.5669	0.0007	0.0	0.5978	0.0009	0.0
70perc_5repeat	0.9	0.2468	0.5513	0.0735	0.0052	0.5172	0.9659	0.6737	0.562	0.4955	0.0076	0.0005	0.5291	0.0007	0.0	0.5407	0.0007	0.0
80perc_5repeat	0.9	0.2438	0.5832	0.057	0.004	0.5341	0.9541	0.6849	0.5872	0.4909	0.0067	0.0005	0.5434	0.0006	0.0	0.5666	0.0007	0.0
90perc_5repeat	0.9	0.2399	0.6225	0.053	0.0037	0.5613	0.9254	0.6987	0.6239	0.4863	0.0057	0.0004	0.566	0.0006	0.0	0.5982	0.0006	0.0
70perc_10repeat	0.8	0.2721	0.4892	0.0401	0.0028	0.4789	0.9932	0.6462	0.4893	0.492	0.0069	0.0005	0.5171	0.0006	0.0	0.5377	0.0006	0.0
80perc_10repeat	0.8	0.271	0.522	0.0349	0.0025	0.4953	0.9805	0.6581	0.5239	0.4881	0.0068	0.0005	0.5336	0.0007	0.0	0.5634	0.0007	0.0
100perc_10repeat	0.8	0.2706	0.5951	0.0307	0.0022	0.5403	0.9107	0.6782	0.5938	0.4782	0.0075	0.0005	0.594	0.0008	0.0	0.6404	0.001	0.0
05_perc_10repeat	0.8	0.2183	0.6556	0.0322	0.0023	0.6241	0.6982	0.6591	0.6554	0.5242	0.0087	0.0006	0.6238	0.001	0.0	0.5696	0.0009	0.0
100perc_5repeat	0.9	0.2374	0.6463	0.0522	0.0037	0.5827	0.8886	0.7038	0.6492	0.4816	0.0045	0.0003	0.5985	0.0005	0.0	0.6375	0.0006	0.0
90perc_10repeat	0.8	0.271	0.5645	0.0337	0.0024	0.5196	0.9493	0.6716	0.5646	0.4833	0.0066	0.0005	0.5591	0.0007	0.0	0.5984	0.0008	0.0
60perc_10repeat	0.8	0.2654	0.4851	0.0431	0.003	0.4773	0.9902	0.6441	0.4811	0.4975	0.0062	0.0004	0.5115	0.0006	0.0	0.518	0.0006	0.0
15perc_10repeat	0.9	0.2148	0.6549	0.0579	0.0041	0.6337	0.6794	0.6557	0.6505	0.5206	0.0069	0.0005	0.5879	0.0006	0.0	0.5385	0.0006	0.0
100perc_10repeat	0.7	0.3012	0.5584	0.0244	0.0017	0.5174	0.9301	0.665	0.5587	0.4778	0.0107	0.0008	0.5945	0.0012	0.0	0.6413	0.0013	0.0
50perc_10repeat	0.9	0.2559	0.5042	0.0741	0.0052	0.492	0.9598	0.6505	0.5046	0.5022	0.006	0.0004	0.5134	0.0006	0.0	0.5077	0.0005	0.0
30perc_10repeat	0.9	0.2288	0.6188	0.0642	0.0045	0.5866	0.7449	0.6563	0.6298	0.5132	0.0065	0.0005	0.5454	0.0006	0.0	0.5108	0.0006	0.0
40perc_10repeat	0.9	0.243	0.5561	0.0774	0.0055	0.5295	0.8689	0.658	0.5639	0.5078	0.0061	0.0004	0.5246	0.0005	0.0	0.5042	0.0005	0.0
70perc_10repeat	0.9	0.2591	0.5058	0.0649	0.0046	0.4902	0.9905	0.6558	0.5082	0.4931	0.0057	0.0004	0.5182	0.0005	0.0	0.5365	0.0006	0.0
05_perc_10repeat	0.9	0.2135	0.665	0.0558	0.0039	0.6473	0.6687	0.6578	0.6643	0.5251	0.0068	0.0005	0.6252	0.0007	0.0	0.5687	0.0006	0.0
60perc_10repeat	0.9	0.2594	0.4933	0.062	0.0044	0.4836	0.9935	0.6505	0.4928	0.4977	0.0057	0.0004	0.5113	0.0005	0.0	0.5184	0.0005	0.0
100perc_10repeat	0.9	0.2448	0.6377	0.0515	0.0036	0.5744	0.9012	0.7016	0.64	0.4774	0.0055	0.0004	0.5935	0.0006	0.0	0.6415	0.0006	0.0
80perc_10repeat	0.9	0.2554	0.5491	0.0575	0.0041	0.513	0.9751	0.6723	0.5495	0.488	0.006	0.0004	0.5338	0.0005	0.0	0.5642	0.0006	0.0
90perc_10repeat	0.9	0.2495	0.6021	0.0493	0.0035	0.5458	0.9416	0.6911	0.6049	0.4827	0.0057	0.0004	0.5584	0.0006	0.0	0.5988	0.0006	0.0
