Label	trainingSize	SquaredLoss_Mean	Accuracy_Mean	Accuracy_SD	Accuracy_SE	Precision_Mean	Recall_Mean	F1	Accuracy_Median	PriorClass0_Mean	PriorClass0_SD	PriorClass0_SE	ProbabilityEstimate_0given0_Mean 	ProbabilityEstimate_0given0_SD 	ProbabilityEstimate_0given0_SE 	ProbabilityEstimate_1given1_Mean	ProbabilityEstimate_1given1_SD	ProbabilityEstimate_1given1_SE


original	0.9	0.2459	0.6509	0.0641	0.0045	0.7719	0.3963	0.5237	0.6511	0.5277	0.0069	0.0005	0.6462	0.0007	0.0	0.5881	0.0006	0.0
original	0.8	0.2587	0.6339	0.0597	0.0042	0.7508	0.3537	0.4809	0.6351	0.5269	0.0101	0.0007	0.6469	0.001	0.0	0.5889	0.0009	0.0
original	0.35	0.3607	0.5418	0.0452	0.0032	0.5828	0.2017	0.2997	0.5333	0.5295	0.0269	0.0019	0.6455	0.003	0.0	0.5805	0.0033	0.0
original	0.7	0.2759	0.613	0.0531	0.0038	0.7531	0.2959	0.4249	0.6142	0.5269	0.0121	0.0009	0.6463	0.0014	0.0	0.5884	0.0014	0.0
original	0.6	0.2942	0.5953	0.0589	0.0042	0.7372	0.2609	0.3854	0.5889	0.5272	0.0159	0.0011	0.6465	0.0016	0.0	0.5876	0.0018	0.0
original	0.5	0.3216	0.5732	0.0562	0.004	0.7126	0.1906	0.3008	0.5631	0.5295	0.0187	0.0013	0.6463	0.0021	0.0	0.5832	0.0023	0.0
original	0.45	0.3295	0.5682	0.0561	0.004	0.6811	0.2086	0.3194	0.5557	0.5275	0.0213	0.0015	0.6465	0.0023	0.0	0.5854	0.0026	0.0
original	0.4	0.337	0.557	0.0561	0.004	0.6364	0.2581	0.3673	0.5473	0.5233	0.0255	0.0018	0.6376	0.0026	0.0	0.5868	0.003	0.0
original	0.3	0.3801	0.5322	0.0371	0.0026	0.5541	0.1763	0.2674	0.5265	0.5327	0.0296	0.0021	0.649	0.0033	0.0	0.5755	0.0039	0.0
original	0.25	0.3822	0.5264	0.0395	0.0028	0.5296	0.2607	0.3494	0.5263	0.5269	0.0335	0.0024	0.6398	0.0044	0.0	0.583	0.0042	0.0
original	0.2	0.3995	0.5167	0.0338	0.0024	0.4904	0.2658	0.3448	0.522	0.5279	0.0406	0.0029	0.6398	0.0052	0.0	0.5834	0.005	0.0
original	0.1	0.4193	0.5044	0.0278	0.002	0.3773	0.3559	0.3663	0.5214	0.5306	0.0561	0.004	0.6258	0.0092	0.0	0.571	0.0089	0.0
original	0.05	0.42	0.5007	0.0268	0.0019	0.3378	0.4233	0.3758	0.5178	0.5252	0.0885	0.0063	0.5747	0.0141	0.0	0.5387	0.0138	0.0

05_perc_2repeat	0.2	0.3928	0.5147	0.0334	0.0024	0.4758	0.2998	0.3678	0.5225	0.5214	0.0402	0.0028	0.6194	0.005	0.0	0.5713	0.0047	0.0
05_perc_5repeat	0.2	0.3886	0.5162	0.0342	0.0024	0.4729	0.2869	0.3571	0.5241	0.5217	0.0386	0.0027	0.6169	0.0047	0.0	0.5665	0.0044	0.0
30perc_5repeat	0.2	0.3191	0.5152	0.0364	0.0026	0.429	0.3337	0.3754	0.5219	0.5107	0.0246	0.0017	0.5467	0.003	0.0	0.5163	0.0032	0.0
15perc_5repeat	0.2	0.3592	0.5165	0.0353	0.0025	0.4616	0.3044	0.3669	0.5235	0.5169	0.0338	0.0024	0.584	0.0039	0.0	0.5419	0.0037	0.0
40perc_2repeat	0.2	0.3314	0.5107	0.0373	0.0026	0.4082	0.3891	0.3984	0.5195	0.51	0.0283	0.002	0.5513	0.0034	0.0	0.5249	0.0033	0.0
70perc_2repeat	0.1	0.3527	0.5008	0.0302	0.0021	0.4486	0.5066	0.4758	0.4966	0.5023	0.0277	0.002	0.5473	0.0052	0.0	0.5475	0.0054	0.0
50perc_2repeat	0.2	0.3143	0.5184	0.037	0.0026	0.4537	0.3551	0.3984	0.5241	0.5085	0.023	0.0016	0.547	0.0031	0.0	0.5238	0.0029	0.0
100perc_2repeat	0.1	0.3932	0.5012	0.0306	0.0022	0.5196	0.582	0.5491	0.4853	0.4917	0.0198	0.0014	0.6096	0.0079	0.0	0.6235	0.008	0.0
30perc_2repeat	0.2	0.3436	0.5191	0.0381	0.0027	0.4164	0.2932	0.3441	0.5232	0.5172	0.0325	0.0023	0.5677	0.004	0.0	0.5251	0.0036	0.0
60perc_2repeat	0.1	0.349	0.5015	0.0299	0.0021	0.3819	0.4599	0.4173	0.5142	0.5064	0.0327	0.0023	0.5353	0.0056	0.0	0.5231	0.0055	0.0
05_perc_10repeat	0.2	0.3879	0.516	0.0356	0.0025	0.4967	0.2928	0.3685	0.5233	0.5204	0.0379	0.0027	0.6143	0.0047	0.0	0.5689	0.0042	0.0
100perc_5repeat	0.1	0.4161	0.5005	0.0303	0.0021	0.4797	0.5891	0.5288	0.4852	0.4834	0.0395	0.0028	0.5961	0.009	0.0	0.626	0.0088	0.0
15perc_5repeat	0.1	0.3988	0.5036	0.0293	0.0021	0.3517	0.3766	0.3637	0.5185	0.5195	0.0458	0.0032	0.5761	0.0077	0.0	0.5321	0.0081	0.0
15perc_10repeat	0.2	0.3549	0.52	0.036	0.0025	0.44	0.2703	0.3349	0.5242	0.5183	0.0299	0.0021	0.5818	0.0035	0.0	0.5378	0.0036	0.0
60perc_5repeat	0.1	0.3195	0.5043	0.0301	0.0021	0.4567	0.4682	0.4624	0.5172	0.5023	0.0225	0.0016	0.5219	0.0044	0.0	0.5218	0.0039	0.0
40perc_5repeat	0.2	0.301	0.5141	0.0402	0.0028	0.4212	0.3945	0.4074	0.521	0.5067	0.0226	0.0016	0.53	0.0026	0.0	0.5122	0.0027	0.0
70perc_2repeat	0.05	0.3835	0.5006	0.0271	0.0019	0.3925	0.4574	0.4225	0.508	0.5059	0.0436	0.0031	0.5427	0.0105	0.0	0.5319	0.0106	0.0
80perc_5repeat	0.05	0.3918	0.4951	0.026	0.0018	0.4384	0.5905	0.5032	0.4801	0.4917	0.0369	0.0026	0.5286	0.0095	0.0	0.5568	0.0108	0.0
05_perc_5repeat	0.05	0.4298	0.5028	0.0261	0.0018	0.2935	0.3949	0.3367	0.5189	0.5278	0.0835	0.0059	0.577	0.0195	0.0	0.4733	0.0195	0.0
50perc_10repeat	0.1	0.3047	0.4993	0.0308	0.0022	0.4302	0.5	0.4625	0.4952	0.502	0.0198	0.0014	0.5121	0.0034	0.0	0.5092	0.0032	0.0
80perc_2repeat	0.05	0.3898	0.4952	0.0254	0.0018	0.4313	0.5649	0.4892	0.4827	0.4979	0.0314	0.0022	0.5524	0.0107	0.0	0.5705	0.0103	0.0
60perc_2repeat	0.2	0.3146	0.5156	0.0393	0.0028	0.4881	0.3974	0.4381	0.5209	0.5046	0.023	0.0016	0.5465	0.003	0.0	0.53	0.0029	0.0
70perc_5repeat	0.05	0.3656	0.501	0.0266	0.0019	0.4165	0.4886	0.4497	0.5061	0.4963	0.0316	0.0022	0.5193	0.0077	0.0	0.5196	0.009	0.0
30perc_10repeat	0.05	0.3957	0.5022	0.0273	0.0019	0.2914	0.4177	0.3433	0.5181	0.5116	0.0454	0.0032	0.5301	0.01	0.0	0.4766	0.0111	0.0
40perc_2repeat	0.1	0.3736	0.501	0.0298	0.0021	0.3702	0.4477	0.4053	0.5149	0.5103	0.0426	0.003	0.5423	0.0064	0.0	0.5184	0.0069	0.0
15perc_2repeat	0.1	0.4062	0.503	0.0284	0.002	0.3304	0.3879	0.3569	0.5179	0.5191	0.0517	0.0037	0.5749	0.0085	0.0	0.529	0.0092	0.0
90perc_2repeat	0.1	0.3744	0.5034	0.0305	0.0022	0.5114	0.53	0.5205	0.4931	0.4965	0.0225	0.0016	0.5874	0.0065	0.0	0.5943	0.0067	0.0
80perc_10repeat	0.05	0.3902	0.4952	0.0269	0.0019	0.4309	0.6058	0.5036	0.4788	0.4881	0.0426	0.003	0.4993	0.0089	0.0	0.5514	0.0098	0.0
40perc_5repeat	0.1	0.3431	0.5001	0.0312	0.0022	0.3764	0.4613	0.4146	0.5121	0.5072	0.0293	0.0021	0.5234	0.005	0.0	0.5129	0.0047	0.0
40perc_10repeat	0.2	0.2817	0.5114	0.0371	0.0026	0.435	0.3837	0.4077	0.5202	0.506	0.0171	0.0012	0.5197	0.002	0.0	0.5038	0.002	0.0
50perc_5repeat	0.1	0.3263	0.501	0.0307	0.0022	0.3957	0.4377	0.4156	0.5163	0.5044	0.025	0.0018	0.518	0.0045	0.0	0.5054	0.0044	0.0
50perc_2repeat	0.1	0.3616	0.5033	0.0305	0.0022	0.3882	0.4221	0.4044	0.5179	0.5077	0.0353	0.0025	0.5446	0.0059	0.0	0.5291	0.0059	0.0
05_perc_5repeat	0.1	0.4202	0.503	0.0286	0.002	0.3488	0.3961	0.371	0.5179	0.5238	0.0545	0.0039	0.6066	0.0088	0.0	0.5554	0.0099	0.0
50perc_5repeat	0.2	0.2924	0.5116	0.0367	0.0026	0.4514	0.4016	0.425	0.5219	0.504	0.0194	0.0014	0.5253	0.0024	0.0	0.5094	0.0023	0.0
90perc_5repeat	0.1	0.3874	0.4999	0.0299	0.0021	0.4654	0.5938	0.5218	0.4839	0.4878	0.0331	0.0023	0.5613	0.0066	0.0	0.5846	0.007	0.0
30perc_2repeat	0.05	0.3979	0.5025	0.0268	0.0019	0.3134	0.4055	0.3535	0.5178	0.5155	0.0636	0.0045	0.5408	0.0121	0.0	0.4715	0.0134	0.0
100perc_2repeat	0.05	0.409	0.496	0.0241	0.0017	0.481	0.5916	0.5306	0.4863	0.4902	0.029	0.0021	0.5898	0.0144	0.0	0.6106	0.015	0.0
40perc_2repeat	0.05	0.397	0.501	0.0267	0.0019	0.3235	0.4312	0.3697	0.5161	0.509	0.0591	0.0042	0.528	0.0127	0.0	0.4834	0.0126	0.0
50perc_2repeat	0.05	0.3887	0.4984	0.027	0.0019	0.3449	0.4491	0.3902	0.5002	0.5051	0.0499	0.0035	0.526	0.0108	0.0	0.5067	0.0109	0.0
100perc_10repeat	0.1	0.4235	0.5003	0.03	0.0021	0.4704	0.5915	0.524	0.4841	0.4796	0.0485	0.0034	0.5869	0.0099	0.0	0.6257	0.0094	0.0
30perc_10repeat	0.1	0.3552	0.5006	0.0303	0.0021	0.3507	0.436	0.3887	0.5157	0.5108	0.0321	0.0023	0.5319	0.005	0.0	0.5084	0.0051	0.0
05_perc_2repeat	0.05	0.4242	0.5044	0.0257	0.0018	0.2906	0.3656	0.3238	0.52	0.5285	0.0846	0.006	0.5861	0.0174	0.0	0.4798	0.0183	0.0
40perc_5repeat	0.05	0.3693	0.5053	0.026	0.0018	0.3003	0.354	0.3249	0.5212	0.512	0.0445	0.0031	0.5224	0.0088	0.0	0.4687	0.0089	0.0
80perc_10repeat	0.1	0.3643	0.5006	0.0296	0.0021	0.4569	0.5875	0.514	0.4838	0.4906	0.0302	0.0021	0.5291	0.005	0.0	0.5527	0.0053	0.0
60perc_10repeat	0.1	0.2994	0.4999	0.0305	0.0022	0.4496	0.5484	0.4941	0.4864	0.4997	0.0171	0.0012	0.5072	0.0032	0.0	0.5119	0.0034	0.0
70perc_10repeat	0.1	0.3254	0.5018	0.031	0.0022	0.4519	0.5496	0.496	0.4856	0.4942	0.0248	0.0018	0.5154	0.0039	0.0	0.5252	0.0038	0.0
30perc_5repeat	0.05	0.3966	0.5032	0.0265	0.0019	0.2702	0.3992	0.3222	0.5195	0.5173	0.0576	0.0041	0.5313	0.0113	0.0	0.4763	0.0108	0.0
60perc_5repeat	0.05	0.3525	0.5023	0.027	0.0019	0.395	0.4472	0.4195	0.5147	0.5012	0.0312	0.0022	0.5157	0.0079	0.0	0.502	0.0079	0.0
100perc_5repeat	0.05	0.4302	0.4963	0.0249	0.0018	0.4475	0.6039	0.5141	0.4836	0.4803	0.058	0.0041	0.5633	0.0169	0.0	0.6122	0.0177	0.0
15perc_5repeat	0.05	0.42	0.5039	0.0262	0.0019	0.2867	0.3677	0.3222	0.5212	0.5254	0.0709	0.005	0.5607	0.0156	0.0	0.4618	0.0159	0.0
15perc_10repeat	0.1	0.397	0.5027	0.0287	0.002	0.3447	0.3937	0.3676	0.5179	0.5196	0.0445	0.0031	0.5729	0.0071	0.0	0.5271	0.0077	0.0
100perc_10repeat	0.05	0.4377	0.4961	0.0253	0.0018	0.4405	0.6059	0.5102	0.4824	0.4759	0.0712	0.005	0.5377	0.019	0.0	0.6069	0.0196	0.0
70perc_10repeat	0.05	0.3564	0.4968	0.027	0.0019	0.424	0.5651	0.4845	0.4802	0.4933	0.032	0.0023	0.4841	0.0073	0.0	0.5146	0.0073	0.0
05_perc_10repeat	0.05	0.4327	0.5021	0.0259	0.0018	0.293	0.4031	0.3393	0.5174	0.5278	0.0828	0.0059	0.5798	0.0198	0.0	0.4678	0.0208	0.0
15perc_10repeat	0.05	0.418	0.5028	0.0274	0.0019	0.2686	0.3935	0.3193	0.5212	0.5203	0.0679	0.0048	0.5632	0.0153	0.0	0.4645	0.0161	0.0
60perc_10repeat	0.05	0.3373	0.4999	0.028	0.002	0.4012	0.5101	0.4492	0.49	0.4975	0.0268	0.0019	0.5056	0.0062	0.0	0.5047	0.0064	0.0
50perc_10repeat	0.05	0.3373	0.5008	0.0279	0.002	0.4076	0.4612	0.4328	0.5122	0.5033	0.0283	0.002	0.5088	0.0068	0.0	0.504	0.0068	0.0
50perc_10repeat	0.2	0.2761	0.5065	0.0354	0.0025	0.4748	0.4465	0.4602	0.5157	0.5018	0.0127	0.0009	0.5123	0.0019	0.0	0.5059	0.0017	0.0
40perc_10repeat	0.1	0.319	0.503	0.0308	0.0022	0.3864	0.4148	0.4001	0.5179	0.5056	0.0245	0.0017	0.5157	0.0039	0.0	0.5035	0.0037	0.0
80perc_5repeat	0.1	0.3556	0.5021	0.0305	0.0022	0.4852	0.5652	0.5221	0.4871	0.4924	0.0247	0.0017	0.5391	0.0052	0.0	0.556	0.0055	0.0
15perc_2repeat	0.2	0.3699	0.5182	0.0375	0.0027	0.4165	0.3119	0.3567	0.5222	0.5193	0.0368	0.0026	0.5946	0.0046	0.0	0.5459	0.0042	0.0
80perc_2repeat	0.1	0.3652	0.5007	0.0288	0.002	0.4821	0.5356	0.5075	0.4884	0.4981	0.0269	0.0019	0.5609	0.0056	0.0	0.5628	0.0059	0.0
30perc_10repeat	0.2	0.3105	0.5128	0.0354	0.0025	0.403	0.3257	0.3603	0.5209	0.5092	0.0228	0.0016	0.5361	0.0027	0.0	0.5097	0.0027	0.0
70perc_5repeat	0.1	0.3344	0.4997	0.0309	0.0022	0.4639	0.5478	0.5024	0.4839	0.496	0.0246	0.0017	0.5265	0.0044	0.0	0.5376	0.0043	0.0
30perc_2repeat	0.1	0.3921	0.5031	0.0289	0.002	0.3445	0.4069	0.3731	0.5179	0.517	0.0454	0.0032	0.5645	0.0074	0.0	0.5215	0.0077	0.0
30perc_5repeat	0.1	0.3608	0.5018	0.0294	0.0021	0.3367	0.4098	0.3697	0.5179	0.5129	0.0351	0.0025	0.5355	0.0057	0.0	0.5056	0.0057	0.0
05_perc_2repeat	0.1	0.4194	0.5041	0.0282	0.002	0.3462	0.3815	0.363	0.5193	0.5212	0.0567	0.004	0.6043	0.0092	0.0	0.558	0.0103	0.0
90perc_10repeat	0.1	0.3992	0.5011	0.029	0.0021	0.464	0.5705	0.5117	0.4844	0.4851	0.0402	0.0028	0.5544	0.0069	0.0	0.5824	0.007	0.0
90perc_5repeat	0.05	0.4024	0.4959	0.0264	0.0019	0.4337	0.601	0.5038	0.4804	0.487	0.044	0.0031	0.5291	0.0116	0.0	0.5645	0.013	0.0
90perc_2repeat	0.05	0.393	0.4965	0.0246	0.0017	0.4607	0.5495	0.5012	0.4851	0.4961	0.0308	0.0022	0.5539	0.0126	0.0	0.5623	0.0135	0.0
60perc_2repeat	0.05	0.3759	0.5018	0.0266	0.0019	0.3678	0.406	0.386	0.5168	0.5038	0.044	0.0031	0.5388	0.0099	0.0	0.5028	0.0102	0.0
05_perc_10repeat	0.1	0.4187	0.5044	0.0289	0.002	0.3443	0.3773	0.3601	0.5197	0.5234	0.0549	0.0039	0.605	0.009	0.0	0.5531	0.0102	0.0
15perc_2repeat	0.05	0.4283	0.5012	0.0265	0.0019	0.2853	0.4202	0.3398	0.5175	0.5247	0.0785	0.0056	0.5639	0.0162	0.0	0.4813	0.0163	0.0
90perc_10repeat	0.05	0.4173	0.497	0.0265	0.0019	0.4211	0.5769	0.4869	0.4816	0.485	0.0537	0.0038	0.5093	0.0127	0.0	0.5699	0.0134	0.0
40perc_10repeat	0.05	0.355	0.5008	0.0269	0.0019	0.3215	0.4106	0.3606	0.5146	0.5102	0.0337	0.0024	0.5119	0.0078	0.0	0.4802	0.0074	0.0
50perc_5repeat	0.05	0.362	0.5039	0.0275	0.0019	0.3584	0.3827	0.3701	0.5201	0.5089	0.0356	0.0025	0.519	0.0086	0.0	0.4827	0.0093	0.0
60perc_5repeat	0.2	0.2826	0.5107	0.0378	0.0027	0.5072	0.5356	0.521	0.5158	0.4983	0.0156	0.0011	0.5207	0.0021	0.0	0.5237	0.0021	0.0
70perc_2repeat	0.2	0.3115	0.5191	0.0422	0.003	0.5282	0.4231	0.4699	0.5246	0.5014	0.0191	0.0013	0.5544	0.0029	0.0	0.5452	0.0028	0.0
05_perc_2repeat	0.25	0.3804	0.523	0.0381	0.0027	0.5129	0.2634	0.348	0.5268	0.5236	0.0323	0.0023	0.6271	0.004	0.0	0.5732	0.0042	0.0
80perc_2repeat	0.2	0.3206	0.518	0.0415	0.0029	0.5526	0.5559	0.5543	0.5219	0.4984	0.0179	0.0013	0.5628	0.0028	0.0	0.5681	0.0031	0.0
70perc_5repeat	0.2	0.2969	0.5127	0.0425	0.003	0.5121	0.628	0.5642	0.4996	0.4953	0.0171	0.0012	0.5278	0.0022	0.0	0.5397	0.0025	0.0
100perc_2repeat	0.2	0.3625	0.5181	0.0412	0.0029	0.545	0.7067	0.6154	0.5001	0.4923	0.0136	0.001	0.6083	0.0034	0.0	0.6242	0.0038	0.0
30perc_2repeat	0.25	0.3369	0.5199	0.0442	0.0031	0.4247	0.3786	0.4003	0.5226	0.5122	0.0268	0.0019	0.5673	0.0032	0.0	0.535	0.0034	0.0
15perc_2repeat	0.25	0.3633	0.5218	0.0393	0.0028	0.4581	0.2879	0.3536	0.5229	0.5203	0.0286	0.002	0.6013	0.0035	0.0	0.552	0.0039	0.0
40perc_2repeat	0.25	0.319	0.5197	0.0406	0.0029	0.4494	0.3256	0.3776	0.5248	0.5133	0.0221	0.0016	0.5527	0.0028	0.0	0.5235	0.0029	0.0
90perc_5repeat	0.2	0.3583	0.5104	0.0407	0.0029	0.5307	0.6772	0.5951	0.4908	0.4888	0.0231	0.0016	0.5657	0.003	0.0	0.5906	0.0035	0.0
60perc_10repeat	0.2	0.2735	0.5076	0.0385	0.0027	0.4981	0.5818	0.5367	0.4971	0.4969	0.0139	0.001	0.5089	0.0015	0.0	0.5162	0.0016	0.0
100perc_5repeat	0.2	0.393	0.5077	0.041	0.0029	0.5274	0.7183	0.6082	0.4879	0.4846	0.0273	0.0019	0.598	0.0038	0.0	0.6305	0.0044	0.0
15perc_5repeat	0.25	0.3531	0.5218	0.038	0.0027	0.453	0.2752	0.3424	0.5247	0.5184	0.0269	0.0019	0.588	0.0032	0.0	0.5418	0.0036	0.0
90perc_2repeat	0.2	0.3375	0.5221	0.0447	0.0032	0.5603	0.6223	0.5897	0.5112	0.4948	0.0137	0.001	0.5873	0.0031	0.0	0.5967	0.0033	0.0
50perc_5repeat	0.25	0.2763	0.5222	0.0378	0.0027	0.4793	0.408	0.4408	0.5239	0.5044	0.0142	0.001	0.5238	0.0018	0.0	0.5115	0.002	0.0
50perc_2repeat	0.25	0.3112	0.5208	0.0441	0.0031	0.4772	0.3701	0.4169	0.5234	0.5078	0.0239	0.0017	0.5492	0.0027	0.0	0.5263	0.0028	0.0
80perc_10repeat	0.2	0.3307	0.5093	0.0442	0.0031	0.5104	0.7153	0.5957	0.4879	0.4872	0.0214	0.0015	0.5314	0.0026	0.0	0.5636	0.0027	0.0
90perc_10repeat	0.2	0.3623	0.5065	0.0402	0.0028	0.5091	0.7068	0.5919	0.4876	0.4866	0.0269	0.0019	0.5571	0.0032	0.0	0.5902	0.0037	0.0
80perc_5repeat	0.2	0.3191	0.515	0.0423	0.003	0.5214	0.6486	0.5781	0.4967	0.4939	0.0201	0.0014	0.5414	0.0026	0.0	0.5583	0.003	0.0
05_perc_5repeat	0.25	0.379	0.5222	0.0372	0.0026	0.5036	0.273	0.3541	0.5247	0.5229	0.032	0.0023	0.6237	0.0038	0.0	0.5707	0.0043	0.0
05_perc_2repeat	0.3	0.3624	0.536	0.0448	0.0032	0.5324	0.2299	0.3211	0.5286	0.5252	0.0283	0.002	0.627	0.0031	0.0	0.5681	0.0036	0.0
60perc_2repeat	0.25	0.2957	0.5267	0.0431	0.003	0.5342	0.4	0.4574	0.529	0.5043	0.02	0.0014	0.5481	0.0024	0.0	0.535	0.0025	0.0
70perc_2repeat	0.25	0.2894	0.5362	0.0474	0.0034	0.5736	0.4485	0.5034	0.5335	0.5036	0.0175	0.0012	0.555	0.0023	0.0	0.5464	0.0021	0.0
15perc_2repeat	0.3	0.3423	0.536	0.048	0.0034	0.4981	0.2497	0.3326	0.5278	0.5214	0.0276	0.002	0.5987	0.003	0.0	0.5457	0.0032	0.0
100perc_10repeat	0.2	0.4019	0.5056	0.0403	0.0028	0.519	0.7198	0.6031	0.4867	0.4811	0.0335	0.0024	0.5926	0.0042	0.0	0.6329	0.0047	0.0
30perc_2repeat	0.3	0.3175	0.5309	0.046	0.0033	0.4637	0.3095	0.3712	0.5255	0.5152	0.0244	0.0017	0.5677	0.0027	0.0	0.5293	0.0028	0.0
40perc_2repeat	0.3	0.3078	0.5263	0.0438	0.0031	0.4572	0.3005	0.3626	0.5247	0.5149	0.022	0.0016	0.5565	0.0025	0.0	0.5212	0.0024	0.0
05_perc_10repeat	0.25	0.3769	0.5234	0.0384	0.0027	0.5015	0.2655	0.3472	0.5249	0.523	0.031	0.0022	0.6217	0.0038	0.0	0.5679	0.0042	0.0
80perc_2repeat	0.25	0.3074	0.5334	0.0513	0.0036	0.57	0.5818	0.5758	0.5293	0.4969	0.0151	0.0011	0.5644	0.0024	0.0	0.572	0.0027	0.0
15perc_10repeat	0.25	0.3463	0.5241	0.0393	0.0028	0.4476	0.2839	0.3474	0.5247	0.5193	0.0267	0.0019	0.5849	0.0032	0.0	0.5371	0.0034	0.0
90perc_2repeat	0.25	0.3124	0.5415	0.0522	0.0037	0.582	0.6314	0.6057	0.5326	0.4954	0.0127	0.0009	0.5835	0.0027	0.0	0.5935	0.0029	0.0
50perc_2repeat	0.3	0.2952	0.5277	0.0415	0.0029	0.5081	0.3079	0.3834	0.5253	0.5093	0.0199	0.0014	0.5495	0.0022	0.0	0.5235	0.0023	0.0
100perc_2repeat	0.25	0.3421	0.5354	0.0515	0.0036	0.5616	0.714	0.6287	0.5115	0.4918	0.0111	0.0008	0.6105	0.0031	0.0	0.628	0.0032	0.0
40perc_5repeat	0.25	0.2942	0.516	0.0394	0.0028	0.4445	0.3821	0.411	0.5225	0.5075	0.0201	0.0014	0.5314	0.0024	0.0	0.513	0.0023	0.0
70perc_10repeat	0.2	0.2894	0.5066	0.0378	0.0027	0.4977	0.6764	0.5734	0.4895	0.4938	0.0161	0.0011	0.5136	0.0019	0.0	0.5311	0.002	0.0
30perc_10repeat	0.25	0.3021	0.5209	0.0387	0.0027	0.4379	0.3059	0.3602	0.524	0.5107	0.0188	0.0013	0.5427	0.0022	0.0	0.5118	0.0023	0.0
60perc_5repeat	0.25	0.2712	0.5236	0.0446	0.0032	0.5119	0.5098	0.5108	0.525	0.4999	0.0131	0.0009	0.5247	0.0018	0.0	0.5214	0.0019	0.0
05_perc_5repeat	0.3	0.3622	0.5356	0.0463	0.0033	0.5338	0.2205	0.312	0.5277	0.5246	0.0289	0.002	0.6245	0.0031	0.0	0.5652	0.0035	0.0
15perc_5repeat	0.3	0.3364	0.5331	0.0435	0.0031	0.487	0.2347	0.3167	0.5278	0.5207	0.0247	0.0017	0.5918	0.0027	0.0	0.539	0.003	0.0
30perc_5repeat	0.3	0.2959	0.5339	0.0444	0.0031	0.4714	0.2735	0.3461	0.5258	0.5128	0.0194	0.0014	0.5506	0.0021	0.0	0.5158	0.0022	0.0
80perc_5repeat	0.25	0.3098	0.5226	0.0485	0.0034	0.5431	0.6845	0.6057	0.5055	0.4922	0.0163	0.0012	0.5435	0.0023	0.0	0.5644	0.0024	0.0
40perc_5repeat	0.3	0.2797	0.5282	0.0437	0.0031	0.4779	0.329	0.3897	0.5252	0.5085	0.0157	0.0011	0.533	0.0018	0.0	0.5113	0.0019	0.0
90perc_5repeat	0.25	0.3449	0.5158	0.0456	0.0032	0.5471	0.7167	0.6205	0.4954	0.4884	0.0189	0.0013	0.5663	0.0028	0.0	0.5947	0.0029	0.0
100perc_5repeat	0.25	0.3795	0.5146	0.0459	0.0032	0.5419	0.7401	0.6257	0.4929	0.4835	0.0222	0.0016	0.5995	0.0036	0.0	0.6351	0.0036	0.0
30perc_5repeat	0.25	0.3121	0.524	0.0394	0.0028	0.4436	0.285	0.3471	0.5248	0.5127	0.021	0.0015	0.5533	0.0026	0.0	0.5168	0.0026	0.0
40perc_10repeat	0.25	0.2772	0.5138	0.0358	0.0025	0.4523	0.3799	0.413	0.5228	0.5062	0.0151	0.0011	0.5216	0.0018	0.0	0.504	0.0017	0.0
50perc_10repeat	0.25	0.2648	0.5136	0.0369	0.0026	0.4978	0.4531	0.4744	0.5218	0.5017	0.0115	0.0008	0.5133	0.0014	0.0	0.5079	0.0014	0.0
70perc_5repeat	0.25	0.2789	0.5258	0.0505	0.0036	0.5375	0.6375	0.5832	0.5254	0.496	0.0153	0.0011	0.5268	0.0017	0.0	0.5384	0.002	0.0
60perc_10repeat	0.25	0.2663	0.5107	0.0425	0.003	0.5031	0.619	0.555	0.5018	0.4971	0.0118	0.0008	0.5103	0.0014	0.0	0.5173	0.0015	0.0
70perc_10repeat	0.25	0.2804	0.5145	0.0442	0.0031	0.5226	0.7046	0.6001	0.4973	0.4943	0.0127	0.0009	0.5199	0.0017	0.0	0.5356	0.0017	0.0
15perc_10repeat	0.3	0.3279	0.5389	0.0457	0.0032	0.4854	0.2084	0.2916	0.5286	0.52	0.023	0.0016	0.5869	0.0024	0.0	0.5351	0.0027	0.0
05_perc_10repeat	0.3	0.3589	0.5371	0.0462	0.0033	0.54	0.2185	0.3111	0.5283	0.5253	0.0277	0.002	0.6234	0.003	0.0	0.5639	0.0034	0.0
90perc_10repeat	0.25	0.3566	0.512	0.0468	0.0033	0.5417	0.7414	0.626	0.4882	0.4844	0.0222	0.0016	0.5591	0.0031	0.0	0.5969	0.003	0.0
100perc_10repeat	0.25	0.3908	0.5098	0.043	0.003	0.5394	0.7449	0.6257	0.4889	0.4798	0.0273	0.0019	0.5937	0.004	0.0	0.638	0.0038	0.0
80perc_10repeat	0.25	0.314	0.5191	0.0502	0.0036	0.5267	0.696	0.5996	0.4945	0.4889	0.0174	0.0012	0.5319	0.0023	0.0	0.5593	0.0025	0.0
40perc_10repeat	0.3	0.2737	0.5206	0.0351	0.0025	0.4604	0.305	0.367	0.5231	0.5065	0.0139	0.001	0.5247	0.0015	0.0	0.5027	0.0016	0.0
50perc_5repeat	0.3	0.2684	0.5251	0.0432	0.0031	0.5084	0.3851	0.4382	0.5258	0.5042	0.0146	0.001	0.524	0.0016	0.0	0.5119	0.0017	0.0
30perc_10repeat	0.3	0.2888	0.5295	0.0397	0.0028	0.4587	0.2457	0.32	0.5257	0.5124	0.0174	0.0012	0.5437	0.0018	0.0	0.5094	0.0019	0.0
60perc_2repeat	0.3	0.2862	0.5338	0.049	0.0035	0.5569	0.3984	0.4645	0.5295	0.505	0.0176	0.0012	0.5484	0.0019	0.0	0.535	0.0021	0.0
50perc_10repeat	0.3	0.2634	0.5172	0.0417	0.003	0.4972	0.4479	0.4713	0.5197	0.5009	0.0122	0.0009	0.5122	0.0013	0.0	0.5054	0.0014	0.0
60perc_5repeat	0.3	0.2665	0.5255	0.0464	0.0033	0.5425	0.5377	0.5401	0.5267	0.4998	0.0133	0.0009	0.5212	0.0016	0.0	0.5244	0.0015	0.0
80perc_2repeat	0.3	0.2747	0.565	0.0567	0.004	0.6148	0.5369	0.5732	0.5636	0.4998	0.0128	0.0009	0.5642	0.0018	0.0	0.5667	0.0023	0.0
70perc_2repeat	0.3	0.2822	0.5456	0.0519	0.0037	0.5571	0.4788	0.515	0.5365	0.5022	0.0165	0.0012	0.555	0.002	0.0	0.5471	0.0022	0.0
15perc_2repeat	0.35	0.3342	0.5407	0.0496	0.0035	0.548	0.2482	0.3417	0.5296	0.5216	0.0239	0.0017	0.6006	0.0028	0.0	0.5487	0.0028	0.0
05_perc_2repeat	0.35	0.352	0.5419	0.0446	0.0032	0.6021	0.2276	0.3304	0.5326	0.5252	0.0246	0.0017	0.6295	0.0029	0.0	0.5723	0.0029	0.0
90perc_2repeat	0.3	0.2926	0.5558	0.0558	0.0039	0.5792	0.679	0.6251	0.5468	0.495	0.0122	0.0009	0.5803	0.0021	0.0	0.592	0.0024	0.0
100perc_2repeat	0.3	0.3152	0.5554	0.06	0.0042	0.5564	0.7822	0.6502	0.5301	0.4908	0.01	0.0007	0.6073	0.0026	0.0	0.6273	0.0026	0.0
70perc_5repeat	0.3	0.2721	0.5347	0.053	0.0037	0.5539	0.6492	0.5978	0.5306	0.4952	0.0131	0.0009	0.5301	0.0017	0.0	0.542	0.0018	0.0
80perc_5repeat	0.3	0.2946	0.53	0.0568	0.004	0.547	0.7352	0.6273	0.5063	0.4905	0.014	0.001	0.5405	0.0018	0.0	0.5632	0.0019	0.0
30perc_2repeat	0.35	0.3075	0.538	0.0439	0.0031	0.5241	0.2298	0.3195	0.5313	0.517	0.0199	0.0014	0.5703	0.0022	0.0	0.5296	0.0022	0.0
40perc_2repeat	0.35	0.2948	0.5401	0.0461	0.0033	0.5272	0.2784	0.3644	0.5298	0.5109	0.0203	0.0014	0.5586	0.002	0.0	0.5245	0.0023	0.0
90perc_5repeat	0.3	0.3298	0.5249	0.0546	0.0039	0.5311	0.8157	0.6433	0.4985	0.4858	0.0174	0.0012	0.562	0.0023	0.0	0.5969	0.0023	0.0
15perc_5repeat	0.35	0.3231	0.542	0.0455	0.0032	0.5325	0.2329	0.3241	0.5321	0.521	0.0207	0.0015	0.5906	0.0023	0.0	0.5392	0.0025	0.0
100perc_5repeat	0.3	0.3628	0.5253	0.057	0.004	0.5337	0.8122	0.6442	0.4986	0.4817	0.02	0.0014	0.5954	0.003	0.0	0.636	0.0029	0.0
50perc_2repeat	0.35	0.287	0.5431	0.0498	0.0035	0.5185	0.3246	0.3993	0.5318	0.5097	0.0179	0.0013	0.5519	0.0019	0.0	0.5254	0.0022	0.0
30perc_5repeat	0.35	0.2886	0.5363	0.0458	0.0032	0.4966	0.2505	0.333	0.5284	0.5131	0.0166	0.0012	0.5493	0.0019	0.0	0.5162	0.0018	0.0
60perc_10repeat	0.3	0.2594	0.5224	0.0421	0.003	0.5267	0.5391	0.5328	0.5238	0.4996	0.0107	0.0008	0.5112	0.0012	0.0	0.514	0.0012	0.0
40perc_5repeat	0.35	0.273	0.5339	0.0438	0.0031	0.4967	0.3165	0.3867	0.5296	0.5084	0.0145	0.001	0.5338	0.0015	0.0	0.5105	0.0017	0.0
70perc_10repeat	0.3	0.2792	0.5196	0.0474	0.0034	0.523	0.7454	0.6147	0.4988	0.4926	0.0134	0.001	0.5167	0.0014	0.0	0.5374	0.0016	0.0
70perc_2repeat	0.35	0.2692	0.556	0.0541	0.0038	0.604	0.5222	0.5601	0.5503	0.5012	0.0143	0.001	0.5524	0.0017	0.0	0.5509	0.0018	0.0
50perc_5repeat	0.35	0.2669	0.5291	0.0442	0.0031	0.5196	0.348	0.4168	0.5267	0.5048	0.0136	0.001	0.5256	0.0014	0.0	0.5111	0.0015	0.0
60perc_2repeat	0.35	0.2728	0.5508	0.0551	0.0039	0.579	0.4035	0.4755	0.5456	0.5057	0.0166	0.0012	0.5462	0.0019	0.0	0.5335	0.0018	0.0
05_perc_10repeat	0.35	0.3475	0.5414	0.0422	0.003	0.5861	0.232	0.3324	0.5326	0.5248	0.0231	0.0016	0.6243	0.0027	0.0	0.5671	0.0027	0.0
05_perc_2repeat	0.4	0.3433	0.5486	0.0497	0.0035	0.6385	0.1716	0.2705	0.5347	0.529	0.0231	0.0016	0.6313	0.0026	0.0	0.5658	0.0023	0.0
80perc_10repeat	0.3	0.2987	0.5253	0.0555	0.0039	0.5266	0.7982	0.6346	0.4969	0.4884	0.0155	0.0011	0.5312	0.0018	0.0	0.562	0.0019	0.0
60perc_5repeat	0.35	0.2595	0.5369	0.049	0.0035	0.5531	0.5341	0.5434	0.5319	0.5004	0.0115	0.0008	0.5231	0.0012	0.0	0.523	0.0015	0.0
15perc_2repeat	0.4	0.3268	0.5441	0.0475	0.0034	0.5833	0.1828	0.2784	0.5314	0.5241	0.0218	0.0015	0.6026	0.0022	0.0	0.544	0.0023	0.0
70perc_5repeat	0.35	0.2636	0.546	0.057	0.004	0.5649	0.6583	0.608	0.5452	0.4957	0.0121	0.0009	0.5286	0.0014	0.0	0.5391	0.0015	0.0
15perc_10repeat	0.35	0.3209	0.5382	0.0447	0.0032	0.5398	0.2537	0.3452	0.5295	0.5184	0.0202	0.0014	0.5841	0.0022	0.0	0.5383	0.0023	0.0
90perc_10repeat	0.3	0.342	0.5177	0.051	0.0036	0.5299	0.8021	0.6382	0.4936	0.4829	0.0206	0.0015	0.5546	0.0025	0.0	0.5961	0.0025	0.0
05_perc_5repeat	0.4	0.3411	0.5475	0.0482	0.0034	0.6373	0.1719	0.2708	0.5331	0.528	0.0224	0.0016	0.6265	0.0025	0.0	0.5629	0.0022	0.0
90perc_2repeat	0.35	0.2755	0.5764	0.0607	0.0043	0.5819	0.7237	0.6451	0.5793	0.4944	0.0108	0.0008	0.5814	0.002	0.0	0.5951	0.0021	0.0
80perc_2repeat	0.35	0.2701	0.5663	0.0573	0.004	0.6091	0.573	0.5905	0.5629	0.4997	0.0133	0.0009	0.5658	0.0019	0.0	0.5688	0.002	0.0
30perc_10repeat	0.35	0.2875	0.5285	0.042	0.003	0.4674	0.2669	0.3397	0.5246	0.5124	0.0155	0.0011	0.5425	0.0018	0.0	0.5095	0.0017	0.0
100perc_2repeat	0.35	0.2939	0.5773	0.0584	0.0041	0.566	0.7872	0.6585	0.5617	0.4911	0.0085	0.0006	0.6085	0.0022	0.0	0.6277	0.0024	0.0
30perc_2repeat	0.4	0.3022	0.5461	0.0504	0.0036	0.5266	0.2329	0.323	0.5323	0.5173	0.0205	0.0015	0.5717	0.0022	0.0	0.5265	0.002	0.0
100perc_10repeat	0.3	0.3762	0.5195	0.0551	0.0039	0.5306	0.815	0.6427	0.4949	0.4775	0.0246	0.0017	0.5894	0.0033	0.0	0.6396	0.0031	0.0
40perc_2repeat	0.4	0.289	0.5436	0.0483	0.0034	0.529	0.2492	0.3388	0.5345	0.5138	0.0195	0.0014	0.5583	0.0018	0.0	0.5214	0.0019	0.0
50perc_2repeat	0.4	0.2776	0.5417	0.0492	0.0035	0.5671	0.3095	0.4005	0.535	0.5089	0.0163	0.0012	0.5481	0.0018	0.0	0.5238	0.0016	0.0
30perc_5repeat	0.4	0.2917	0.5388	0.0447	0.0032	0.4756	0.1861	0.2675	0.5299	0.517	0.0161	0.0011	0.5556	0.0017	0.0	0.5121	0.0017	0.0
60perc_2repeat	0.4	0.2696	0.5491	0.056	0.004	0.6065	0.4127	0.4912	0.5392	0.5043	0.0165	0.0012	0.5463	0.0017	0.0	0.5357	0.0016	0.0
40perc_10repeat	0.35	0.2668	0.5281	0.0388	0.0027	0.4888	0.2511	0.3318	0.5275	0.5081	0.0125	0.0009	0.5249	0.0013	0.0	0.5026	0.0013	0.0
50perc_10repeat	0.35	0.259	0.5228	0.0425	0.003	0.5072	0.4183	0.4585	0.5275	0.5023	0.0112	0.0008	0.5134	0.0011	0.0	0.5058	0.0011	0.0
80perc_5repeat	0.35	0.283	0.5389	0.0576	0.0041	0.5558	0.7446	0.6365	0.5202	0.492	0.0137	0.001	0.5434	0.0016	0.0	0.5625	0.0018	0.0
15perc_5repeat	0.4	0.3192	0.5445	0.0463	0.0033	0.5941	0.1748	0.2701	0.5328	0.5231	0.0192	0.0014	0.593	0.0021	0.0	0.537	0.002	0.0
100perc_5repeat	0.35	0.3445	0.5369	0.0606	0.0043	0.5422	0.8177	0.652	0.5097	0.4822	0.017	0.0012	0.5974	0.0025	0.0	0.6361	0.0027	0.0
90perc_5repeat	0.35	0.3115	0.5396	0.0615	0.0043	0.5448	0.811	0.6518	0.5152	0.4871	0.0144	0.001	0.5656	0.002	0.0	0.5968	0.0021	0.0
70perc_2repeat	0.4	0.2587	0.5669	0.0575	0.0041	0.6139	0.487	0.5431	0.5638	0.5021	0.0131	0.0009	0.5512	0.0014	0.0	0.5471	0.0017	0.0
40perc_5repeat	0.4	0.2703	0.5394	0.0441	0.0031	0.519	0.25	0.3375	0.5313	0.5105	0.0132	0.0009	0.5365	0.0014	0.0	0.5103	0.0014	0.0
80perc_2repeat	0.4	0.2517	0.5935	0.0577	0.0041	0.6244	0.5939	0.6088	0.6026	0.4981	0.0114	0.0008	0.565	0.0015	0.0	0.5682	0.0016	0.0
50perc_5repeat	0.4	0.2611	0.537	0.0472	0.0033	0.5458	0.3774	0.4462	0.5296	0.503	0.0126	0.0009	0.5255	0.0013	0.0	0.5129	0.0013	0.0
90perc_2repeat	0.4	0.2578	0.5976	0.0578	0.0041	0.5952	0.7251	0.6538	0.6074	0.494	0.0105	0.0007	0.5799	0.0016	0.0	0.5939	0.0018	0.0
90perc_10repeat	0.35	0.3322	0.5249	0.0592	0.0042	0.5326	0.8328	0.6497	0.496	0.4822	0.0172	0.0012	0.5558	0.0021	0.0	0.5986	0.0022	0.0
100perc_10repeat	0.35	0.3594	0.5285	0.0589	0.0042	0.5384	0.8201	0.65	0.4998	0.4782	0.0209	0.0015	0.5919	0.0027	0.0	0.6396	0.0028	0.0
100perc_2repeat	0.4	0.2712	0.5985	0.0507	0.0036	0.569	0.8191	0.6715	0.5913	0.4899	0.0079	0.0006	0.605	0.0017	0.0	0.6267	0.002	0.0
60perc_10repeat	0.35	0.2585	0.5201	0.0461	0.0033	0.5245	0.644	0.5782	0.5097	0.4971	0.0098	0.0007	0.5087	0.0011	0.0	0.5171	0.001	0.0
80perc_5repeat	0.4	0.2767	0.5471	0.0616	0.0044	0.5426	0.8217	0.6536	0.5248	0.4898	0.0123	0.0009	0.5392	0.0014	0.0	0.5664	0.0016	0.0
70perc_10repeat	0.35	0.2694	0.5206	0.0519	0.0037	0.5261	0.786	0.6303	0.498	0.4929	0.0108	0.0008	0.5162	0.0012	0.0	0.5359	0.0013	0.0
05_perc_10repeat	0.4	0.3409	0.547	0.0476	0.0034	0.6448	0.1651	0.2629	0.5348	0.5279	0.0218	0.0015	0.6251	0.0025	0.0	0.5609	0.0022	0.0
60perc_5repeat	0.4	0.2564	0.5382	0.0501	0.0035	0.5492	0.5532	0.5512	0.5335	0.4999	0.0118	0.0008	0.5212	0.0012	0.0	0.5216	0.0013	0.0
80perc_10repeat	0.35	0.2972	0.5233	0.0548	0.0039	0.5296	0.8257	0.6453	0.4988	0.4874	0.014	0.001	0.5321	0.0016	0.0	0.5634	0.0017	0.0
90perc_5repeat	0.4	0.2985	0.5552	0.0659	0.0047	0.5444	0.8394	0.6604	0.5304	0.485	0.0148	0.001	0.562	0.0016	0.0	0.5978	0.002	0.0
05_perc_5repeat	0.35	0.3464	0.5453	0.0467	0.0033	0.5951	0.2301	0.3319	0.5323	0.5247	0.024	0.0017	0.6265	0.0027	0.0	0.5696	0.0028	0.0
15perc_10repeat	0.4	0.3151	0.5436	0.0442	0.0031	0.5735	0.1582	0.248	0.5313	0.5228	0.0182	0.0013	0.5878	0.002	0.0	0.5319	0.0019	0.0
30perc_10repeat	0.4	0.2811	0.5338	0.0407	0.0029	0.4774	0.1746	0.2557	0.5272	0.5137	0.0131	0.0009	0.5438	0.0014	0.0	0.5065	0.0014	0.0
70perc_5repeat	0.4	0.262	0.5468	0.0617	0.0044	0.5546	0.7032	0.6201	0.5337	0.4949	0.0117	0.0008	0.5259	0.0012	0.0	0.5399	0.0015	0.0
40perc_10repeat	0.4	0.2642	0.5339	0.0395	0.0028	0.5103	0.2496	0.3352	0.5288	0.5079	0.0113	0.0008	0.5257	0.0012	0.0	0.5035	0.0012	0.0
50perc_10repeat	0.4	0.2543	0.527	0.0432	0.0031	0.5347	0.4352	0.4798	0.527	0.5016	0.0095	0.0007	0.5128	0.0009	0.0	0.5076	0.001	0.0
100perc_5repeat	0.4	0.329	0.5439	0.0586	0.0041	0.5314	0.8738	0.6609	0.5186	0.4798	0.0159	0.0011	0.5926	0.0019	0.0	0.6362	0.0023	0.0
60perc_10repeat	0.4	0.256	0.5273	0.0499	0.0035	0.5253	0.6517	0.5817	0.5208	0.4979	0.0095	0.0007	0.5093	0.0009	0.0	0.5177	0.001	0.0
70perc_10repeat	0.4	0.2674	0.5295	0.0557	0.0039	0.529	0.7916	0.6342	0.5055	0.4916	0.0108	0.0008	0.5154	0.0011	0.0	0.538	0.0013	0.0
80perc_10repeat	0.4	0.2931	0.5241	0.055	0.0039	0.5206	0.8692	0.6512	0.5029	0.4853	0.0133	0.0009	0.5288	0.0014	0.0	0.5652	0.0015	0.0
90perc_10repeat	0.4	0.3186	0.5283	0.054	0.0038	0.5233	0.876	0.6552	0.5083	0.4814	0.0155	0.0011	0.554	0.0016	0.0	0.5987	0.002	0.0
100perc_10repeat	0.4	0.3472	0.5316	0.0585	0.0041	0.5238	0.8823	0.6573	0.5082	0.4752	0.0195	0.0014	0.5865	0.0021	0.0	0.6403	0.0025	0.0
05_perc_2repeat	0.45	0.3208	0.5662	0.059	0.0042	0.6709	0.2589	0.3736	0.5511	0.5251	0.0224	0.0016	0.628	0.0023	0.0	0.5773	0.0026	0.0
05_perc_5repeat	0.45	0.3206	0.5648	0.0574	0.0041	0.6722	0.2457	0.3599	0.5476	0.5258	0.0207	0.0015	0.6255	0.0022	0.0	0.5732	0.0025	0.0
50perc_2repeat	0.45	0.2712	0.5543	0.0553	0.0039	0.5775	0.3256	0.4164	0.5442	0.5112	0.0153	0.0011	0.551	0.0016	0.0	0.5277	0.0018	0.0
80perc_2repeat	0.45	0.245	0.6062	0.0572	0.004	0.6312	0.6178	0.6244	0.6208	0.4978	0.0115	0.0008	0.5651	0.0015	0.0	0.5704	0.0015	0.0
05_perc_2repeat	0.5	0.3076	0.5768	0.0601	0.0043	0.6873	0.2489	0.3654	0.5685	0.5235	0.0196	0.0014	0.6291	0.0021	0.0	0.576	0.0022	0.0
90perc_2repeat	0.45	0.2429	0.6235	0.0511	0.0036	0.6165	0.696	0.6539	0.643	0.494	0.0095	0.0007	0.5859	0.0015	0.0	0.5973	0.0016	0.0
60perc_5repeat	0.45	0.2512	0.5497	0.054	0.0038	0.5875	0.5147	0.5487	0.5489	0.5013	0.011	0.0008	0.5235	0.0012	0.0	0.5223	0.0011	0.0
100perc_2repeat	0.45	0.248	0.6302	0.0435	0.0031	0.5997	0.7568	0.6691	0.6407	0.4909	0.0073	0.0005	0.6111	0.0018	0.0	0.6285	0.0018	0.0
70perc_5repeat	0.45	0.2478	0.5732	0.0598	0.0042	0.5837	0.6735	0.6254	0.5796	0.4962	0.011	0.0008	0.5309	0.0011	0.0	0.5398	0.0013	0.0
15perc_2repeat	0.5	0.2988	0.5685	0.0614	0.0043	0.6479	0.2458	0.3564	0.5562	0.5198	0.0191	0.0014	0.6015	0.002	0.0	0.5529	0.0021	0.0
30perc_2repeat	0.5	0.2775	0.5625	0.0596	0.0042	0.5954	0.2873	0.3876	0.5507	0.513	0.0173	0.0012	0.568	0.0017	0.0	0.5334	0.0018	0.0
15perc_10repeat	0.45	0.2994	0.5571	0.056	0.004	0.6168	0.2482	0.354	0.5421	0.5194	0.0174	0.0012	0.5846	0.0018	0.0	0.5407	0.002	0.0
40perc_2repeat	0.5	0.2746	0.5613	0.0587	0.0042	0.5674	0.3188	0.4082	0.5481	0.5127	0.0173	0.0012	0.558	0.0017	0.0	0.5275	0.0018	0.0
15perc_2repeat	0.45	0.3041	0.5643	0.0576	0.0041	0.6379	0.2403	0.3491	0.5472	0.521	0.0198	0.0014	0.6002	0.002	0.0	0.5529	0.0024	0.0
50perc_2repeat	0.5	0.2622	0.5645	0.0588	0.0042	0.6122	0.3128	0.414	0.555	0.5093	0.0143	0.001	0.551	0.0015	0.0	0.5276	0.0015	0.0
80perc_5repeat	0.45	0.2615	0.5694	0.0626	0.0044	0.5616	0.7929	0.6575	0.5704	0.4902	0.0119	0.0008	0.5435	0.0014	0.0	0.5655	0.0014	0.0
90perc_2repeat	0.5	0.2315	0.6413	0.0441	0.0031	0.6257	0.6972	0.6595	0.6532	0.496	0.0093	0.0007	0.5859	0.0013	0.0	0.5964	0.0015	0.0
40perc_10repeat	0.45	0.2582	0.5369	0.0444	0.0031	0.5494	0.2602	0.3532	0.5315	0.5078	0.0097	0.0007	0.5236	0.001	0.0	0.5044	0.0011	0.0
60perc_2repeat	0.5	0.2505	0.5859	0.0585	0.0041	0.6293	0.4203	0.504	0.5845	0.5057	0.0134	0.0009	0.5512	0.0013	0.0	0.5368	0.0015	0.0
70perc_2repeat	0.5	0.2482	0.5924	0.0632	0.0045	0.6232	0.5566	0.588	0.596	0.5006	0.0133	0.0009	0.5537	0.0013	0.0	0.5527	0.0016	0.0
05_perc_2repeat	0.6	0.2901	0.595	0.0628	0.0044	0.7372	0.2609	0.3854	0.5989	0.526	0.0176	0.0012	0.6305	0.0019	0.0	0.5743	0.0016	0.0
15perc_2repeat	0.6	0.2819	0.5894	0.067	0.0047	0.7165	0.2435	0.3635	0.5841	0.5227	0.0169	0.0012	0.6036	0.0017	0.0	0.5509	0.0017	0.0
50perc_5repeat	0.5	0.2525	0.5531	0.054	0.0038	0.575	0.3566	0.4402	0.5455	0.5045	0.0115	0.0008	0.5271	0.001	0.0	0.5136	0.0011	0.0
90perc_5repeat	0.45	0.2752	0.5761	0.0649	0.0046	0.5645	0.8022	0.6627	0.5594	0.4868	0.0124	0.0009	0.5684	0.0017	0.0	0.596	0.0017	0.0
50perc_10repeat	0.45	0.2515	0.538	0.0496	0.0035	0.5491	0.4374	0.4869	0.5325	0.5023	0.008	0.0006	0.5131	0.0009	0.0	0.5075	0.0009	0.0
80perc_2repeat	0.5	0.238	0.6174	0.0531	0.0038	0.6355	0.6184	0.6268	0.6295	0.4994	0.0109	0.0008	0.5658	0.0013	0.0	0.5691	0.0015	0.0
30perc_2repeat	0.6	0.2694	0.5796	0.0628	0.0044	0.6644	0.2558	0.3694	0.5718	0.5164	0.0153	0.0011	0.572	0.0015	0.0	0.5312	0.0015	0.0
15perc_5repeat	0.5	0.2927	0.5651	0.0574	0.0041	0.6369	0.2254	0.333	0.5599	0.5188	0.0171	0.0012	0.5907	0.0018	0.0	0.5437	0.0019	0.0
30perc_5repeat	0.5	0.2723	0.5522	0.054	0.0038	0.5735	0.2353	0.3337	0.539	0.5128	0.0143	0.001	0.551	0.0016	0.0	0.5173	0.0013	0.0
60perc_10repeat	0.45	0.2515	0.5456	0.0545	0.0039	0.5506	0.6139	0.5805	0.5433	0.4981	0.0091	0.0006	0.5116	0.0009	0.0	0.5173	0.001	0.0
40perc_5repeat	0.5	0.2613	0.5496	0.0522	0.0037	0.5607	0.2725	0.3667	0.5402	0.5083	0.0128	0.0009	0.5349	0.0012	0.0	0.5118	0.0013	0.0
100perc_5repeat	0.45	0.2967	0.5789	0.0664	0.0047	0.5599	0.8183	0.6649	0.5582	0.4818	0.0147	0.001	0.6011	0.0021	0.0	0.6363	0.002	0.0
30perc_2repeat	0.45	0.2915	0.5492	0.0553	0.0039	0.5767	0.2874	0.3836	0.5368	0.5157	0.0183	0.0013	0.5683	0.002	0.0	0.5317	0.002	0.0
90perc_5repeat	0.5	0.267	0.5879	0.0643	0.0045	0.562	0.8284	0.6697	0.5864	0.487	0.0126	0.0009	0.5686	0.0014	0.0	0.5992	0.0016	0.0
40perc_2repeat	0.6	0.2648	0.5711	0.0599	0.0042	0.6504	0.2631	0.3746	0.564	0.5131	0.0139	0.001	0.5594	0.0015	0.0	0.5249	0.0014	0.0
15perc_5repeat	0.45	0.3014	0.5584	0.0549	0.0039	0.6355	0.2396	0.348	0.5457	0.5202	0.0174	0.0012	0.5905	0.0019	0.0	0.5465	0.0021	0.0
60perc_5repeat	0.5	0.246	0.5667	0.0582	0.0041	0.5909	0.5576	0.5737	0.5668	0.5	0.0088	0.0006	0.5225	0.001	0.0	0.5238	0.001	0.0
100perc_2repeat	0.5	0.2354	0.6486	0.0364	0.0026	0.6088	0.7634	0.6774	0.6573	0.4917	0.0067	0.0005	0.6112	0.0016	0.0	0.6292	0.0017	0.0
40perc_2repeat	0.45	0.28	0.554	0.0592	0.0042	0.5747	0.3046	0.3981	0.5413	0.5135	0.0166	0.0012	0.5559	0.0018	0.0	0.5267	0.0018	0.0
70perc_5repeat	0.5	0.2449	0.5815	0.0624	0.0044	0.5782	0.7208	0.6417	0.5894	0.4953	0.0093	0.0007	0.5304	0.0011	0.0	0.5417	0.0011	0.0
30perc_5repeat	0.45	0.28	0.5462	0.0528	0.0037	0.5502	0.2705	0.3627	0.5343	0.5142	0.0156	0.0011	0.5513	0.0017	0.0	0.5181	0.0016	0.0
50perc_2repeat	0.6	0.2528	0.5838	0.0615	0.0043	0.6532	0.3595	0.4638	0.586	0.5092	0.0132	0.0009	0.5511	0.0014	0.0	0.5281	0.0013	0.0
05_perc_10repeat	0.5	0.3066	0.5739	0.0593	0.0042	0.6775	0.2444	0.3592	0.5638	0.5228	0.0188	0.0013	0.6234	0.002	0.0	0.5708	0.0021	0.0
80perc_5repeat	0.5	0.252	0.5838	0.0671	0.0047	0.5648	0.7984	0.6616	0.589	0.4916	0.0106	0.0007	0.5441	0.0013	0.0	0.5659	0.0012	0.0
15perc_10repeat	0.5	0.289	0.5655	0.0565	0.004	0.6278	0.2349	0.3419	0.5588	0.5174	0.0166	0.0012	0.5854	0.0017	0.0	0.5401	0.0018	0.0
100perc_10repeat	0.45	0.3136	0.5662	0.0694	0.0049	0.5523	0.8311	0.6636	0.5385	0.4777	0.018	0.0013	0.5962	0.0023	0.0	0.6396	0.0022	0.0
40perc_10repeat	0.5	0.2558	0.5422	0.0473	0.0033	0.5466	0.2587	0.3512	0.5366	0.507	0.0095	0.0007	0.5254	0.0009	0.0	0.505	0.001	0.0
60perc_2repeat	0.6	0.2408	0.6028	0.0639	0.0045	0.6729	0.4446	0.5354	0.6173	0.5049	0.0121	0.0009	0.5484	0.0012	0.0	0.5362	0.0012	0.0
60perc_2repeat	0.45	0.2601	0.566	0.0601	0.0042	0.6142	0.4381	0.5114	0.5494	0.5046	0.0155	0.0011	0.5501	0.0015	0.0	0.5376	0.0017	0.0
80perc_10repeat	0.45	0.2701	0.5537	0.064	0.0045	0.5478	0.8127	0.6544	0.525	0.4881	0.0122	0.0009	0.5361	0.0014	0.0	0.563	0.0014	0.0
05_perc_5repeat	0.6	0.2898	0.5932	0.0618	0.0044	0.7367	0.2501	0.3734	0.5945	0.526	0.0165	0.0012	0.6276	0.0018	0.0	0.5706	0.0016	0.0
50perc_10repeat	0.5	0.2499	0.5432	0.0474	0.0034	0.5543	0.4131	0.4734	0.5435	0.5025	0.0086	0.0006	0.5149	0.0008	0.0	0.5072	0.0008	0.0
70perc_2repeat	0.45	0.2543	0.5806	0.0602	0.0043	0.6244	0.5414	0.5799	0.5898	0.5005	0.0146	0.001	0.5536	0.0014	0.0	0.5518	0.0016	0.0
05_perc_10repeat	0.45	0.3166	0.5676	0.0579	0.0041	0.6704	0.2467	0.3607	0.5493	0.5246	0.0203	0.0014	0.6229	0.0021	0.0	0.5719	0.0025	0.0
100perc_5repeat	0.5	0.2822	0.5915	0.0576	0.0041	0.5597	0.8373	0.6709	0.5885	0.4834	0.0134	0.0009	0.6011	0.0018	0.0	0.6372	0.0019	0.0
30perc_5repeat	0.6	0.2636	0.5664	0.0602	0.0043	0.6195	0.219	0.3237	0.5532	0.5135	0.0122	0.0009	0.5528	0.0012	0.0	0.5168	0.0013	0.0
50perc_5repeat	0.45	0.2554	0.5414	0.0484	0.0034	0.5699	0.4145	0.4799	0.5389	0.5038	0.0117	0.0008	0.5234	0.0012	0.0	0.5144	0.0012	0.0
40perc_5repeat	0.6	0.2568	0.5577	0.0599	0.0042	0.5754	0.2874	0.3833	0.5465	0.5094	0.0116	0.0008	0.5353	0.0012	0.0	0.5115	0.0012	0.0
60perc_10repeat	0.5	0.2489	0.5469	0.0545	0.0039	0.5534	0.6378	0.5926	0.5525	0.4977	0.0083	0.0006	0.5118	0.0008	0.0	0.5176	0.0008	0.0
50perc_5repeat	0.6	0.2472	0.5636	0.0563	0.004	0.6217	0.337	0.4371	0.5564	0.5048	0.0094	0.0007	0.5267	0.0009	0.0	0.5119	0.0009	0.0
70perc_10repeat	0.5	0.2512	0.5563	0.0646	0.0046	0.5488	0.7865	0.6465	0.5405	0.4936	0.0084	0.0006	0.5191	0.0009	0.0	0.5365	0.001	0.0
40perc_5repeat	0.45	0.2638	0.5449	0.05	0.0035	0.5616	0.2953	0.3871	0.5372	0.5092	0.0132	0.0009	0.5349	0.0014	0.0	0.5132	0.0013	0.0
30perc_10repeat	0.45	0.2725	0.5415	0.0472	0.0033	0.5443	0.2707	0.3616	0.5301	0.5125	0.0131	0.0009	0.5428	0.0013	0.0	0.5141	0.0014	0.0
80perc_10repeat	0.5	0.2669	0.5541	0.0646	0.0046	0.5347	0.8668	0.6614	0.5315	0.4881	0.0101	0.0007	0.534	0.0012	0.0	0.5651	0.0013	0.0
90perc_10repeat	0.5	0.2829	0.5661	0.0647	0.0046	0.5455	0.8525	0.6653	0.5495	0.4842	0.0135	0.001	0.5608	0.0016	0.0	0.5986	0.0017	0.0
05_perc_10repeat	0.6	0.2885	0.5938	0.0634	0.0045	0.739	0.2499	0.3735	0.5913	0.5257	0.0167	0.0012	0.6253	0.0018	0.0	0.5688	0.0015	0.0
15perc_10repeat	0.6	0.2752	0.5807	0.0609	0.0043	0.7093	0.2205	0.3364	0.5768	0.5198	0.0132	0.0009	0.5867	0.0015	0.0	0.5389	0.0013	0.0
70perc_2repeat	0.6	0.2357	0.6144	0.0547	0.0039	0.6659	0.5216	0.585	0.6285	0.5026	0.0119	0.0008	0.5545	0.0012	0.0	0.5474	0.0013	0.0
30perc_10repeat	0.6	0.2602	0.5651	0.0613	0.0043	0.619	0.2103	0.3139	0.5461	0.5125	0.0109	0.0008	0.5439	0.0011	0.0	0.5118	0.001	0.0
100perc_10repeat	0.5	0.3014	0.5728	0.0608	0.0043	0.5481	0.8526	0.6673	0.5602	0.4796	0.0164	0.0012	0.5961	0.002	0.0	0.6407	0.0021	0.0
15perc_5repeat	0.6	0.2812	0.5798	0.0637	0.0045	0.6973	0.219	0.3333	0.5744	0.5214	0.0146	0.001	0.5925	0.0016	0.0	0.5408	0.0014	0.0
05_perc_5repeat	0.5	0.3077	0.5739	0.0588	0.0042	0.6752	0.2469	0.3616	0.5695	0.523	0.0192	0.0014	0.6257	0.0021	0.0	0.5729	0.0022	0.0
60perc_5repeat	0.6	0.2426	0.5775	0.0658	0.0047	0.6011	0.57	0.5852	0.587	0.4999	0.0099	0.0007	0.5237	0.001	0.0	0.5237	0.001	0.0
70perc_10repeat	0.45	0.2567	0.5445	0.0582	0.0041	0.5424	0.7872	0.6422	0.5269	0.4922	0.0095	0.0007	0.5188	0.001	0.0	0.5366	0.0011	0.0
40perc_10repeat	0.6	0.2518	0.5505	0.0523	0.0037	0.5792	0.2473	0.3467	0.5403	0.507	0.0087	0.0006	0.5237	0.0008	0.0	0.5041	0.0009	0.0
50perc_10repeat	0.6	0.2478	0.5524	0.0541	0.0038	0.5724	0.4487	0.503	0.5507	0.5018	0.0078	0.0006	0.5135	0.0008	0.0	0.5078	0.0007	0.0
80perc_2repeat	0.6	0.225	0.6417	0.0481	0.0034	0.6439	0.6572	0.6505	0.6563	0.4971	0.0101	0.0007	0.5648	0.0011	0.0	0.57	0.0013	0.0
30perc_10repeat	0.5	0.2649	0.5589	0.0596	0.0042	0.5425	0.253	0.3451	0.5452	0.5106	0.0124	0.0009	0.5425	0.0013	0.0	0.5125	0.0013	0.0
15perc_2repeat	0.7	0.2654	0.6035	0.0653	0.0046	0.7449	0.2735	0.4001	0.6085	0.5217	0.0135	0.001	0.6023	0.0013	0.0	0.5525	0.0014	0.0
05_perc_2repeat	0.7	0.2709	0.6138	0.0616	0.0044	0.7615	0.297	0.4274	0.6149	0.5248	0.0127	0.0009	0.6302	0.0014	0.0	0.5748	0.0014	0.0
90perc_2repeat	0.6	0.2196	0.6614	0.0342	0.0024	0.6337	0.723	0.6755	0.6657	0.4943	0.0081	0.0006	0.5838	0.0011	0.0	0.5966	0.0013	0.0
05_perc_2repeat	0.8	0.2513	0.6353	0.0568	0.004	0.7593	0.3488	0.478	0.642	0.5245	0.0097	0.0007	0.6298	0.001	0.0	0.5756	0.001	0.0
60perc_2repeat	0.7	0.2344	0.6183	0.0596	0.0042	0.687	0.4605	0.5514	0.6287	0.5053	0.0118	0.0008	0.5491	0.0011	0.0	0.5356	0.0012	0.0
100perc_2repeat	0.6	0.2194	0.6714	0.0268	0.0019	0.6284	0.7576	0.687	0.6706	0.4907	0.0059	0.0004	0.6099	0.0011	0.0	0.6291	0.0014	0.0
30perc_2repeat	0.7	0.2572	0.5931	0.0666	0.0047	0.689	0.2473	0.364	0.5938	0.5172	0.0126	0.0009	0.5716	0.0013	0.0	0.5298	0.0012	0.0
90perc_10repeat	0.45	0.2943	0.5571	0.0679	0.0048	0.5454	0.8407	0.6616	0.5242	0.4824	0.0149	0.0011	0.5602	0.0018	0.0	0.5982	0.0017	0.0
40perc_2repeat	0.7	0.2516	0.5882	0.0654	0.0046	0.6849	0.2817	0.3993	0.5868	0.5126	0.013	0.0009	0.5586	0.0012	0.0	0.5267	0.0012	0.0
50perc_2repeat	0.7	0.2412	0.6007	0.0632	0.0045	0.6876	0.3719	0.4827	0.606	0.5093	0.012	0.0009	0.5499	0.0011	0.0	0.5288	0.0012	0.0
60perc_10repeat	0.6	0.2437	0.5663	0.0572	0.004	0.5708	0.6597	0.612	0.5713	0.4977	0.0076	0.0005	0.5121	0.0007	0.0	0.5175	0.0007	0.0
70perc_5repeat	0.6	0.2387	0.594	0.0628	0.0044	0.5926	0.7343	0.6559	0.604	0.4952	0.0102	0.0007	0.5297	0.001	0.0	0.5429	0.0011	0.0
15perc_2repeat	0.8	0.2505	0.6182	0.0624	0.0044	0.7606	0.3001	0.4304	0.6273	0.5213	0.0107	0.0008	0.6017	0.0011	0.0	0.5514	0.001	0.0
05_perc_5repeat	0.7	0.2701	0.6125	0.0625	0.0044	0.7598	0.294	0.424	0.616	0.5245	0.0125	0.0009	0.6261	0.0013	0.0	0.5716	0.0013	0.0
80perc_5repeat	0.6	0.2385	0.6103	0.0583	0.0041	0.5813	0.8045	0.675	0.6242	0.4906	0.0103	0.0007	0.544	0.001	0.0	0.5661	0.0012	0.0
30perc_2repeat	0.8	0.2465	0.603	0.0679	0.0048	0.7377	0.2613	0.3859	0.605	0.5161	0.0108	0.0008	0.5712	0.001	0.0	0.5295	0.001	0.0
40perc_5repeat	0.7	0.2467	0.5813	0.0612	0.0043	0.6225	0.2582	0.365	0.5732	0.5097	0.0092	0.0006	0.5358	0.0009	0.0	0.5108	0.0009	0.0
100perc_2repeat	0.7	0.2113	0.6823	0.0285	0.002	0.6425	0.7385	0.6871	0.686	0.491	0.0044	0.0003	0.6099	0.001	0.0	0.6289	0.001	0.0
15perc_5repeat	0.7	0.2636	0.5969	0.0641	0.0045	0.7452	0.2515	0.3761	0.5971	0.5199	0.0115	0.0008	0.5914	0.0012	0.0	0.5432	0.0012	0.0
05_perc_5repeat	0.8	0.2524	0.6318	0.0577	0.0041	0.7609	0.3368	0.4669	0.6298	0.5245	0.0091	0.0006	0.6257	0.001	0.0	0.571	0.0009	0.0
30perc_5repeat	0.7	0.2551	0.5755	0.0649	0.0046	0.6648	0.2092	0.3182	0.5666	0.5143	0.0106	0.0007	0.5534	0.001	0.0	0.517	0.001	0.0
60perc_2repeat	0.8	0.2267	0.6353	0.0596	0.0042	0.7062	0.4522	0.5514	0.6468	0.5068	0.0109	0.0008	0.55	0.0009	0.0	0.5342	0.001	0.0
90perc_5repeat	0.6	0.2466	0.615	0.0542	0.0038	0.5747	0.834	0.6805	0.6191	0.486	0.0111	0.0008	0.5665	0.0011	0.0	0.5988	0.0014	0.0
70perc_5repeat	0.7	0.2298	0.6224	0.0591	0.0042	0.6026	0.7455	0.6665	0.6354	0.4953	0.0088	0.0006	0.5297	0.0008	0.0	0.5422	0.0009	0.0
100perc_5repeat	0.6	0.252	0.6278	0.0454	0.0032	0.5796	0.8358	0.6846	0.6311	0.4815	0.0117	0.0008	0.5991	0.0013	0.0	0.6378	0.0016	0.0
50perc_5repeat	0.7	0.2426	0.5815	0.0626	0.0044	0.6312	0.383	0.4767	0.5867	0.5046	0.0098	0.0007	0.5259	0.0009	0.0	0.5135	0.0008	0.0
60perc_5repeat	0.7	0.2371	0.5951	0.0658	0.0047	0.6177	0.6162	0.617	0.6096	0.4989	0.009	0.0006	0.5226	0.0008	0.0	0.525	0.0008	0.0
30perc_5repeat	0.8	0.2439	0.5891	0.0637	0.0045	0.7091	0.2172	0.3325	0.5894	0.5133	0.0082	0.0006	0.552	0.0008	0.0	0.5168	0.0008	0.0
05_perc_2repeat	0.9	0.2438	0.6454	0.0682	0.0048	0.7673	0.3825	0.5106	0.6479	0.5258	0.0075	0.0005	0.6307	0.0007	0.0	0.5735	0.0007	0.0
70perc_2repeat	0.7	0.2235	0.6434	0.0473	0.0033	0.6759	0.5558	0.61	0.6524	0.5022	0.0109	0.0008	0.5549	0.001	0.0	0.5495	0.0011	0.0
40perc_2repeat	0.8	0.2395	0.6114	0.0676	0.0048	0.7002	0.3047	0.4246	0.6146	0.5123	0.0112	0.0008	0.5581	0.001	0.0	0.5256	0.001	0.0
100perc_5repeat	0.7	0.2312	0.6532	0.0376	0.0027	0.6001	0.815	0.6913	0.6526	0.482	0.0088	0.0006	0.5995	0.0011	0.0	0.6375	0.0012	0.0
80perc_5repeat	0.7	0.2274	0.6306	0.0542	0.0038	0.591	0.8053	0.6817	0.6344	0.4914	0.0088	0.0006	0.5445	0.0008	0.0	0.5667	0.001	0.0
70perc_10repeat	0.6	0.2454	0.5676	0.0632	0.0045	0.5518	0.8106	0.6566	0.5569	0.4931	0.0079	0.0006	0.5176	0.0008	0.0	0.5362	0.0009	0.0
50perc_2repeat	0.8	0.23	0.626	0.0602	0.0043	0.7066	0.4072	0.5167	0.6372	0.5076	0.0102	0.0007	0.5487	0.0009	0.0	0.5296	0.0009	0.0
80perc_2repeat	0.8	0.209	0.6749	0.0388	0.0027	0.664	0.6569	0.6605	0.68	0.4987	0.0094	0.0007	0.5657	0.0009	0.0	0.5685	0.001	0.0
80perc_2repeat	0.7	0.2143	0.6669	0.035	0.0025	0.663	0.6527	0.6578	0.6712	0.4987	0.0094	0.0007	0.5672	0.001	0.0	0.5703	0.0011	0.0
90perc_2repeat	0.7	0.2098	0.6767	0.0313	0.0022	0.6487	0.7056	0.6759	0.679	0.4956	0.0071	0.0005	0.5849	0.0009	0.0	0.5962	0.001	0.0
40perc_5repeat	0.8	0.2422	0.5836	0.0686	0.0049	0.6634	0.263	0.3767	0.5792	0.5095	0.0086	0.0006	0.5353	0.0008	0.0	0.5109	0.0008	0.0
90perc_2repeat	0.8	0.2045	0.6829	0.035	0.0025	0.6527	0.7104	0.6803	0.6854	0.4951	0.0066	0.0005	0.5842	0.0007	0.0	0.5952	0.0009	0.0
90perc_5repeat	0.7	0.2273	0.644	0.0434	0.0031	0.5926	0.8244	0.6895	0.6457	0.4867	0.0082	0.0006	0.5673	0.0009	0.0	0.5985	0.001	0.0
80perc_10repeat	0.6	0.2524	0.5781	0.0621	0.0044	0.5476	0.8652	0.6707	0.5649	0.4875	0.0099	0.0007	0.5337	0.0009	0.0	0.5651	0.0012	0.0
30perc_2repeat	0.9	0.238	0.6167	0.0811	0.0057	0.7476	0.3155	0.4437	0.6184	0.5161	0.0101	0.0007	0.5703	0.0009	0.0	0.5311	0.0009	0.0
40perc_2repeat	0.9	0.2348	0.6159	0.082	0.0058	0.7369	0.3324	0.4581	0.6164	0.5128	0.0107	0.0008	0.5581	0.0009	0.0	0.5262	0.0009	0.0
05_perc_10repeat	0.7	0.2701	0.6111	0.0622	0.0044	0.759	0.2885	0.4181	0.6143	0.5246	0.0124	0.0009	0.6248	0.0013	0.0	0.5701	0.0013	0.0
70perc_2repeat	0.8	0.2149	0.6615	0.0407	0.0029	0.681	0.5851	0.6294	0.6634	0.5021	0.0093	0.0007	0.5538	0.0009	0.0	0.5492	0.0009	0.0
60perc_2repeat	0.9	0.2206	0.6492	0.0645	0.0046	0.7177	0.4896	0.5821	0.6541	0.5054	0.0093	0.0007	0.5504	0.0008	0.0	0.5356	0.0009	0.0
15perc_2repeat	0.9	0.2435	0.6292	0.0731	0.0052	0.7687	0.336	0.4676	0.6334	0.5221	0.0092	0.0006	0.603	0.0008	0.0	0.551	0.0008	0.0
30perc_10repeat	0.7	0.2497	0.5716	0.0613	0.0043	0.6567	0.2014	0.3082	0.5618	0.5118	0.0081	0.0006	0.5424	0.0008	0.0	0.5119	0.0008	0.0
60perc_5repeat	0.8	0.2327	0.6123	0.0612	0.0043	0.6288	0.5835	0.6053	0.6234	0.4995	0.0078	0.0006	0.5231	0.0007	0.0	0.5224	0.0009	0.0
50perc_5repeat	0.8	0.2359	0.6025	0.0643	0.0045	0.6509	0.4264	0.5152	0.6101	0.5039	0.0084	0.0006	0.5246	0.0007	0.0	0.5144	0.0008	0.0
50perc_2repeat	0.9	0.2271	0.6355	0.0751	0.0053	0.7149	0.4281	0.5355	0.6439	0.508	0.0103	0.0007	0.5489	0.0009	0.0	0.5287	0.0008	0.0
70perc_5repeat	0.8	0.2244	0.6369	0.0561	0.004	0.6153	0.7423	0.6728	0.6509	0.4958	0.0078	0.0005	0.529	0.0007	0.0	0.54	0.0008	0.0
70perc_2repeat	0.9	0.2118	0.6685	0.0528	0.0037	0.6896	0.5998	0.6416	0.6718	0.5026	0.0089	0.0006	0.5547	0.0007	0.0	0.5497	0.0008	0.0
15perc_5repeat	0.8	0.2491	0.6118	0.0619	0.0044	0.7575	0.2821	0.4111	0.6137	0.5193	0.0094	0.0007	0.5906	0.0009	0.0	0.5428	0.0009	0.0
90perc_10repeat	0.6	0.2623	0.5895	0.0583	0.0041	0.5506	0.8734	0.6754	0.5812	0.4822	0.0119	0.0008	0.5577	0.0011	0.0	0.5991	0.0014	0.0
15perc_10repeat	0.7	0.2629	0.5941	0.0659	0.0047	0.7425	0.2369	0.3592	0.5914	0.5199	0.0108	0.0008	0.5859	0.0011	0.0	0.5383	0.0011	0.0
80perc_5repeat	0.8	0.2172	0.6545	0.0434	0.0031	0.6084	0.7902	0.6875	0.6587	0.4922	0.0075	0.0005	0.5441	0.0007	0.0	0.5638	0.0008	0.0
05_perc_10repeat	0.8	0.2529	0.6291	0.0569	0.004	0.7621	0.3275	0.4581	0.6328	0.5244	0.0089	0.0006	0.6243	0.001	0.0	0.5692	0.0009	0.0
15perc_5repeat	0.9	0.2417	0.6225	0.0776	0.0055	0.7675	0.3167	0.4483	0.623	0.5202	0.0079	0.0006	0.5909	0.0007	0.0	0.5427	0.0007	0.0
05_perc_5repeat	0.9	0.2439	0.6418	0.0705	0.005	0.7636	0.3735	0.5017	0.6413	0.5252	0.0071	0.0005	0.6269	0.0007	0.0	0.5706	0.0007	0.0
90perc_5repeat	0.8	0.2158	0.6625	0.0366	0.0026	0.6066	0.8103	0.6938	0.6626	0.487	0.0062	0.0004	0.5673	0.0007	0.0	0.5975	0.0008	0.0
50perc_10repeat	0.7	0.2434	0.5678	0.0523	0.0037	0.6038	0.4205	0.4957	0.5665	0.502	0.0058	0.0004	0.5144	0.0006	0.0	0.5076	0.0006	0.0
80perc_2repeat	0.9	0.2041	0.6836	0.0528	0.0037	0.6664	0.6924	0.6791	0.6816	0.4976	0.0087	0.0006	0.5647	0.0007	0.0	0.5703	0.0008	0.0
40perc_10repeat	0.7	0.2479	0.5598	0.0513	0.0036	0.6048	0.2343	0.3378	0.5584	0.5073	0.0078	0.0006	0.5247	0.0007	0.0	0.5048	0.0007	0.0
30perc_5repeat	0.9	0.2415	0.5945	0.0826	0.0058	0.7017	0.2425	0.3605	0.5954	0.5142	0.0083	0.0006	0.553	0.0007	0.0	0.517	0.0008	0.0
60perc_10repeat	0.7	0.2406	0.5807	0.0628	0.0044	0.58	0.6824	0.6271	0.5903	0.4974	0.0067	0.0005	0.5121	0.0006	0.0	0.5186	0.0007	0.0
100perc_2repeat	0.9	0.2026	0.6926	0.0519	0.0037	0.6557	0.7416	0.696	0.6941	0.4908	0.0022	0.0002	0.6091	0.0004	0.0	0.6285	0.0005	0.0
90perc_2repeat	0.9	0.2003	0.6887	0.0507	0.0036	0.6593	0.72	0.6883	0.6911	0.4944	0.0061	0.0004	0.5843	0.0006	0.0	0.5964	0.0006	0.0
100perc_2repeat	0.8	0.2065	0.6837	0.0346	0.0024	0.6432	0.7352	0.6861	0.6855	0.4911	0.003	0.0002	0.6091	0.0007	0.0	0.6279	0.0008	0.0
70perc_10repeat	0.7	0.2394	0.5831	0.0631	0.0045	0.551	0.8497	0.6685	0.5773	0.4922	0.0069	0.0005	0.5181	0.0007	0.0	0.5384	0.0007	0.0
80perc_10repeat	0.7	0.2394	0.597	0.0569	0.004	0.5549	0.8671	0.6768	0.5933	0.488	0.008	0.0006	0.5337	0.0008	0.0	0.564	0.0009	0.0
40perc_5repeat	0.9	0.2368	0.5956	0.0806	0.0057	0.6658	0.2841	0.3983	0.5993	0.5088	0.0078	0.0005	0.5349	0.0006	0.0	0.5119	0.0007	0.0
100perc_10repeat	0.7	0.2447	0.6356	0.0436	0.0031	0.5824	0.8422	0.6886	0.6331	0.4778	0.0107	0.0008	0.5945	0.0012	0.0	0.6413	0.0013	0.0
15perc_10repeat	0.8	0.25	0.6078	0.0625	0.0044	0.7659	0.255	0.3827	0.6063	0.5195	0.0076	0.0005	0.5867	0.0009	0.0	0.5381	0.0007	0.0
50perc_5repeat	0.9	0.2362	0.6071	0.0806	0.0057	0.6462	0.455	0.534	0.618	0.5037	0.0089	0.0006	0.5244	0.0007	0.0	0.5143	0.0008	0.0
40perc_10repeat	0.8	0.2427	0.5726	0.0575	0.0041	0.6382	0.2311	0.3394	0.5714	0.5073	0.0064	0.0005	0.525	0.0007	0.0	0.5052	0.0006	0.0
60perc_5repeat	0.9	0.2276	0.638	0.0669	0.0047	0.6518	0.6056	0.6279	0.6449	0.5006	0.0081	0.0006	0.5238	0.0007	0.0	0.5231	0.0007	0.0
100perc_5repeat	0.8	0.2188	0.6686	0.0359	0.0025	0.6129	0.8019	0.6948	0.6683	0.4823	0.0061	0.0004	0.5988	0.0008	0.0	0.6366	0.0009	0.0
70perc_5repeat	0.9	0.2201	0.6524	0.0628	0.0044	0.625	0.7539	0.6834	0.6564	0.4958	0.0076	0.0005	0.5298	0.0007	0.0	0.5416	0.0007	0.0
50perc_10repeat	0.8	0.2421	0.5739	0.0595	0.0042	0.5997	0.4085	0.486	0.5774	0.5026	0.0065	0.0005	0.5137	0.0006	0.0	0.5068	0.0006	0.0
80perc_10repeat	0.8	0.2318	0.6146	0.0545	0.0039	0.5628	0.8716	0.6839	0.62	0.4875	0.0068	0.0005	0.5325	0.0006	0.0	0.5641	0.0007	0.0
80perc_5repeat	0.9	0.2126	0.6677	0.0545	0.0039	0.6192	0.8064	0.7005	0.6675	0.4908	0.0066	0.0005	0.5435	0.0006	0.0	0.5659	0.0007	0.0
100perc_10repeat	0.6	0.269	0.6083	0.052	0.0037	0.5635	0.8593	0.6806	0.6085	0.4772	0.0144	0.001	0.5939	0.0014	0.0	0.6416	0.0018	0.0
90perc_5repeat	0.9	0.2079	0.6764	0.0532	0.0038	0.6217	0.8109	0.7038	0.6813	0.4864	0.006	0.0004	0.5671	0.0006	0.0	0.5978	0.0006	0.0
70perc_10repeat	0.8	0.2342	0.6001	0.0722	0.0051	0.5672	0.8338	0.6751	0.6005	0.4929	0.0067	0.0005	0.5179	0.0007	0.0	0.5369	0.0007	0.0
05_perc_10repeat	0.9	0.2434	0.6424	0.0707	0.005	0.7654	0.3735	0.502	0.6449	0.525	0.0065	0.0005	0.6255	0.0006	0.0	0.5692	0.0006	0.0
100perc_5repeat	0.9	0.2103	0.6811	0.0521	0.0037	0.6266	0.8038	0.7042	0.681	0.4816	0.0045	0.0003	0.5985	0.0005	0.0	0.6375	0.0006	0.0
30perc_10repeat	0.8	0.2464	0.5764	0.0651	0.0046	0.6683	0.1916	0.2978	0.572	0.5125	0.0079	0.0006	0.5434	0.0008	0.0	0.5107	0.0007	0.0
50perc_10repeat	0.9	0.2411	0.5815	0.0729	0.0052	0.614	0.4305	0.5062	0.5928	0.5026	0.0061	0.0004	0.5134	0.0005	0.0	0.5069	0.0005	0.0
90perc_10repeat	0.7	0.2426	0.6151	0.0528	0.0037	0.5663	0.8614	0.6834	0.6087	0.4831	0.0096	0.0007	0.5587	0.001	0.0	0.5988	0.0011	0.0
30perc_10repeat	0.9	0.2408	0.5847	0.0777	0.0055	0.6887	0.2046	0.3155	0.5895	0.5125	0.0061	0.0004	0.5439	0.0006	0.0	0.5115	0.0006	0.0
15perc_10repeat	0.9	0.2434	0.619	0.0732	0.0052	0.7765	0.2945	0.427	0.6177	0.5204	0.0065	0.0005	0.5875	0.0006	0.0	0.5382	0.0006	0.0
60perc_10repeat	0.9	0.2359	0.6068	0.0747	0.0053	0.599	0.7291	0.6576	0.6148	0.4971	0.0059	0.0004	0.511	0.0005	0.0	0.5181	0.0005	0.0
70perc_10repeat	0.9	0.2288	0.6196	0.0713	0.005	0.5743	0.859	0.6884	0.6226	0.4925	0.0057	0.0004	0.5179	0.0005	0.0	0.5379	0.0005	0.0
80perc_10repeat	0.9	0.2219	0.6393	0.0544	0.0038	0.5811	0.8705	0.6969	0.6341	0.4873	0.0057	0.0004	0.533	0.0005	0.0	0.5649	0.0006	0.0
90perc_10repeat	0.8	0.2291	0.635	0.0407	0.0029	0.5773	0.852	0.6883	0.6328	0.483	0.0072	0.0005	0.5581	0.0008	0.0	0.5985	0.0008	0.0
100perc_10repeat	0.8	0.2278	0.6576	0.0361	0.0026	0.5986	0.8279	0.6948	0.6585	0.4782	0.0075	0.0005	0.594	0.0008	0.0	0.6404	0.001	0.0
90perc_10repeat	0.9	0.2175	0.6615	0.0499	0.0035	0.6003	0.8498	0.7036	0.6597	0.4824	0.006	0.0004	0.5586	0.0006	0.0	0.5996	0.0006	0.0
60perc_10repeat	0.8	0.2394	0.5832	0.0702	0.005	0.5767	0.7101	0.6365	0.5928	0.4971	0.0066	0.0005	0.5109	0.0006	0.0	0.5183	0.0006	0.0
40perc_10repeat	0.9	0.2427	0.5704	0.0769	0.0054	0.6057	0.22	0.3228	0.5738	0.5081	0.0069	0.0005	0.5255	0.0006	0.0	0.504	0.0006	0.0
100perc_10repeat	0.9	0.2166	0.6733	0.0513	0.0036	0.6144	0.8264	0.7048	0.6757	0.4774	0.0055	0.0004	0.5935	0.0006	0.0	0.6415	0.0006	0.0
