Label	trainingSize	SquaredLoss_Mean	Accuracy_Mean	Accuracy_SD	Accuracy_SE	Precision_Mean	Recall_Mean	F1	Accuracy_Median	PriorClass0_Mean	PriorClass0_SD	PriorClass0_SE	ProbabilityEstimate_0given0_Mean 	ProbabilityEstimate_0given0_SD 	ProbabilityEstimate_0given0_SE 	ProbabilityEstimate_1given1_Mean	ProbabilityEstimate_1given1_SD	ProbabilityEstimate_1given1_SE

original	0.9	0.1762	0.8231	0.0471	0.0033	0.0	0.0	0.0	0.8241	0.8219	0.0052	0.0004	0.8636	0.0004	0.0	0.2785	0.0013	0.0
original	0.8	0.1784	0.8211	0.0328	0.0023	0.0	0.0	0.0	0.8241	0.8223	0.0081	0.0006	0.8638	0.0006	0.0	0.279	0.0019	0.0
original	0.7	0.1798	0.8196	0.028	0.002	0.0	0.0	0.0	0.819	0.823	0.0119	0.0008	0.8633	0.001	0.0	0.2764	0.0023	0.0
original	0.6	0.1793	0.8201	0.0191	0.0013	0.0	0.0	0.0	0.8211	0.8233	0.0127	0.0009	0.863	0.0011	0.0	0.2773	0.0033	0.0
original	0.5	0.1758	0.8237	0.0162	0.0011	0.0	0.0	0.0	0.8235	0.8204	0.0161	0.0011	0.862	0.0012	0.0	0.2845	0.0041	0.0
original	0.45	0.1779	0.8215	0.0167	0.0012	0.0	0.0	0.0	0.8194	0.8226	0.0203	0.0014	0.8628	0.0016	0.0	0.278	0.0044	0.0
original	0.4	0.1767	0.8228	0.0137	0.001	0.0	0.0	0.0	0.8226	0.8209	0.0206	0.0015	0.8602	0.0017	0.0	0.2763	0.0048	0.0
original	0.1	0.1768	0.8223	0.0057	0.0004	0.0	0.0	0.0	0.8224	0.8197	0.0504	0.0036	0.8432	0.005	0.0	0.3208	0.0104	0.0
original	0.35	0.1788	0.8206	0.0119	0.0008	0.0	0.0	0.0	0.822	0.8246	0.0221	0.0016	0.8622	0.0018	0.0	0.2757	0.0057	0.0
original	0.3	0.1788	0.8207	0.01	0.0007	0.0	0.0	0.0	0.8215	0.8252	0.0233	0.0016	0.8612	0.0021	0.0	0.2739	0.006	0.0
original	0.25	0.1777	0.8217	0.01	0.0007	0.0	0.0	0.0	0.8235	0.8231	0.0298	0.0021	0.8586	0.0026	0.0	0.286	0.0069	0.0
original	0.2	0.1775	0.8219	0.0079	0.0006	0.0	0.0	0.0	0.8211	0.8224	0.0315	0.0022	0.8605	0.0029	0.0	0.2938	0.0081	0.0
original	0.05	0.1774	0.8172	0.0408	0.0029	0.0054	0.0072	0.0061	0.8221	0.817	0.0762	0.0054	0.7809	0.0085	0.0	0.4189	0.0118	0.0

15perc_2repeat	0.1	0.1768	0.8223	0.0054	0.0004	0.0	0.0	0.0	0.8224	0.8193	0.0483	0.0034	0.8561	0.0055	0.0	0.3039	0.015	0.0
5perc_5repeat	0.1	0.1778	0.8214	0.0053	0.0004	0.0	0.0	0.0	0.8204	0.8272	0.0468	0.0033	0.8614	0.0054	0.0	0.2712	0.0154	0.0
30perc_5repeat	0.1	0.1766	0.8224	0.0054	0.0004	0.0	0.0	0.0	0.8224	0.8185	0.0481	0.0034	0.8535	0.0057	0.0	0.2961	0.015	0.0
60perc_2repeat	0.05	0.1824	0.8118	0.071	0.005	0.0041	0.0154	0.0065	0.8221	0.8132	0.0729	0.0052	0.7938	0.0107	0.0	0.3834	0.0148	0.0
5perc_10repeat	0.1	0.1777	0.8216	0.0049	0.0003	0.0	0.0	0.0	0.8204	0.8261	0.0435	0.0031	0.8619	0.0054	0.0	0.2865	0.0157	0.0
30perc_2repeat	0.05	0.1867	0.8062	0.0795	0.0056	0.0096	0.0236	0.0137	0.8201	0.8268	0.0656	0.0046	0.7969	0.0118	0.0	0.3234	0.015	0.0
40perc_2repeat	0.05	0.1843	0.8101	0.0695	0.0049	0.0082	0.018	0.0112	0.8221	0.8168	0.074	0.0052	0.8112	0.0113	0.0	0.3939	0.0172	0.0
70perc_2repeat	0.05	0.1915	0.801	0.1022	0.0072	0.0126	0.0325	0.0181	0.8221	0.8179	0.0646	0.0046	0.7723	0.0112	0.0	0.3738	0.0148	0.0
90perc_5repeat	0.05	0.1881	0.8026	0.0939	0.0066	0.0081	0.0286	0.0126	0.8221	0.8184	0.0732	0.0052	0.806	0.0122	0.0	0.3946	0.0154	0.0
100perc_5repeat	0.05	0.1823	0.812	0.0649	0.0046	0.0045	0.0132	0.0067	0.8221	0.8282	0.0726	0.0051	0.7852	0.0094	0.0	0.4161	0.0116	0.0
70perc_5repeat	0.05	0.1862	0.81	0.0795	0.0056	0.007	0.0186	0.0101	0.8221	0.8229	0.065	0.0046	0.828	0.0101	0.0	0.3519	0.0158	0.0
60perc_5repeat	0.05	0.1817	0.8142	0.0645	0.0046	0.0039	0.0121	0.0059	0.8221	0.8179	0.0728	0.0051	0.8257	0.011	0.0	0.3816	0.0173	0.0
15perc_5repeat	0.05	0.1844	0.8104	0.0757	0.0054	0.0102	0.0178	0.013	0.8221	0.813	0.0722	0.0051	0.8022	0.0117	0.0	0.3192	0.0183	0.0
90perc_10repeat	0.05	0.1785	0.8158	0.0342	0.0024	0.0057	0.0078	0.0066	0.8221	0.8234	0.0658	0.0047	0.8334	0.0106	0.0	0.3912	0.0159	0.0
80perc_10repeat	0.05	0.1855	0.8103	0.0799	0.0056	0.0112	0.0176	0.0137	0.8221	0.8243	0.072	0.0051	0.8368	0.0102	0.0	0.3633	0.0168	0.0
30perc_10repeat	0.1	0.1774	0.8218	0.0057	0.0004	0.0	0.0	0.0	0.8224	0.824	0.051	0.0036	0.8608	0.0057	0.0	0.2707	0.0149	0.0
40perc_2repeat	0.1	0.1772	0.8218	0.0054	0.0004	0.0	0.0	0.0	0.8204	0.824	0.0484	0.0034	0.8456	0.0058	0.0	0.281	0.0133	0.0
40perc_5repeat	0.1	0.1777	0.8215	0.0056	0.0004	0.0	0.0	0.0	0.8204	0.8268	0.0495	0.0035	0.8564	0.0053	0.0	0.2894	0.0159	0.0
30perc_2repeat	0.1	0.1774	0.8219	0.0055	0.0004	0.005	0.0001	0.0001	0.8224	0.8234	0.0486	0.0034	0.8585	0.005	0.0	0.2847	0.0138	0.0
15perc_5repeat	0.1	0.1773	0.8218	0.0056	0.0004	0.0	0.0	0.0	0.8224	0.8241	0.0503	0.0036	0.8566	0.0056	0.0	0.2942	0.0156	0.0
15perc_10repeat	0.1	0.178	0.8213	0.0056	0.0004	0.0	0.0	0.0	0.8204	0.8281	0.0497	0.0035	0.862	0.0051	0.0	0.288	0.0154	0.0
5perc_5repeat	0.05	0.1808	0.8151	0.0587	0.0042	0.0043	0.0103	0.0061	0.8221	0.8189	0.074	0.0052	0.8281	0.0114	0.0	0.3397	0.0191	0.0
50perc_5repeat	0.1	0.1776	0.8216	0.005	0.0004	0.0	0.0	0.0	0.8214	0.8259	0.0448	0.0032	0.8526	0.0056	0.0	0.2768	0.0146	0.0
40perc_10repeat	0.05	0.1917	0.8032	0.1065	0.0075	0.0054	0.0277	0.009	0.8221	0.8207	0.0704	0.005	0.8308	0.0125	0.0	0.3584	0.0198	0.0
5perc_2repeat	0.1	0.1774	0.8218	0.0052	0.0004	0.0	0.0	0.0	0.8224	0.8238	0.046	0.0033	0.8494	0.0049	0.0	0.2881	0.0135	0.0
50perc_5repeat	0.05	0.1792	0.8158	0.0485	0.0034	0.0052	0.0088	0.0066	0.8221	0.8229	0.0702	0.005	0.829	0.0107	0.0	0.356	0.0164	0.0
60perc_2repeat	0.1	0.1769	0.8223	0.0055	0.0004	0.0	0.0	0.0	0.8224	0.8196	0.0489	0.0035	0.8494	0.0052	0.0	0.3009	0.0148	0.0
40perc_5repeat	0.05	0.1825	0.8112	0.0659	0.0047	0.0132	0.0167	0.0147	0.8221	0.8204	0.0699	0.0049	0.8321	0.0108	0.0	0.3516	0.0176	0.0
50perc_10repeat	0.1	0.177	0.8222	0.0056	0.0004	0.0	0.0	0.0	0.8224	0.8205	0.0498	0.0035	0.8553	0.0056	0.0	0.294	0.016	0.0
50perc_10repeat	0.05	0.1865	0.8067	0.0853	0.006	0.017	0.0222	0.0193	0.8201	0.8229	0.0762	0.0054	0.8228	0.0124	0.0	0.3193	0.0177	0.0
60perc_5repeat	0.1	0.176	0.823	0.0063	0.0004	0.0	0.0	0.0	0.8224	0.8131	0.0567	0.004	0.8462	0.0056	0.0	0.3036	0.0147	0.0
50perc_2repeat	0.1	0.1775	0.8217	0.0051	0.0004	0.0	0.0	0.0	0.8224	0.8251	0.0459	0.0032	0.8523	0.0055	0.0	0.2877	0.0144	0.0
40perc_10repeat	0.1	0.1772	0.822	0.0054	0.0004	0.0	0.0	0.0	0.8224	0.822	0.0479	0.0034	0.8598	0.0055	0.0	0.3001	0.0151	0.0
70perc_2repeat	0.1	0.1766	0.8225	0.0056	0.0004	0.0	0.0	0.0	0.8214	0.8176	0.0502	0.0035	0.8524	0.0054	0.0	0.3241	0.0145	0.0
60perc_10repeat	0.1	0.1774	0.8218	0.0056	0.0004	0.0	0.0	0.0	0.8224	0.8244	0.0496	0.0035	0.8578	0.0058	0.0	0.2884	0.0153	0.0
15perc_2repeat	0.2	0.1781	0.8214	0.0079	0.0006	0.0	0.0	0.0	0.8211	0.8244	0.0315	0.0022	0.8666	0.0029	0.0	0.2709	0.0086	0.0
5perc_2repeat	0.2	0.177	0.8224	0.0082	0.0006	0.0	0.0	0.0	0.8211	0.8207	0.0326	0.0023	0.8579	0.003	0.0	0.2665	0.0091	0.0
30perc_2repeat	0.2	0.1782	0.8212	0.008	0.0006	0.0	0.0	0.0	0.8211	0.8253	0.0318	0.0023	0.865	0.0027	0.0	0.2722	0.0091	0.0
5perc_5repeat	0.2	0.178	0.8214	0.0075	0.0005	0.0	0.0	0.0	0.8211	0.8245	0.0302	0.0021	0.8617	0.0026	0.0	0.2695	0.0089	0.0
15perc_5repeat	0.2	0.1775	0.8219	0.0088	0.0006	0.0	0.0	0.0	0.8211	0.8226	0.0351	0.0025	0.8623	0.003	0.0	0.2683	0.0095	0.0
70perc_5repeat	0.1	0.1768	0.8221	0.0057	0.0004	0.0006	0.0002	0.0003	0.8224	0.8186	0.0468	0.0033	0.8494	0.0064	0.0	0.3148	0.0153	0.0
90perc_2repeat	0.1	0.1769	0.8221	0.0056	0.0004	0.0	0.0	0.0	0.8204	0.8215	0.0499	0.0035	0.8397	0.0056	0.0	0.3165	0.0118	0.0
100perc_2repeat	0.1	0.1768	0.8223	0.0053	0.0004	0.0	0.0	0.0	0.8224	0.8197	0.0469	0.0033	0.8442	0.0052	0.0	0.3332	0.0117	0.0
5perc_10repeat	0.2	0.1773	0.8221	0.0083	0.0006	0.0	0.0	0.0	0.8234	0.8215	0.0332	0.0024	0.8627	0.003	0.0	0.2638	0.0093	0.0
70perc_10repeat	0.1	0.1765	0.8225	0.0057	0.0004	0.0	0.0	0.0	0.8224	0.8177	0.0504	0.0036	0.8471	0.0061	0.0	0.2916	0.0154	0.0
90perc_5repeat	0.1	0.177	0.8219	0.0056	0.0004	0.0	0.0	0.0	0.8224	0.8226	0.0501	0.0035	0.8439	0.0063	0.0	0.3102	0.0124	0.0
80perc_5repeat	0.1	0.177	0.822	0.0056	0.0004	0.0	0.0	0.0	0.8224	0.822	0.0503	0.0036	0.851	0.0059	0.0	0.2946	0.0138	0.0
100perc_5repeat	0.1	0.1767	0.8224	0.0052	0.0004	0.0	0.0	0.0	0.8224	0.8184	0.0461	0.0033	0.841	0.0051	0.0	0.3205	0.012	0.0
15perc_10repeat	0.2	0.178	0.8214	0.0073	0.0005	0.0	0.0	0.0	0.8211	0.8245	0.0293	0.0021	0.8629	0.0028	0.0	0.2727	0.0087	0.0
80perc_10repeat	0.1	0.1777	0.8214	0.0055	0.0004	0.0	0.0	0.0	0.8204	0.827	0.0493	0.0035	0.857	0.0057	0.0	0.2811	0.015	0.0
90perc_10repeat	0.1	0.1772	0.822	0.0052	0.0004	0.0	0.0	0.0	0.8224	0.8224	0.0459	0.0032	0.8582	0.0055	0.0	0.3164	0.0147	0.0
100perc_10repeat	0.1	0.1771	0.822	0.0057	0.0004	0.0	0.0	0.0	0.8224	0.8221	0.0507	0.0036	0.8437	0.0052	0.0	0.3493	0.0125	0.0
30perc_10repeat	0.2	0.1775	0.8219	0.0086	0.0006	0.0	0.0	0.0	0.8211	0.8225	0.0343	0.0024	0.857	0.0031	0.0	0.2705	0.0087	0.0
50perc_5repeat	0.2	0.1764	0.8229	0.008	0.0006	0.0	0.0	0.0	0.8234	0.8184	0.0319	0.0023	0.8573	0.0033	0.0	0.2841	0.0091	0.0
40perc_2repeat	0.2	0.1776	0.8219	0.0081	0.0006	0.0	0.0	0.0	0.8211	0.8226	0.0326	0.0023	0.8631	0.0031	0.0	0.286	0.0089	0.0
50perc_2repeat	0.2	0.1769	0.8225	0.0083	0.0006	0.0	0.0	0.0	0.8234	0.8201	0.0331	0.0023	0.8526	0.0031	0.0	0.2652	0.0087	0.0
40perc_5repeat	0.2	0.1778	0.8216	0.0083	0.0006	0.0	0.0	0.0	0.8211	0.8238	0.0334	0.0024	0.861	0.0031	0.0	0.262	0.0093	0.0
40perc_10repeat	0.2	0.1775	0.8219	0.0081	0.0006	0.0	0.0	0.0	0.8211	0.8226	0.0325	0.0023	0.8613	0.003	0.0	0.2781	0.009	0.0
30perc_5repeat	0.2	0.178	0.8214	0.0084	0.0006	0.0	0.0	0.0	0.8211	0.8243	0.0337	0.0024	0.8577	0.0028	0.0	0.2806	0.009	0.0
50perc_10repeat	0.2	0.1767	0.8227	0.0074	0.0005	0.0	0.0	0.0	0.8211	0.8194	0.0297	0.0021	0.8559	0.0031	0.0	0.2807	0.0087	0.0
80perc_2repeat	0.1	0.1778	0.8213	0.0056	0.0004	0.005	0.0001	0.0001	0.8204	0.8285	0.0492	0.0035	0.8474	0.0059	0.0	0.3191	0.0138	0.0
70perc_5repeat	0.2	0.1779	0.8215	0.0082	0.0006	0.0	0.0	0.0	0.8211	0.8241	0.0327	0.0023	0.8594	0.0032	0.0	0.2701	0.0099	0.0
80perc_2repeat	0.2	0.1777	0.8217	0.0079	0.0006	0.0	0.0	0.0	0.8211	0.8232	0.0318	0.0022	0.8597	0.0032	0.0	0.2789	0.0088	0.0
60perc_10repeat	0.2	0.1769	0.8225	0.0081	0.0006	0.0	0.0	0.0	0.8211	0.8201	0.0324	0.0023	0.8604	0.0031	0.0	0.2819	0.0093	0.0
90perc_2repeat	0.2	0.1781	0.8213	0.008	0.0006	0.0	0.0	0.0	0.8211	0.8248	0.0321	0.0023	0.8609	0.0029	0.0	0.2903	0.009	0.0
90perc_5repeat	0.2	0.1777	0.8216	0.0084	0.0006	0.0	0.0	0.0	0.8211	0.8236	0.0335	0.0024	0.8554	0.0034	0.0	0.2823	0.0092	0.0
5perc_2repeat	0.25	0.1781	0.8213	0.009	0.0006	0.0	0.0	0.0	0.8211	0.824	0.0268	0.0019	0.8642	0.0023	0.0	0.2796	0.0074	0.0
100perc_2repeat	0.2	0.177	0.8224	0.0077	0.0005	0.0	0.0	0.0	0.8211	0.8207	0.0309	0.0022	0.8583	0.003	0.0	0.3006	0.008	0.0
15perc_2repeat	0.25	0.1777	0.8218	0.0094	0.0007	0.0	0.0	0.0	0.8211	0.8227	0.028	0.002	0.8611	0.0023	0.0	0.275	0.0078	0.0
15perc_5repeat	0.25	0.1786	0.8209	0.0096	0.0007	0.0	0.0	0.0	0.8186	0.8254	0.0285	0.002	0.8633	0.0028	0.0	0.2727	0.0075	0.0
90perc_10repeat	0.2	0.1778	0.8216	0.0078	0.0006	0.0	0.0	0.0	0.8211	0.8237	0.0313	0.0022	0.8626	0.0032	0.0	0.2805	0.0093	0.0
30perc_5repeat	0.25	0.1784	0.8211	0.0091	0.0006	0.0	0.0	0.0	0.8211	0.8249	0.0271	0.0019	0.8624	0.0024	0.0	0.2775	0.0077	0.0
50perc_2repeat	0.25	0.1772	0.8222	0.0086	0.0006	0.0	0.0	0.0	0.8235	0.8214	0.0257	0.0018	0.8585	0.0023	0.0	0.2878	0.0077	0.0
100perc_10repeat	0.2	0.1774	0.8219	0.0083	0.0006	0.0	0.0	0.0	0.8211	0.8223	0.033	0.0023	0.8572	0.0033	0.0	0.3045	0.0089	0.0
60perc_2repeat	0.2	0.1777	0.8216	0.0083	0.0006	0.0	0.0	0.0	0.8234	0.8236	0.0331	0.0023	0.8589	0.0031	0.0	0.2798	0.009	0.0
40perc_5repeat	0.25	0.1778	0.8216	0.0096	0.0007	0.0	0.0	0.0	0.8211	0.8232	0.0287	0.002	0.858	0.0025	0.0	0.2783	0.0079	0.0
50perc_5repeat	0.25	0.1762	0.8231	0.0101	0.0007	0.0	0.0	0.0	0.8235	0.8187	0.0301	0.0021	0.8578	0.0027	0.0	0.2939	0.008	0.0
5perc_10repeat	0.25	0.1773	0.8221	0.0104	0.0007	0.0	0.0	0.0	0.8211	0.8217	0.0309	0.0022	0.8644	0.0025	0.0	0.2883	0.0074	0.0
15perc_10repeat	0.25	0.1789	0.8206	0.0094	0.0007	0.0	0.0	0.0	0.8211	0.8264	0.0278	0.002	0.867	0.0026	0.0	0.2676	0.0075	0.0
30perc_10repeat	0.25	0.1778	0.8216	0.01	0.0007	0.0	0.0	0.0	0.8211	0.8234	0.0297	0.0021	0.8613	0.0026	0.0	0.2841	0.0078	0.0
40perc_10repeat	0.25	0.1771	0.8223	0.0092	0.0006	0.0	0.0	0.0	0.8223	0.8213	0.0273	0.0019	0.8608	0.0024	0.0	0.2915	0.0079	0.0
70perc_2repeat	0.2	0.1775	0.8219	0.0084	0.0006	0.0	0.0	0.0	0.8211	0.8223	0.0335	0.0024	0.8622	0.0028	0.0	0.2837	0.009	0.0
60perc_5repeat	0.2	0.1775	0.8219	0.0081	0.0006	0.0	0.0	0.0	0.8211	0.8223	0.0324	0.0023	0.86	0.0031	0.0	0.2883	0.0096	0.0
50perc_10repeat	0.25	0.1778	0.8217	0.009	0.0006	0.0	0.0	0.0	0.8211	0.8231	0.0267	0.0019	0.8651	0.0024	0.0	0.2756	0.0076	0.0
70perc_10repeat	0.2	0.1769	0.8225	0.0086	0.0006	0.0	0.0	0.0	0.8234	0.82	0.0345	0.0024	0.8588	0.0032	0.0	0.278	0.0091	0.0
80perc_5repeat	0.2	0.1771	0.8223	0.0086	0.0006	0.0	0.0	0.0	0.8211	0.8208	0.0342	0.0024	0.857	0.0031	0.0	0.2776	0.0091	0.0
60perc_2repeat	0.25	0.178	0.8214	0.009	0.0006	0.0	0.0	0.0	0.8211	0.8237	0.0269	0.0019	0.8631	0.0025	0.0	0.2647	0.007	0.0
80perc_10repeat	0.2	0.1772	0.8222	0.0076	0.0005	0.0	0.0	0.0	0.8211	0.8214	0.0303	0.0021	0.8599	0.0031	0.0	0.2897	0.0095	0.0
60perc_5repeat	0.25	0.1771	0.8224	0.009	0.0006	0.0	0.0	0.0	0.8235	0.821	0.0267	0.0019	0.8619	0.0025	0.0	0.2785	0.0079	0.0
70perc_2repeat	0.25	0.1768	0.8226	0.009	0.0006	0.0	0.0	0.0	0.8235	0.8203	0.0267	0.0019	0.8602	0.0026	0.0	0.2769	0.0067	0.0
90perc_2repeat	0.25	0.1776	0.8218	0.0095	0.0007	0.0	0.0	0.0	0.8211	0.8226	0.0283	0.002	0.8611	0.0025	0.0	0.2893	0.0073	0.0
60perc_10repeat	0.25	0.1767	0.8227	0.0089	0.0006	0.0	0.0	0.0	0.8235	0.8199	0.0266	0.0019	0.863	0.0023	0.0	0.2722	0.0073	0.0
80perc_5repeat	0.25	0.1776	0.8218	0.0105	0.0007	0.0	0.0	0.0	0.8235	0.8226	0.0312	0.0022	0.8632	0.0028	0.0	0.2868	0.0077	0.0
80perc_10repeat	0.25	0.1777	0.8217	0.0085	0.0006	0.0	0.0	0.0	0.8211	0.823	0.0254	0.0018	0.8635	0.0026	0.0	0.2826	0.0077	0.0
90perc_5repeat	0.25	0.1787	0.8207	0.0111	0.0008	0.0	0.0	0.0	0.8211	0.8259	0.0332	0.0023	0.8631	0.0026	0.0	0.2812	0.0078	0.0
100perc_2repeat	0.25	0.1776	0.8218	0.0099	0.0007	0.0	0.0	0.0	0.8211	0.8227	0.0294	0.0021	0.8607	0.0024	0.0	0.2863	0.0072	0.0
70perc_10repeat	0.25	0.178	0.8214	0.0095	0.0007	0.0	0.0	0.0	0.8211	0.8239	0.0283	0.002	0.8598	0.0026	0.0	0.2794	0.008	0.0
100perc_5repeat	0.25	0.1776	0.8218	0.0094	0.0007	0.0	0.0	0.0	0.8211	0.8227	0.0281	0.002	0.8573	0.0027	0.0	0.2825	0.0069	0.0
30perc_2repeat	0.3	0.1778	0.8216	0.0109	0.0008	0.0	0.0	0.0	0.8215	0.823	0.0254	0.0018	0.8629	0.0023	0.0	0.2814	0.0065	0.0
40perc_2repeat	0.3	0.1765	0.8229	0.0117	0.0008	0.0	0.0	0.0	0.8241	0.82	0.0271	0.0019	0.8585	0.0022	0.0	0.2861	0.0066	0.0
50perc_2repeat	0.3	0.1763	0.8231	0.0108	0.0008	0.0	0.0	0.0	0.8241	0.8196	0.025	0.0018	0.861	0.0022	0.0	0.277	0.0062	0.0
15perc_5repeat	0.3	0.1776	0.8218	0.0107	0.0008	0.0	0.0	0.0	0.8215	0.8226	0.0249	0.0018	0.862	0.0022	0.0	0.2788	0.0068	0.0
30perc_5repeat	0.3	0.1769	0.8225	0.0118	0.0008	0.0	0.0	0.0	0.8241	0.8209	0.0274	0.0019	0.8615	0.0022	0.0	0.2808	0.0067	0.0
90perc_10repeat	0.25	0.1785	0.8209	0.0096	0.0007	0.0	0.0	0.0	0.8211	0.8253	0.0285	0.002	0.8637	0.0024	0.0	0.2716	0.0081	0.0
40perc_5repeat	0.3	0.1768	0.8226	0.012	0.0008	0.0	0.0	0.0	0.8215	0.8207	0.0278	0.002	0.8616	0.0024	0.0	0.2852	0.0066	0.0
60perc_2repeat	0.3	0.1772	0.8222	0.0119	0.0008	0.0	0.0	0.0	0.8215	0.8216	0.0277	0.002	0.8607	0.0023	0.0	0.28	0.0068	0.0
100perc_10repeat	0.25	0.178	0.8214	0.0086	0.0006	0.0	0.0	0.0	0.8223	0.8239	0.0255	0.0018	0.8607	0.0023	0.0	0.2897	0.0069	0.0
50perc_5repeat	0.3	0.1777	0.8217	0.0106	0.0008	0.0	0.0	0.0	0.8215	0.8227	0.0247	0.0017	0.8636	0.0022	0.0	0.2838	0.0069	0.0
80perc_2repeat	0.25	0.1764	0.823	0.0097	0.0007	0.0	0.0	0.0	0.8235	0.8192	0.0288	0.002	0.8554	0.0027	0.0	0.2885	0.0074	0.0
15perc_10repeat	0.3	0.1767	0.8228	0.0104	0.0007	0.0	0.0	0.0	0.8241	0.8203	0.0241	0.0017	0.8611	0.0022	0.0	0.281	0.0061	0.0
70perc_5repeat	0.25	0.1782	0.8212	0.0096	0.0007	0.0	0.0	0.0	0.8211	0.8244	0.0287	0.002	0.8625	0.0026	0.0	0.2614	0.0077	0.0
40perc_10repeat	0.3	0.1771	0.8223	0.0094	0.0007	0.0	0.0	0.0	0.8241	0.8214	0.0218	0.0015	0.8611	0.002	0.0	0.2844	0.0062	0.0
70perc_2repeat	0.3	0.1768	0.8226	0.0105	0.0007	0.0	0.0	0.0	0.8215	0.8206	0.0243	0.0017	0.8597	0.0021	0.0	0.2753	0.0067	0.0
50perc_10repeat	0.3	0.1781	0.8214	0.0097	0.0007	0.0	0.0	0.0	0.8215	0.8235	0.0226	0.0016	0.8661	0.0021	0.0	0.2742	0.0064	0.0
80perc_2repeat	0.3	0.1763	0.8231	0.0101	0.0007	0.0	0.0	0.0	0.8228	0.8196	0.0235	0.0017	0.8589	0.0021	0.0	0.289	0.0063	0.0
100perc_2repeat	0.3	0.1793	0.8201	0.0109	0.0008	0.0	0.0	0.0	0.8202	0.8264	0.0252	0.0018	0.8631	0.0021	0.0	0.2893	0.0061	0.0
60perc_5repeat	0.3	0.1772	0.8222	0.0109	0.0008	0.0	0.0	0.0	0.8228	0.8216	0.0254	0.0018	0.8628	0.0023	0.0	0.2753	0.0065	0.0
90perc_5repeat	0.3	0.1783	0.8211	0.0114	0.0008	0.0	0.0	0.0	0.8202	0.8241	0.0265	0.0019	0.8597	0.0025	0.0	0.2749	0.0063	0.0
30perc_10repeat	0.3	0.1782	0.8213	0.0101	0.0007	0.0	0.0	0.0	0.8215	0.8238	0.0235	0.0017	0.8627	0.0024	0.0	0.2784	0.0059	0.0
90perc_2repeat	0.3	0.1783	0.8211	0.0113	0.0008	0.0	0.0	0.0	0.8215	0.8242	0.0263	0.0019	0.8575	0.0025	0.0	0.2661	0.0062	0.0
100perc_5repeat	0.3	0.175	0.8243	0.0106	0.0007	0.0	0.0	0.0	0.8241	0.8167	0.0246	0.0017	0.8531	0.0022	0.0	0.295	0.006	0.0
70perc_5repeat	0.3	0.1772	0.8222	0.0112	0.0008	0.0	0.0	0.0	0.8215	0.8215	0.026	0.0018	0.8641	0.0021	0.0	0.2942	0.0069	0.0
5perc_2repeat	0.35	0.1764	0.823	0.0125	0.0009	0.0	0.0	0.0	0.822	0.8201	0.0231	0.0016	0.8598	0.0018	0.0	0.2731	0.0056	0.0
80perc_10repeat	0.3	0.1774	0.822	0.0104	0.0007	0.0	0.0	0.0	0.8215	0.822	0.0241	0.0017	0.8608	0.0022	0.0	0.2793	0.0068	0.0
60perc_10repeat	0.3	0.1769	0.8225	0.0107	0.0008	0.0	0.0	0.0	0.8215	0.8208	0.0248	0.0018	0.8635	0.0021	0.0	0.2954	0.0067	0.0
15perc_2repeat	0.35	0.1759	0.8235	0.0124	0.0009	0.0	0.0	0.0	0.8249	0.8193	0.0229	0.0016	0.8577	0.002	0.0	0.2843	0.0055	0.0
30perc_2repeat	0.35	0.177	0.8225	0.0114	0.0008	0.0	0.0	0.0	0.822	0.8212	0.0211	0.0015	0.8582	0.0018	0.0	0.2688	0.0052	0.0
40perc_2repeat	0.35	0.1764	0.823	0.0121	0.0009	0.0	0.0	0.0	0.8249	0.8202	0.0225	0.0016	0.8592	0.0018	0.0	0.2749	0.0056	0.0
90perc_10repeat	0.3	0.1775	0.8219	0.011	0.0008	0.0	0.0	0.0	0.8215	0.8223	0.0256	0.0018	0.8607	0.0023	0.0	0.2824	0.0067	0.0
15perc_5repeat	0.35	0.1783	0.8211	0.0119	0.0008	0.0	0.0	0.0	0.8192	0.8236	0.022	0.0016	0.8641	0.0018	0.0	0.2683	0.0056	0.0
70perc_10repeat	0.3	0.1776	0.8218	0.0112	0.0008	0.0	0.0	0.0	0.8215	0.8225	0.026	0.0018	0.8615	0.0025	0.0	0.2759	0.0069	0.0
50perc_2repeat	0.35	0.1759	0.8235	0.0121	0.0009	0.0	0.0	0.0	0.8249	0.8192	0.0224	0.0016	0.857	0.0018	0.0	0.2835	0.0057	0.0
100perc_10repeat	0.3	0.1763	0.8231	0.0108	0.0008	0.0	0.0	0.0	0.8241	0.8194	0.0251	0.0018	0.858	0.0023	0.0	0.278	0.0064	0.0
30perc_5repeat	0.35	0.1777	0.8217	0.0131	0.0009	0.0	0.0	0.0	0.822	0.8226	0.0242	0.0017	0.8609	0.0021	0.0	0.2721	0.0056	0.0
40perc_5repeat	0.35	0.1766	0.8228	0.011	0.0008	0.0	0.0	0.0	0.822	0.8205	0.0203	0.0014	0.8594	0.0018	0.0	0.2768	0.0057	0.0
5perc_10repeat	0.35	0.1764	0.823	0.0116	0.0008	0.0	0.0	0.0	0.8249	0.8202	0.0214	0.0015	0.8609	0.0018	0.0	0.2805	0.0053	0.0
15perc_10repeat	0.35	0.1758	0.8236	0.0118	0.0008	0.0	0.0	0.0	0.822	0.819	0.0219	0.0015	0.8603	0.0018	0.0	0.2791	0.0058	0.0
80perc_5repeat	0.3	0.1775	0.8219	0.0112	0.0008	0.0	0.0	0.0	0.8241	0.8223	0.026	0.0018	0.8603	0.0022	0.0	0.2755	0.0064	0.0
30perc_10repeat	0.35	0.1763	0.8231	0.0109	0.0008	0.0	0.0	0.0	0.822	0.8201	0.0202	0.0014	0.859	0.0019	0.0	0.2817	0.0055	0.0
60perc_5repeat	0.35	0.1786	0.8208	0.0127	0.0009	0.0	0.0	0.0	0.8192	0.8243	0.0235	0.0017	0.864	0.0021	0.0	0.2811	0.0055	0.0
70perc_2repeat	0.35	0.1772	0.8222	0.0117	0.0008	0.0	0.0	0.0	0.822	0.8216	0.0217	0.0015	0.8591	0.0019	0.0	0.276	0.0057	0.0
40perc_10repeat	0.35	0.1776	0.8218	0.0115	0.0008	0.0	0.0	0.0	0.8206	0.8224	0.0214	0.0015	0.8607	0.0018	0.0	0.2723	0.0053	0.0
5perc_5repeat	0.35	0.1768	0.8226	0.0124	0.0009	0.0	0.0	0.0	0.822	0.8209	0.023	0.0016	0.8612	0.0018	0.0	0.2803	0.006	0.0
50perc_10repeat	0.35	0.1782	0.8212	0.0121	0.0009	0.0	0.0	0.0	0.822	0.8235	0.0223	0.0016	0.8627	0.0019	0.0	0.273	0.0057	0.0
60perc_10repeat	0.35	0.1769	0.8225	0.0125	0.0009	0.0	0.0	0.0	0.822	0.8211	0.0233	0.0016	0.863	0.0019	0.0	0.2831	0.006	0.0
60perc_2repeat	0.35	0.177	0.8224	0.0107	0.0008	0.0	0.0	0.0	0.822	0.8213	0.0198	0.0014	0.861	0.0018	0.0	0.2789	0.0059	0.0
50perc_5repeat	0.35	0.1788	0.8207	0.0122	0.0009	0.0	0.0	0.0	0.822	0.8245	0.0227	0.0016	0.8634	0.0019	0.0	0.2803	0.0061	0.0
80perc_5repeat	0.35	0.1778	0.8216	0.0116	0.0008	0.0	0.0	0.0	0.822	0.8227	0.0215	0.0015	0.8617	0.0019	0.0	0.273	0.0058	0.0
70perc_10repeat	0.35	0.1784	0.8211	0.0118	0.0008	0.0	0.0	0.0	0.822	0.8237	0.0218	0.0015	0.8653	0.0019	0.0	0.2713	0.0056	0.0
70perc_5repeat	0.35	0.1781	0.8213	0.0116	0.0008	0.0	0.0	0.0	0.8192	0.8233	0.0215	0.0015	0.8645	0.0019	0.0	0.2866	0.0056	0.0
90perc_5repeat	0.35	0.1781	0.8214	0.0116	0.0008	0.0	0.0	0.0	0.822	0.8232	0.0214	0.0015	0.8605	0.0019	0.0	0.2688	0.0055	0.0
100perc_2repeat	0.35	0.178	0.8214	0.0123	0.0009	0.0	0.0	0.0	0.822	0.8231	0.0229	0.0016	0.8607	0.0019	0.0	0.284	0.0051	0.0
5perc_2repeat	0.4	0.1775	0.8219	0.0126	0.0009	0.0	0.0	0.0	0.8226	0.8222	0.0188	0.0013	0.8628	0.0016	0.0	0.2786	0.0052	0.0
90perc_2repeat	0.35	0.1781	0.8214	0.0121	0.0009	0.0	0.0	0.0	0.822	0.8232	0.0225	0.0016	0.8604	0.0018	0.0	0.2678	0.0052	0.0
30perc_2repeat	0.4	0.1777	0.8217	0.0133	0.0009	0.0	0.0	0.0	0.8226	0.8225	0.0199	0.0014	0.8619	0.0016	0.0	0.2795	0.0049	0.0
5perc_5repeat	0.4	0.1773	0.8221	0.014	0.001	0.0	0.0	0.0	0.8226	0.8218	0.0209	0.0015	0.8623	0.0016	0.0	0.2798	0.0053	0.0
40perc_2repeat	0.4	0.1775	0.8219	0.0131	0.0009	0.0	0.0	0.0	0.8196	0.8222	0.0196	0.0014	0.8614	0.0017	0.0	0.2769	0.0052	0.0
15perc_5repeat	0.4	0.1772	0.8222	0.0125	0.0009	0.0	0.0	0.0	0.8196	0.8217	0.0188	0.0013	0.8622	0.0017	0.0	0.2815	0.0047	0.0
30perc_5repeat	0.4	0.1782	0.8212	0.014	0.001	0.0	0.0	0.0	0.8226	0.8232	0.0211	0.0015	0.8616	0.0018	0.0	0.2776	0.005	0.0
40perc_5repeat	0.4	0.1784	0.821	0.0133	0.0009	0.0	0.0	0.0	0.8226	0.8235	0.0199	0.0014	0.8646	0.0017	0.0	0.2783	0.0048	0.0
15perc_2repeat	0.4	0.1779	0.8215	0.0132	0.0009	0.0	0.0	0.0	0.8226	0.8228	0.0199	0.0014	0.8609	0.0018	0.0	0.2768	0.005	0.0
100perc_5repeat	0.35	0.1785	0.8209	0.0125	0.0009	0.0	0.0	0.0	0.8192	0.824	0.0232	0.0016	0.8621	0.0019	0.0	0.2775	0.0057	0.0
5perc_10repeat	0.4	0.1767	0.8227	0.0127	0.0009	0.0	0.0	0.0	0.8226	0.821	0.019	0.0013	0.8607	0.0015	0.0	0.2775	0.0047	0.0
60perc_2repeat	0.4	0.1769	0.8225	0.013	0.0009	0.0	0.0	0.0	0.8226	0.8213	0.0195	0.0014	0.8607	0.0017	0.0	0.2839	0.0047	0.0
80perc_2repeat	0.35	0.1756	0.8238	0.0121	0.0009	0.0	0.0	0.0	0.8249	0.8187	0.0224	0.0016	0.8601	0.002	0.0	0.2875	0.006	0.0
50perc_5repeat	0.4	0.1769	0.8226	0.0152	0.0011	0.0	0.0	0.0	0.8226	0.8212	0.0227	0.0016	0.8637	0.0019	0.0	0.288	0.0051	0.0
70perc_2repeat	0.4	0.1786	0.8208	0.0143	0.001	0.0	0.0	0.0	0.8196	0.8238	0.0215	0.0015	0.8656	0.0017	0.0	0.2831	0.0051	0.0
30perc_10repeat	0.4	0.177	0.8225	0.0132	0.0009	0.0	0.0	0.0	0.8226	0.8214	0.0198	0.0014	0.8622	0.0015	0.0	0.2783	0.0051	0.0
60perc_5repeat	0.4	0.1779	0.8215	0.0136	0.001	0.0	0.0	0.0	0.8196	0.8228	0.0204	0.0014	0.8637	0.0016	0.0	0.285	0.0048	0.0
40perc_10repeat	0.4	0.1777	0.8218	0.0127	0.0009	0.0	0.0	0.0	0.8226	0.8224	0.019	0.0013	0.8632	0.0016	0.0	0.2822	0.0051	0.0
50perc_10repeat	0.4	0.1777	0.8217	0.0128	0.0009	0.0	0.0	0.0	0.8226	0.8225	0.0191	0.0014	0.8639	0.0016	0.0	0.2674	0.0051	0.0
70perc_5repeat	0.4	0.177	0.8224	0.0143	0.001	0.0	0.0	0.0	0.8226	0.8214	0.0215	0.0015	0.8614	0.0018	0.0	0.2714	0.0051	0.0
80perc_10repeat	0.35	0.1772	0.8223	0.012	0.0009	0.0	0.0	0.0	0.822	0.8216	0.0223	0.0016	0.8609	0.002	0.0	0.271	0.006	0.0
90perc_10repeat	0.35	0.1759	0.8235	0.0121	0.0009	0.0	0.0	0.0	0.822	0.8192	0.0224	0.0016	0.8583	0.002	0.0	0.2827	0.0058	0.0
100perc_10repeat	0.35	0.1771	0.8223	0.0111	0.0008	0.0	0.0	0.0	0.822	0.8215	0.0206	0.0015	0.8607	0.0019	0.0	0.2884	0.0052	0.0
50perc_2repeat	0.4	0.1764	0.8231	0.0135	0.001	0.0	0.0	0.0	0.8226	0.8205	0.0203	0.0014	0.862	0.0016	0.0	0.2818	0.0054	0.0
60perc_10repeat	0.4	0.176	0.8235	0.0145	0.001	0.0	0.0	0.0	0.8226	0.8199	0.0218	0.0015	0.8624	0.0018	0.0	0.2796	0.0052	0.0
80perc_5repeat	0.4	0.1777	0.8217	0.0125	0.0009	0.0	0.0	0.0	0.8211	0.8225	0.0188	0.0013	0.8624	0.0017	0.0	0.2771	0.0047	0.0
15perc_10repeat	0.4	0.1784	0.8211	0.0125	0.0009	0.0	0.0	0.0	0.8226	0.8234	0.0187	0.0013	0.8654	0.0017	0.0	0.2782	0.0047	0.0
100perc_2repeat	0.4	0.1772	0.8222	0.0125	0.0009	0.0	0.0	0.0	0.8226	0.8217	0.0187	0.0013	0.8608	0.0016	0.0	0.2943	0.0052	0.0
90perc_5repeat	0.4	0.177	0.8224	0.0123	0.0009	0.0	0.0	0.0	0.8226	0.8214	0.0185	0.0013	0.8604	0.0017	0.0	0.277	0.0053	0.0
5perc_2repeat	0.45	0.1777	0.8217	0.0155	0.0011	0.0	0.0	0.0	0.8211	0.8224	0.0188	0.0013	0.8635	0.0015	0.0	0.2776	0.0042	0.0
90perc_2repeat	0.4	0.1763	0.8231	0.0129	0.0009	0.0	0.0	0.0	0.8226	0.8204	0.0193	0.0014	0.8636	0.0016	0.0	0.2893	0.005	0.0
80perc_10repeat	0.4	0.1762	0.8232	0.0132	0.0009	0.0	0.0	0.0	0.8226	0.8203	0.0198	0.0014	0.8609	0.0019	0.0	0.2766	0.0051	0.0
15perc_2repeat	0.45	0.1782	0.8213	0.015	0.0011	0.0	0.0	0.0	0.8194	0.8229	0.0183	0.0013	0.8635	0.0016	0.0	0.2839	0.0047	0.0
5perc_5repeat	0.45	0.1765	0.8229	0.0147	0.001	0.0	0.0	0.0	0.8227	0.821	0.0179	0.0013	0.8605	0.0016	0.0	0.2844	0.004	0.0
90perc_10repeat	0.4	0.1774	0.822	0.0131	0.0009	0.0	0.0	0.0	0.8226	0.822	0.0197	0.0014	0.8622	0.0017	0.0	0.2736	0.0053	0.0
80perc_2repeat	0.4	0.1786	0.8208	0.0152	0.0011	0.0	0.0	0.0	0.8226	0.8238	0.0228	0.0016	0.8631	0.0018	0.0	0.28	0.0048	0.0
15perc_5repeat	0.45	0.1791	0.8203	0.0149	0.0011	0.0	0.0	0.0	0.8194	0.8241	0.0181	0.0013	0.8645	0.0016	0.0	0.2782	0.0043	0.0
50perc_2repeat	0.45	0.1756	0.8238	0.0149	0.0011	0.0	0.0	0.0	0.8261	0.8198	0.0181	0.0013	0.8604	0.0015	0.0	0.2833	0.0044	0.0
100perc_10repeat	0.4	0.1774	0.822	0.0126	0.0009	0.0	0.0	0.0	0.8226	0.822	0.0189	0.0013	0.8621	0.0017	0.0	0.2795	0.0049	0.0
100perc_5repeat	0.4	0.1765	0.8229	0.0146	0.001	0.0	0.0	0.0	0.8226	0.8207	0.0219	0.0015	0.863	0.0017	0.0	0.2811	0.0045	0.0
30perc_5repeat	0.45	0.1769	0.8225	0.014	0.001	0.0	0.0	0.0	0.8227	0.8214	0.017	0.0012	0.8632	0.0014	0.0	0.276	0.0042	0.0
5perc_10repeat	0.45	0.1761	0.8233	0.0144	0.001	0.0	0.0	0.0	0.8261	0.8204	0.0175	0.0012	0.8615	0.0014	0.0	0.2844	0.0044	0.0
40perc_5repeat	0.45	0.1795	0.8199	0.0161	0.0011	0.0	0.0	0.0	0.8194	0.8246	0.0196	0.0014	0.8652	0.0016	0.0	0.2811	0.0046	0.0
30perc_2repeat	0.45	0.1776	0.8218	0.0154	0.0011	0.0	0.0	0.0	0.8227	0.8223	0.0187	0.0013	0.8632	0.0016	0.0	0.277	0.0045	0.0
50perc_5repeat	0.45	0.1764	0.823	0.0156	0.0011	0.0	0.0	0.0	0.8227	0.8208	0.0189	0.0013	0.8623	0.0015	0.0	0.2789	0.004	0.0
60perc_2repeat	0.45	0.1776	0.8218	0.0148	0.001	0.0	0.0	0.0	0.8227	0.8223	0.018	0.0013	0.8634	0.0016	0.0	0.2825	0.0046	0.0
30perc_10repeat	0.45	0.1768	0.8226	0.0154	0.0011	0.0	0.0	0.0	0.8227	0.8213	0.0187	0.0013	0.8625	0.0015	0.0	0.2793	0.0042	0.0
40perc_10repeat	0.45	0.1781	0.8214	0.0145	0.001	0.0	0.0	0.0	0.8227	0.8228	0.0176	0.0012	0.8631	0.0015	0.0	0.2785	0.0044	0.0
70perc_10repeat	0.4	0.1779	0.8215	0.0135	0.001	0.0	0.0	0.0	0.8226	0.8228	0.0203	0.0014	0.8633	0.0017	0.0	0.2747	0.0049	0.0
60perc_5repeat	0.45	0.1778	0.8217	0.0152	0.0011	0.0	0.0	0.0	0.8194	0.8224	0.0185	0.0013	0.8616	0.0015	0.0	0.2759	0.0045	0.0
50perc_10repeat	0.45	0.177	0.8225	0.0148	0.001	0.0	0.0	0.0	0.8227	0.8215	0.018	0.0013	0.8629	0.0014	0.0	0.2807	0.0046	0.0
15perc_10repeat	0.45	0.1778	0.8216	0.0146	0.001	0.0	0.0	0.0	0.8227	0.8225	0.0177	0.0013	0.8624	0.0014	0.0	0.2761	0.0047	0.0
40perc_2repeat	0.45	0.1775	0.8219	0.0152	0.0011	0.0	0.0	0.0	0.8227	0.8221	0.0185	0.0013	0.8625	0.0014	0.0	0.2783	0.0045	0.0
90perc_2repeat	0.45	0.1784	0.8211	0.0142	0.001	0.0	0.0	0.0	0.8194	0.8231	0.0172	0.0012	0.8653	0.0014	0.0	0.2869	0.0043	0.0
80perc_5repeat	0.45	0.1791	0.8204	0.0154	0.0011	0.0	0.0	0.0	0.8194	0.824	0.0187	0.0013	0.864	0.0015	0.0	0.2725	0.0043	0.0
80perc_2repeat	0.45	0.174	0.8254	0.0138	0.001	0.0	0.0	0.0	0.8261	0.8179	0.0168	0.0012	0.8595	0.0016	0.0	0.2895	0.0042	0.0
90perc_5repeat	0.45	0.1772	0.8222	0.0152	0.0011	0.0	0.0	0.0	0.8227	0.8218	0.0184	0.0013	0.8617	0.0015	0.0	0.2757	0.0043	0.0
5perc_2repeat	0.5	0.1751	0.8243	0.0165	0.0012	0.0	0.0	0.0	0.8235	0.8197	0.0165	0.0012	0.8606	0.0014	0.0	0.2803	0.0037	0.0
100perc_5repeat	0.45	0.1768	0.8226	0.0151	0.0011	0.0	0.0	0.0	0.8227	0.8213	0.0184	0.0013	0.8621	0.0014	0.0	0.2812	0.0042	0.0
15perc_2repeat	0.5	0.1784	0.821	0.0173	0.0012	0.0	0.0	0.0	0.8199	0.823	0.0172	0.0012	0.8645	0.0014	0.0	0.2788	0.0041	0.0
5perc_5repeat	0.5	0.1802	0.8192	0.0165	0.0012	0.0	0.0	0.0	0.8199	0.8248	0.0165	0.0012	0.8651	0.0013	0.0	0.2786	0.0036	0.0
100perc_2repeat	0.45	0.177	0.8224	0.0149	0.0011	0.0	0.0	0.0	0.8227	0.8215	0.0182	0.0013	0.862	0.0014	0.0	0.2862	0.0045	0.0
70perc_2repeat	0.45	0.1781	0.8213	0.0141	0.001	0.0	0.0	0.0	0.8194	0.8229	0.0171	0.0012	0.8634	0.0016	0.0	0.2847	0.0045	0.0
90perc_10repeat	0.45	0.1783	0.8211	0.0149	0.0011	0.0	0.0	0.0	0.8194	0.8231	0.0181	0.0013	0.8636	0.0017	0.0	0.2814	0.0046	0.0
40perc_2repeat	0.5	0.1782	0.8212	0.0161	0.0011	0.0	0.0	0.0	0.8235	0.8228	0.016	0.0011	0.8639	0.0013	0.0	0.2777	0.0039	0.0
15perc_5repeat	0.5	0.1782	0.8212	0.0168	0.0012	0.0	0.0	0.0	0.8199	0.8228	0.0168	0.0012	0.8635	0.0013	0.0	0.2791	0.0038	0.0
30perc_5repeat	0.5	0.1795	0.8199	0.0165	0.0012	0.0	0.0	0.0	0.8199	0.8241	0.0165	0.0012	0.8649	0.0013	0.0	0.2807	0.0041	0.0
100perc_10repeat	0.45	0.1787	0.8207	0.0158	0.0011	0.0	0.0	0.0	0.8227	0.8236	0.0192	0.0014	0.8654	0.0014	0.0	0.2796	0.0042	0.0
50perc_2repeat	0.5	0.1792	0.8202	0.0154	0.0011	0.0	0.0	0.0	0.8199	0.8238	0.0153	0.0011	0.8659	0.0013	0.0	0.2826	0.0036	0.0
30perc_2repeat	0.5	0.1776	0.8218	0.0168	0.0012	0.0	0.0	0.0	0.8199	0.8222	0.0167	0.0012	0.8628	0.0013	0.0	0.2752	0.0042	0.0
70perc_5repeat	0.45	0.1774	0.8221	0.0146	0.001	0.0	0.0	0.0	0.8227	0.822	0.0178	0.0013	0.8621	0.0016	0.0	0.2769	0.0046	0.0
60perc_10repeat	0.45	0.1758	0.8236	0.0148	0.001	0.0	0.0	0.0	0.8227	0.8201	0.018	0.0013	0.8619	0.0014	0.0	0.2761	0.0042	0.0
15perc_10repeat	0.5	0.1779	0.8216	0.0151	0.0011	0.0	0.0	0.0	0.8235	0.8225	0.015	0.0011	0.8636	0.0013	0.0	0.274	0.004	0.0
50perc_5repeat	0.5	0.1774	0.822	0.0168	0.0012	0.0	0.0	0.0	0.8217	0.822	0.0168	0.0012	0.8624	0.0013	0.0	0.2779	0.0041	0.0
30perc_10repeat	0.5	0.1771	0.8224	0.0164	0.0012	0.0	0.0	0.0	0.8217	0.8217	0.0164	0.0012	0.8625	0.0013	0.0	0.2765	0.004	0.0
60perc_5repeat	0.5	0.1764	0.823	0.0157	0.0011	0.0	0.0	0.0	0.8235	0.821	0.0156	0.0011	0.8623	0.0014	0.0	0.2818	0.0042	0.0
40perc_5repeat	0.5	0.1773	0.8221	0.0156	0.0011	0.0	0.0	0.0	0.8235	0.822	0.0156	0.0011	0.8628	0.0012	0.0	0.2815	0.0039	0.0
70perc_10repeat	0.45	0.1767	0.8227	0.0142	0.001	0.0	0.0	0.0	0.8227	0.8212	0.0173	0.0012	0.8625	0.0013	0.0	0.2841	0.0047	0.0
40perc_10repeat	0.5	0.1785	0.8209	0.0162	0.0011	0.0	0.0	0.0	0.8199	0.8232	0.0161	0.0011	0.8619	0.0014	0.0	0.277	0.0035	0.0
80perc_10repeat	0.45	0.1785	0.821	0.0158	0.0011	0.0	0.0	0.0	0.8227	0.8233	0.0192	0.0014	0.8648	0.0016	0.0	0.2719	0.0047	0.0
50perc_10repeat	0.5	0.1791	0.8203	0.0171	0.0012	0.0	0.0	0.0	0.8199	0.8237	0.017	0.0012	0.8642	0.0013	0.0	0.2787	0.0045	0.0
70perc_2repeat	0.5	0.1782	0.8212	0.0156	0.0011	0.0	0.0	0.0	0.8199	0.8228	0.0156	0.0011	0.8627	0.0013	0.0	0.2743	0.004	0.0
60perc_10repeat	0.5	0.1774	0.822	0.0159	0.0011	0.0	0.0	0.0	0.8235	0.822	0.0158	0.0011	0.8626	0.0013	0.0	0.2763	0.0039	0.0
80perc_2repeat	0.5	0.1765	0.8229	0.0151	0.0011	0.0	0.0	0.0	0.8235	0.8212	0.0151	0.0011	0.862	0.0013	0.0	0.2815	0.0042	0.0
60perc_2repeat	0.5	0.1783	0.821	0.0147	0.001	0.0	0.0	0.0	0.8199	0.823	0.0147	0.001	0.8623	0.0013	0.0	0.2767	0.0042	0.0
90perc_2repeat	0.5	0.1774	0.822	0.0166	0.0012	0.0	0.0	0.0	0.8199	0.822	0.0165	0.0012	0.8632	0.0014	0.0	0.2749	0.0041	0.0
5perc_2repeat	0.6	0.1756	0.8238	0.0192	0.0014	0.0	0.0	0.0	0.8257	0.8208	0.0128	0.0009	0.8619	0.0009	0.0	0.2779	0.0031	0.0
5perc_10repeat	0.5	0.1788	0.8206	0.0171	0.0012	0.0	0.0	0.0	0.8199	0.8234	0.017	0.0012	0.8633	0.0015	0.0	0.2745	0.0037	0.0
15perc_2repeat	0.6	0.1793	0.8201	0.0197	0.0014	0.0	0.0	0.0	0.8211	0.8233	0.0131	0.0009	0.863	0.0011	0.0	0.2792	0.0033	0.0
70perc_10repeat	0.5	0.1776	0.8218	0.0156	0.0011	0.0	0.0	0.0	0.8235	0.8222	0.0156	0.0011	0.8613	0.0013	0.0	0.2766	0.004	0.0
100perc_2repeat	0.5	0.1782	0.8212	0.0172	0.0012	0.0	0.0	0.0	0.8199	0.8228	0.0172	0.0012	0.8627	0.0013	0.0	0.2721	0.004	0.0
90perc_5repeat	0.5	0.1769	0.8225	0.0167	0.0012	0.0	0.0	0.0	0.8199	0.8216	0.0167	0.0012	0.8614	0.0014	0.0	0.2777	0.0042	0.0
5perc_5repeat	0.6	0.1778	0.8216	0.0202	0.0014	0.0	0.0	0.0	0.8211	0.8223	0.0135	0.001	0.8624	0.0011	0.0	0.2745	0.0031	0.0
15perc_5repeat	0.6	0.1768	0.8227	0.0211	0.0015	0.0	0.0	0.0	0.8211	0.8216	0.0141	0.001	0.8634	0.0011	0.0	0.277	0.0031	0.0
80perc_10repeat	0.5	0.1757	0.8237	0.0166	0.0012	0.0	0.0	0.0	0.8235	0.8203	0.0165	0.0012	0.8611	0.0014	0.0	0.2826	0.004	0.0
70perc_5repeat	0.5	0.1767	0.8226	0.0156	0.0011	0.0	0.0	0.0	0.8235	0.8214	0.0155	0.0011	0.8626	0.0013	0.0	0.2837	0.004	0.0
80perc_5repeat	0.5	0.176	0.8234	0.0154	0.0011	0.0	0.0	0.0	0.8235	0.8207	0.0153	0.0011	0.8617	0.0012	0.0	0.2886	0.0041	0.0
40perc_2repeat	0.6	0.1737	0.8257	0.0203	0.0014	0.0	0.0	0.0	0.8257	0.8195	0.0135	0.001	0.8624	0.0011	0.0	0.2812	0.003	0.0
30perc_2repeat	0.6	0.1783	0.8212	0.0221	0.0016	0.0	0.0	0.0	0.8211	0.8226	0.0148	0.001	0.864	0.0011	0.0	0.2792	0.0033	0.0
50perc_2repeat	0.6	0.1784	0.821	0.0219	0.0015	0.0	0.0	0.0	0.8211	0.8227	0.0146	0.001	0.8643	0.0011	0.0	0.2836	0.0034	0.0
90perc_10repeat	0.5	0.1762	0.8232	0.017	0.0012	0.0	0.0	0.0	0.8235	0.8208	0.017	0.0012	0.8611	0.0013	0.0	0.2745	0.0041	0.0
100perc_5repeat	0.5	0.1758	0.8236	0.0166	0.0012	0.0	0.0	0.0	0.8272	0.8204	0.0166	0.0012	0.861	0.0013	0.0	0.2878	0.0037	0.0
60perc_2repeat	0.6	0.1772	0.8222	0.0193	0.0014	0.0	0.0	0.0	0.8211	0.8219	0.0129	0.0009	0.8635	0.0011	0.0	0.2823	0.0034	0.0
40perc_5repeat	0.6	0.1769	0.8225	0.0192	0.0014	0.0	0.0	0.0	0.8211	0.8217	0.0128	0.0009	0.8616	0.001	0.0	0.2782	0.003	0.0
5perc_10repeat	0.6	0.1768	0.8226	0.0201	0.0014	0.0	0.0	0.0	0.8211	0.8217	0.0134	0.0009	0.8634	0.0011	0.0	0.2789	0.0033	0.0
15perc_10repeat	0.6	0.1773	0.8221	0.0192	0.0014	0.0	0.0	0.0	0.8211	0.822	0.0128	0.0009	0.8641	0.001	0.0	0.2832	0.0031	0.0
50perc_5repeat	0.6	0.1766	0.8228	0.021	0.0015	0.0	0.0	0.0	0.8211	0.8215	0.014	0.001	0.8626	0.001	0.0	0.2803	0.0032	0.0
40perc_10repeat	0.6	0.1772	0.8222	0.0193	0.0014	0.0	0.0	0.0	0.8211	0.8219	0.0129	0.0009	0.8637	0.001	0.0	0.2802	0.0031	0.0
70perc_2repeat	0.6	0.1788	0.8206	0.0209	0.0015	0.0	0.0	0.0	0.8211	0.823	0.0139	0.001	0.8624	0.0011	0.0	0.2783	0.0033	0.0
70perc_5repeat	0.6	0.1757	0.8237	0.0193	0.0014	0.0	0.0	0.0	0.8257	0.8209	0.0129	0.0009	0.8609	0.0011	0.0	0.2791	0.0032	0.0
30perc_5repeat	0.6	0.1791	0.8203	0.0184	0.0013	0.0	0.0	0.0	0.8211	0.8232	0.0122	0.0009	0.8632	0.001	0.0	0.2773	0.0032	0.0
60perc_10repeat	0.6	0.1775	0.8219	0.02	0.0014	0.0	0.0	0.0	0.8211	0.8221	0.0133	0.0009	0.8617	0.0011	0.0	0.2764	0.0031	0.0
80perc_5repeat	0.6	0.1783	0.8212	0.0195	0.0014	0.0	0.0	0.0	0.8211	0.8226	0.013	0.0009	0.8638	0.001	0.0	0.2772	0.0034	0.0
100perc_2repeat	0.6	0.1795	0.8199	0.0195	0.0014	0.0	0.0	0.0	0.8188	0.8234	0.013	0.0009	0.8647	0.001	0.0	0.2764	0.0035	0.0
5perc_2repeat	0.7	0.1763	0.8231	0.0247	0.0017	0.0	0.0	0.0	0.8282	0.8216	0.0105	0.0007	0.862	0.0008	0.0	0.2789	0.0026	0.0
100perc_10repeat	0.5	0.1777	0.8217	0.0169	0.0012	0.0	0.0	0.0	0.8217	0.8223	0.0169	0.0012	0.8611	0.0013	0.0	0.2789	0.0037	0.0
70perc_10repeat	0.6	0.1764	0.823	0.02	0.0014	0.0	0.0	0.0	0.8211	0.8213	0.0133	0.0009	0.8625	0.001	0.0	0.2794	0.0033	0.0
90perc_5repeat	0.6	0.1776	0.8219	0.0176	0.0012	0.0	0.0	0.0	0.8211	0.8221	0.0117	0.0008	0.8642	0.001	0.0	0.2792	0.0034	0.0
30perc_2repeat	0.7	0.1804	0.819	0.0261	0.0018	0.0	0.0	0.0	0.8221	0.8233	0.0111	0.0008	0.864	0.0009	0.0	0.278	0.0026	0.0
40perc_2repeat	0.7	0.1795	0.8199	0.025	0.0018	0.0	0.0	0.0	0.8221	0.8229	0.0107	0.0008	0.8634	0.0008	0.0	0.2794	0.0025	0.0
5perc_5repeat	0.7	0.1779	0.8216	0.0267	0.0019	0.0	0.0	0.0	0.8221	0.8222	0.0114	0.0008	0.8634	0.0009	0.0	0.2763	0.0024	0.0
100perc_5repeat	0.6	0.176	0.8234	0.0194	0.0014	0.0	0.0	0.0	0.8211	0.8211	0.0129	0.0009	0.863	0.001	0.0	0.2838	0.003	0.0
60perc_5repeat	0.6	0.1777	0.8217	0.0201	0.0014	0.0	0.0	0.0	0.8211	0.8222	0.0134	0.0009	0.8632	0.0011	0.0	0.2779	0.0031	0.0
15perc_2repeat	0.7	0.177	0.8224	0.0244	0.0017	0.0	0.0	0.0	0.8221	0.8218	0.0104	0.0007	0.8627	0.0008	0.0	0.2776	0.0026	0.0
15perc_5repeat	0.7	0.1766	0.8228	0.0251	0.0018	0.0	0.0	0.0	0.8221	0.8217	0.0107	0.0008	0.8617	0.0008	0.0	0.2749	0.0024	0.0
80perc_2repeat	0.6	0.1767	0.8227	0.02	0.0014	0.0	0.0	0.0	0.8211	0.8216	0.0133	0.0009	0.8613	0.001	0.0	0.2738	0.0032	0.0
30perc_10repeat	0.6	0.1756	0.8238	0.019	0.0013	0.0	0.0	0.0	0.8211	0.8208	0.0127	0.0009	0.8613	0.0011	0.0	0.2762	0.003	0.0
50perc_2repeat	0.7	0.1789	0.8205	0.0265	0.0019	0.0	0.0	0.0	0.816	0.8227	0.0113	0.0008	0.8643	0.0009	0.0	0.2805	0.0026	0.0
80perc_10repeat	0.6	0.1778	0.8216	0.0201	0.0014	0.0	0.0	0.0	0.8211	0.8223	0.0134	0.0009	0.8625	0.0011	0.0	0.276	0.0031	0.0
30perc_5repeat	0.7	0.1743	0.8251	0.0248	0.0018	0.0	0.0	0.0	0.8252	0.8207	0.0106	0.0007	0.8617	0.0008	0.0	0.2851	0.0024	0.0
90perc_10repeat	0.6	0.1758	0.8236	0.0202	0.0014	0.0	0.0	0.0	0.8211	0.821	0.0135	0.001	0.863	0.0011	0.0	0.2818	0.0034	0.0
90perc_2repeat	0.6	0.1771	0.8223	0.0199	0.0014	0.0	0.0	0.0	0.8211	0.8218	0.0133	0.0009	0.8619	0.0011	0.0	0.2812	0.0031	0.0
40perc_5repeat	0.7	0.1785	0.821	0.0246	0.0017	0.0	0.0	0.0	0.8221	0.8225	0.0105	0.0007	0.8635	0.0009	0.0	0.2783	0.0027	0.0
50perc_10repeat	0.6	0.1779	0.8215	0.0192	0.0014	0.0	0.0	0.0	0.8211	0.8223	0.0128	0.0009	0.8637	0.0011	0.0	0.2784	0.0031	0.0
100perc_10repeat	0.6	0.1769	0.8225	0.0194	0.0014	0.0	0.0	0.0	0.8211	0.8217	0.0129	0.0009	0.8633	0.001	0.0	0.2817	0.0031	0.0
60perc_2repeat	0.7	0.1764	0.8229	0.0247	0.0017	0.0	0.0	0.0	0.8221	0.8216	0.0105	0.0007	0.8622	0.0009	0.0	0.2832	0.0025	0.0
70perc_2repeat	0.7	0.1783	0.8211	0.0247	0.0017	0.0	0.0	0.0	0.8221	0.8224	0.0105	0.0007	0.863	0.0009	0.0	0.2822	0.0024	0.0
40perc_10repeat	0.7	0.1777	0.8217	0.0231	0.0016	0.0	0.0	0.0	0.8221	0.8221	0.0099	0.0007	0.8636	0.0008	0.0	0.2798	0.0022	0.0
60perc_5repeat	0.7	0.1757	0.8237	0.0251	0.0018	0.0	0.0	0.0	0.8221	0.8213	0.0107	0.0008	0.8631	0.0009	0.0	0.2776	0.0027	0.0
80perc_2repeat	0.7	0.1795	0.8199	0.0272	0.0019	0.0	0.0	0.0	0.8221	0.8229	0.0116	0.0008	0.8645	0.0009	0.0	0.2799	0.0025	0.0
15perc_10repeat	0.7	0.1771	0.8223	0.0254	0.0018	0.0	0.0	0.0	0.8221	0.8219	0.0108	0.0008	0.8627	0.0008	0.0	0.2795	0.0024	0.0
50perc_5repeat	0.7	0.1777	0.8217	0.0269	0.0019	0.0	0.0	0.0	0.8221	0.8222	0.0115	0.0008	0.8626	0.0009	0.0	0.2794	0.0026	0.0
90perc_2repeat	0.7	0.1787	0.8207	0.0262	0.0018	0.0	0.0	0.0	0.8221	0.8226	0.0112	0.0008	0.8639	0.0008	0.0	0.2788	0.0025	0.0
30perc_10repeat	0.7	0.1798	0.8196	0.0237	0.0017	0.0	0.0	0.0	0.8221	0.8231	0.0101	0.0007	0.8623	0.0009	0.0	0.2751	0.0025	0.0
30perc_2repeat	0.8	0.1801	0.8193	0.0304	0.0021	0.0	0.0	0.0	0.8241	0.8227	0.0075	0.0005	0.8635	0.0006	0.0	0.2779	0.0019	0.0
70perc_5repeat	0.7	0.1804	0.819	0.0244	0.0017	0.0	0.0	0.0	0.8221	0.8233	0.0104	0.0007	0.8642	0.0009	0.0	0.2789	0.0025	0.0
100perc_2repeat	0.7	0.1793	0.8201	0.0235	0.0017	0.0	0.0	0.0	0.8221	0.8228	0.01	0.0007	0.864	0.0008	0.0	0.2799	0.0022	0.0
5perc_2repeat	0.8	0.1776	0.8219	0.0332	0.0024	0.0	0.0	0.0	0.8241	0.8221	0.0082	0.0006	0.8638	0.0007	0.0	0.2812	0.0018	0.0
50perc_10repeat	0.7	0.178	0.8214	0.0241	0.0017	0.0	0.0	0.0	0.8221	0.8223	0.0103	0.0007	0.8627	0.0009	0.0	0.2762	0.0024	0.0
40perc_2repeat	0.8	0.1808	0.8185	0.0349	0.0025	0.0	0.0	0.0	0.8148	0.8229	0.0086	0.0006	0.8637	0.0007	0.0	0.2784	0.002	0.0
5perc_5repeat	0.8	0.1742	0.8251	0.0363	0.0026	0.0	0.0	0.0	0.8333	0.8212	0.009	0.0006	0.8621	0.0007	0.0	0.2786	0.0019	0.0
90perc_5repeat	0.7	0.1768	0.8226	0.0258	0.0018	0.0	0.0	0.0	0.8221	0.8218	0.011	0.0008	0.8615	0.0009	0.0	0.2753	0.0025	0.0
15perc_5repeat	0.8	0.1768	0.8225	0.0317	0.0022	0.0	0.0	0.0	0.8241	0.8219	0.0078	0.0006	0.8628	0.0006	0.0	0.2783	0.0019	0.0
5perc_10repeat	0.7	0.1756	0.8237	0.0263	0.0019	0.0	0.0	0.0	0.8221	0.8213	0.0112	0.0008	0.8621	0.0009	0.0	0.2773	0.0024	0.0
100perc_5repeat	0.7	0.1786	0.8208	0.0245	0.0017	0.0	0.0	0.0	0.8221	0.8225	0.0104	0.0007	0.8632	0.0009	0.0	0.2773	0.0023	0.0
15perc_2repeat	0.8	0.1752	0.8241	0.0299	0.0021	0.0	0.0	0.0	0.8241	0.8215	0.0074	0.0005	0.8626	0.0006	0.0	0.2772	0.0016	0.0
30perc_5repeat	0.8	0.1751	0.8242	0.034	0.0024	0.0	0.0	0.0	0.8241	0.8215	0.0084	0.0006	0.8627	0.0006	0.0	0.2808	0.0018	0.0
70perc_10repeat	0.7	0.1806	0.8188	0.0249	0.0018	0.0	0.0	0.0	0.816	0.8234	0.0106	0.0008	0.8641	0.0008	0.0	0.2755	0.0025	0.0
80perc_10repeat	0.7	0.1768	0.8226	0.0239	0.0017	0.0	0.0	0.0	0.8221	0.8218	0.0102	0.0007	0.8634	0.0008	0.0	0.2788	0.0025	0.0
60perc_2repeat	0.8	0.178	0.8214	0.0335	0.0024	0.0	0.0	0.0	0.8241	0.8222	0.0083	0.0006	0.8627	0.0007	0.0	0.2795	0.002	0.0
50perc_2repeat	0.8	0.176	0.8234	0.0332	0.0024	0.0	0.0	0.0	0.8241	0.8217	0.0082	0.0006	0.8622	0.0006	0.0	0.2788	0.0018	0.0
90perc_10repeat	0.7	0.178	0.8214	0.027	0.0019	0.0	0.0	0.0	0.816	0.8223	0.0115	0.0008	0.8638	0.001	0.0	0.278	0.0026	0.0
80perc_5repeat	0.7	0.1779	0.8215	0.024	0.0017	0.0	0.0	0.0	0.8221	0.8222	0.0102	0.0007	0.8622	0.0008	0.0	0.2766	0.0026	0.0
15perc_10repeat	0.8	0.1765	0.8229	0.0325	0.0023	0.0	0.0	0.0	0.8241	0.8218	0.008	0.0006	0.8634	0.0007	0.0	0.2811	0.0019	0.0
80perc_2repeat	0.8	0.1798	0.8195	0.0338	0.0024	0.0	0.0	0.0	0.8148	0.8226	0.0084	0.0006	0.8637	0.0007	0.0	0.2833	0.002	0.0
50perc_5repeat	0.8	0.1751	0.8244	0.0349	0.0025	0.0	0.0	0.0	0.8241	0.8214	0.0086	0.0006	0.8627	0.0007	0.0	0.2776	0.002	0.0
70perc_2repeat	0.8	0.1753	0.8241	0.031	0.0022	0.0	0.0	0.0	0.8241	0.8215	0.0077	0.0005	0.8621	0.0007	0.0	0.28	0.002	0.0
60perc_5repeat	0.8	0.1759	0.8235	0.0322	0.0023	0.0	0.0	0.0	0.8241	0.8217	0.008	0.0006	0.8632	0.0007	0.0	0.2788	0.0019	0.0
40perc_5repeat	0.8	0.1806	0.8188	0.0319	0.0023	0.0	0.0	0.0	0.8241	0.8228	0.0079	0.0006	0.8635	0.0006	0.0	0.2764	0.002	0.0
15perc_2repeat	0.9	0.1748	0.8245	0.0508	0.0036	0.0	0.0	0.0	0.8241	0.8217	0.0056	0.0004	0.863	0.0004	0.0	0.2801	0.0012	0.0
100perc_2repeat	0.8	0.1741	0.8253	0.0341	0.0024	0.0	0.0	0.0	0.8241	0.8212	0.0084	0.0006	0.8621	0.0006	0.0	0.2819	0.0018	0.0
40perc_10repeat	0.8	0.1748	0.8246	0.0321	0.0023	0.0	0.0	0.0	0.8241	0.8214	0.0079	0.0006	0.8625	0.0007	0.0	0.2789	0.0017	0.0
60perc_10repeat	0.7	0.1805	0.819	0.0239	0.0017	0.0	0.0	0.0	0.816	0.8233	0.0102	0.0007	0.8646	0.0008	0.0	0.2761	0.0024	0.0
70perc_5repeat	0.8	0.1797	0.8196	0.0341	0.0024	0.0	0.0	0.0	0.8241	0.8226	0.0084	0.0006	0.8636	0.0007	0.0	0.2776	0.002	0.0
5perc_2repeat	0.9	0.1758	0.8235	0.0486	0.0034	0.0	0.0	0.0	0.8333	0.8219	0.0053	0.0004	0.8634	0.0004	0.0	0.2809	0.0011	0.0
80perc_5repeat	0.8	0.1805	0.8188	0.0322	0.0023	0.0	0.0	0.0	0.8241	0.8228	0.008	0.0006	0.8634	0.0007	0.0	0.2736	0.0019	0.0
90perc_2repeat	0.8	0.1763	0.823	0.0346	0.0024	0.0	0.0	0.0	0.8241	0.8218	0.0086	0.0006	0.8625	0.0006	0.0	0.2784	0.002	0.0
5perc_5repeat	0.9	0.1768	0.8225	0.0495	0.0035	0.0	0.0	0.0	0.8333	0.822	0.0054	0.0004	0.8631	0.0004	0.0	0.279	0.0011	0.0
30perc_2repeat	0.9	0.1777	0.8218	0.0526	0.0037	0.0	0.0	0.0	0.8333	0.822	0.0058	0.0004	0.8631	0.0005	0.0	0.2766	0.0013	0.0
90perc_5repeat	0.8	0.1761	0.8232	0.0332	0.0023	0.0	0.0	0.0	0.8241	0.8217	0.0082	0.0006	0.8636	0.0007	0.0	0.2823	0.0022	0.0
100perc_5repeat	0.8	0.1727	0.8267	0.0314	0.0022	0.0	0.0	0.0	0.8333	0.8209	0.0078	0.0005	0.8623	0.0006	0.0	0.2829	0.0018	0.0
50perc_10repeat	0.8	0.1808	0.8187	0.0326	0.0023	0.0	0.0	0.0	0.8241	0.8228	0.0081	0.0006	0.8645	0.0007	0.0	0.2792	0.0019	0.0
5perc_10repeat	0.8	0.1778	0.8216	0.0321	0.0023	0.0	0.0	0.0	0.8241	0.8221	0.0079	0.0006	0.864	0.0007	0.0	0.2772	0.0018	0.0
15perc_5repeat	0.9	0.1817	0.8176	0.048	0.0034	0.0	0.0	0.0	0.8148	0.8225	0.0053	0.0004	0.8632	0.0004	0.0	0.2796	0.0012	0.0
100perc_10repeat	0.7	0.1812	0.8182	0.0249	0.0018	0.0	0.0	0.0	0.8221	0.8237	0.0106	0.0008	0.8648	0.0008	0.0	0.2762	0.0023	0.0
50perc_2repeat	0.9	0.1756	0.8238	0.0468	0.0033	0.0	0.0	0.0	0.8241	0.8218	0.0052	0.0004	0.8633	0.0005	0.0	0.2784	0.0013	0.0
30perc_10repeat	0.8	0.1844	0.815	0.0339	0.0024	0.0	0.0	0.0	0.8148	0.8238	0.0084	0.0006	0.8641	0.0006	0.0	0.2789	0.0019	0.0
40perc_2repeat	0.9	0.1809	0.8186	0.0467	0.0033	0.0	0.0	0.0	0.8148	0.8224	0.0051	0.0004	0.8638	0.0004	0.0	0.2775	0.0013	0.0
80perc_10repeat	0.8	0.1761	0.8233	0.0299	0.0021	0.0	0.0	0.0	0.8241	0.8217	0.0074	0.0005	0.8643	0.0006	0.0	0.2815	0.002	0.0
70perc_2repeat	0.9	0.1789	0.8206	0.0497	0.0035	0.0	0.0	0.0	0.8148	0.8222	0.0055	0.0004	0.8634	0.0005	0.0	0.2792	0.0014	0.0
60perc_10repeat	0.8	0.1752	0.8243	0.032	0.0023	0.0	0.0	0.0	0.8241	0.8215	0.0079	0.0006	0.8626	0.0007	0.0	0.2773	0.0018	0.0
30perc_5repeat	0.9	0.1859	0.8133	0.0515	0.0036	0.0	0.0	0.0	0.8148	0.823	0.0057	0.0004	0.8644	0.0004	0.0	0.2764	0.0012	0.0
40perc_5repeat	0.9	0.1786	0.8208	0.05	0.0035	0.0	0.0	0.0	0.8148	0.8221	0.0055	0.0004	0.8634	0.0004	0.0	0.2779	0.0013	0.0
90perc_10repeat	0.8	0.1777	0.8217	0.0331	0.0023	0.0	0.0	0.0	0.8241	0.8221	0.0082	0.0006	0.863	0.0007	0.0	0.276	0.002	0.0
70perc_10repeat	0.8	0.1789	0.8205	0.0361	0.0026	0.0	0.0	0.0	0.8241	0.8224	0.0089	0.0006	0.8636	0.0007	0.0	0.278	0.0021	0.0
100perc_10repeat	0.8	0.1766	0.8228	0.0332	0.0023	0.0	0.0	0.0	0.8241	0.8218	0.0082	0.0006	0.8625	0.0006	0.0	0.2799	0.0019	0.0
90perc_2repeat	0.9	0.1767	0.8227	0.0435	0.0031	0.0	0.0	0.0	0.8333	0.8219	0.0048	0.0003	0.8633	0.0004	0.0	0.2788	0.0012	0.0
50perc_5repeat	0.9	0.1794	0.8199	0.0514	0.0036	0.0	0.0	0.0	0.8241	0.8223	0.0056	0.0004	0.8631	0.0005	0.0	0.2773	0.0012	0.0
60perc_2repeat	0.9	0.1742	0.8251	0.045	0.0032	0.0	0.0	0.0	0.8333	0.8217	0.005	0.0004	0.8629	0.0005	0.0	0.2786	0.0015	0.0
100perc_2repeat	0.9	0.1841	0.8152	0.048	0.0034	0.0	0.0	0.0	0.8148	0.8228	0.0053	0.0004	0.8638	0.0004	0.0	0.2795	0.0012	0.0
60perc_5repeat	0.9	0.1857	0.8137	0.0509	0.0036	0.0	0.0	0.0	0.8148	0.8229	0.0056	0.0004	0.864	0.0005	0.0	0.2782	0.0013	0.0
80perc_2repeat	0.9	0.1744	0.8249	0.0511	0.0036	0.0	0.0	0.0	0.8333	0.8217	0.0056	0.0004	0.8627	0.0005	0.0	0.2802	0.0015	0.0
15perc_10repeat	0.9	0.1763	0.8231	0.0532	0.0038	0.0	0.0	0.0	0.8148	0.8219	0.0058	0.0004	0.8629	0.0005	0.0	0.2767	0.0013	0.0
80perc_5repeat	0.9	0.1778	0.8217	0.0518	0.0037	0.0	0.0	0.0	0.8148	0.8221	0.0057	0.0004	0.8633	0.0005	0.0	0.2786	0.0015	0.0
30perc_10repeat	0.9	0.1797	0.8196	0.0489	0.0035	0.0	0.0	0.0	0.8148	0.8223	0.0054	0.0004	0.8636	0.0004	0.0	0.2799	0.0012	0.0
90perc_5repeat	0.9	0.1742	0.8253	0.0475	0.0034	0.0	0.0	0.0	0.8333	0.8217	0.0052	0.0004	0.8626	0.0004	0.0	0.2783	0.0013	0.0
100perc_5repeat	0.9	0.1775	0.8219	0.0506	0.0036	0.0	0.0	0.0	0.8333	0.822	0.0056	0.0004	0.8632	0.0004	0.0	0.2786	0.0012	0.0
40perc_10repeat	0.9	0.1742	0.8252	0.0488	0.0035	0.0	0.0	0.0	0.8333	0.8217	0.0054	0.0004	0.8625	0.0004	0.0	0.2779	0.0012	0.0
70perc_5repeat	0.9	0.1756	0.8238	0.0501	0.0035	0.0	0.0	0.0	0.8148	0.8218	0.0055	0.0004	0.8628	0.0005	0.0	0.2783	0.0014	0.0
5perc_10repeat	0.9	0.1765	0.8229	0.0546	0.0039	0.0	0.0	0.0	0.8148	0.8219	0.006	0.0004	0.8633	0.0004	0.0	0.2785	0.0012	0.0
50perc_10repeat	0.9	0.1799	0.8194	0.0489	0.0035	0.0	0.0	0.0	0.8148	0.8223	0.0054	0.0004	0.863	0.0004	0.0	0.2787	0.0013	0.0
60perc_10repeat	0.9	0.1824	0.8169	0.0492	0.0035	0.0	0.0	0.0	0.8148	0.8226	0.0054	0.0004	0.8633	0.0005	0.0	0.276	0.0013	0.0
70perc_10repeat	0.9	0.1765	0.8229	0.0518	0.0037	0.0	0.0	0.0	0.8148	0.8219	0.0057	0.0004	0.863	0.0004	0.0	0.2812	0.0013	0.0
90perc_10repeat	0.9	0.1797	0.8196	0.0459	0.0032	0.0	0.0	0.0	0.8148	0.8223	0.0051	0.0004	0.8632	0.0004	0.0	0.2786	0.0015	0.0
80perc_10repeat	0.9	0.1727	0.8267	0.0459	0.0032	0.0	0.0	0.0	0.8333	0.8215	0.005	0.0004	0.8627	0.0005	0.0	0.2796	0.0015	0.0
100perc_10repeat	0.9	0.1744	0.8251	0.0505	0.0036	0.0	0.0	0.0	0.8333	0.8217	0.0056	0.0004	0.8627	0.0004	0.0	0.2794	0.0011	0.0
