Label	trainingSize	SquaredLoss_Mean	Accuracy_Mean	Accuracy_SD	Accuracy_SE	Precision_Mean	Recall_Mean	F1	Accuracy_Median	PriorClass0_Mean	PriorClass0_SD	PriorClass0_SE	ProbabilityEstimate_0given0_Mean 	ProbabilityEstimate_0given0_SD 	ProbabilityEstimate_0given0_SE 	ProbabilityEstimate_1given1_Mean	ProbabilityEstimate_1given1_SD	ProbabilityEstimate_1given1_SE

original	0.9	0.3144	0.6704	0.0555	0.0039	0.0	0.0	0.0	0.6557	0.671	0.0061	0.0004	0.7302	0.0005	0.0	0.3964	0.0009	0.0
original	0.8	0.3109	0.6731	0.0389	0.0028	0.0	0.0	0.0	0.6707	0.6704	0.0096	0.0007	0.729	0.0009	0.0	0.395	0.0012	0.0
original	0.7	0.3148	0.6697	0.0285	0.002	0.0	0.0	0.0	0.672	0.6715	0.0122	0.0009	0.7281	0.0011	0.0	0.3937	0.0018	0.0
original	0.6	0.3141	0.6714	0.0218	0.0015	0.0	0.0	0.0	0.6714	0.6707	0.0145	0.001	0.729	0.0014	0.0	0.3975	0.0021	0.0
original	0.5	0.3179	0.6684	0.0177	0.0012	0.0	0.0	0.0	0.6677	0.6736	0.0177	0.0012	0.7322	0.0018	0.0	0.3907	0.0028	0.0
original	0.45	0.3156	0.6703	0.0192	0.0014	0.0	0.0	0.0	0.6701	0.6717	0.0235	0.0017	0.7326	0.0022	0.0	0.3962	0.0032	0.0
original	0.4	0.3134	0.6721	0.0156	0.0011	0.0	0.0	0.0	0.672	0.6693	0.0234	0.0017	0.7237	0.0022	0.0	0.3957	0.0034	0.0
original	0.1	0.3114	0.6595	0.0584	0.0041	0.0375	0.0305	0.0336	0.672	0.6645	0.0545	0.0039	0.6983	0.0079	0.0	0.4078	0.01	0.0
original	0.35	0.3145	0.6717	0.0132	0.0009	0.0	0.0	0.0	0.67	0.6697	0.0245	0.0017	0.7286	0.0026	0.0	0.3956	0.0038	0.0
original	0.3	0.315	0.6712	0.0123	0.0009	0.0002	0.0	0.0	0.6705	0.6705	0.0287	0.002	0.7241	0.0029	0.0	0.3801	0.0044	0.0
original	0.25	0.3136	0.6717	0.0106	0.0007	0.0002	0.0	0.0	0.671	0.6688	0.0317	0.0022	0.7201	0.0033	0.0	0.3972	0.005	0.0
original	0.2	0.315	0.6701	0.0097	0.0007	0.004	0.0001	0.0002	0.6704	0.6745	0.0389	0.0027	0.7237	0.0043	0.0	0.3888	0.0067	0.0
original	0.05	0.3142	0.6357	0.0905	0.0064	0.0809	0.0924	0.0863	0.6689	0.6721	0.0822	0.0058	0.635	0.0122	0.0	0.3916	0.0121	0.0



15perc_2repeat	0.1	0.3041	0.6589	0.0582	0.0041	0.0489	0.0328	0.0393	0.6703	0.633	0.0476	0.0034	0.6657	0.0068	0.0	0.3926	0.0098	0.0
30perc_5repeat	0.1	0.2906	0.6547	0.0659	0.0047	0.0511	0.0439	0.0472	0.6685	0.5915	0.0362	0.0026	0.6149	0.0049	0.0	0.4204	0.0064	0.0
90perc_2repeat	0.05	0.4545	0.4248	0.1343	0.0095	0.3135	0.7182	0.4364	0.3349	0.4723	0.0301	0.0021	0.5498	0.0109	0.0	0.5848	0.0118	0.0
90perc_5repeat	0.05	0.5306	0.3653	0.0904	0.0064	0.3264	0.8969	0.4787	0.3311	0.4156	0.0399	0.0028	0.4841	0.0113	0.0	0.6268	0.0124	0.0
80perc_5repeat	0.05	0.4501	0.412	0.1315	0.0093	0.3274	0.7617	0.458	0.3328	0.4568	0.0351	0.0025	0.4888	0.0086	0.0	0.5545	0.0106	0.0
5perc_5repeat	0.1	0.3118	0.6564	0.0625	0.0044	0.0373	0.0363	0.0367	0.6703	0.6626	0.0495	0.0035	0.6959	0.0078	0.0	0.3733	0.0116	0.0
100perc_2repeat	0.05	0.5027	0.3955	0.1149	0.0081	0.3391	0.8099	0.4781	0.3334	0.443	0.0275	0.0019	0.5721	0.0146	0.0	0.634	0.0142	0.0
15perc_5repeat	0.1	0.3006	0.6626	0.0459	0.0032	0.0439	0.0213	0.0287	0.6703	0.6294	0.0445	0.0031	0.6636	0.0066	0.0	0.3849	0.0083	0.0
100perc_5repeat	0.05	0.5463	0.3776	0.1031	0.0073	0.3234	0.8606	0.4701	0.3328	0.386	0.0589	0.0042	0.4885	0.0167	0.0	0.6414	0.0165	0.0
80perc_2repeat	0.05	0.3953	0.4953	0.1539	0.0109	0.2829	0.5111	0.3642	0.4863	0.4925	0.0352	0.0025	0.5605	0.0102	0.0	0.5552	0.0124	0.0
70perc_5repeat	0.05	0.3957	0.4557	0.1487	0.0105	0.3077	0.6294	0.4133	0.3419	0.4804	0.032	0.0023	0.5071	0.0082	0.0	0.5389	0.0087	0.0
70perc_2repeat	0.05	0.3526	0.5396	0.1518	0.0107	0.2516	0.3805	0.3029	0.6574	0.5161	0.0366	0.0026	0.5466	0.0097	0.0	0.515	0.0112	0.0
30perc_2repeat	0.05	0.3316	0.5962	0.1284	0.0091	0.1254	0.2061	0.1559	0.6672	0.6016	0.065	0.0046	0.5896	0.0115	0.0	0.4202	0.0124	0.0
15perc_2repeat	0.05	0.328	0.6163	0.1152	0.0081	0.0921	0.1514	0.1145	0.6689	0.6361	0.0747	0.0053	0.6209	0.0137	0.0	0.3851	0.015	0.0
30perc_10repeat	0.1	0.2841	0.6521	0.0715	0.0051	0.0357	0.048	0.0409	0.6703	0.5797	0.0293	0.0021	0.5929	0.0043	0.0	0.4204	0.0052	0.0
80perc_10repeat	0.05	0.4891	0.3919	0.1205	0.0085	0.3273	0.8232	0.4684	0.3323	0.4277	0.039	0.0028	0.4486	0.0081	0.0	0.5797	0.0099	0.0
15perc_10repeat	0.1	0.3028	0.6616	0.0522	0.0037	0.021	0.0246	0.0226	0.6703	0.6252	0.0403	0.0029	0.653	0.0055	0.0	0.3986	0.0073	0.0
40perc_10repeat	0.1	0.2709	0.6414	0.09	0.0064	0.0842	0.0834	0.0838	0.6685	0.551	0.0251	0.0018	0.5648	0.0036	0.0	0.4555	0.0039	0.0
60perc_10repeat	0.05	0.3605	0.457	0.1545	0.0109	0.3087	0.6224	0.4127	0.339	0.486	0.0247	0.0017	0.4862	0.0057	0.0	0.5171	0.0057	0.0
30perc_5repeat	0.05	0.3155	0.6085	0.1216	0.0086	0.0975	0.1704	0.124	0.6686	0.5882	0.0528	0.0037	0.5871	0.0098	0.0	0.3969	0.0115	0.0
40perc_5repeat	0.05	0.3162	0.5997	0.1303	0.0092	0.1561	0.2028	0.1764	0.6672	0.5605	0.0439	0.0031	0.5707	0.0094	0.0	0.4375	0.0105	0.0
70perc_10repeat	0.05	0.4311	0.4131	0.1381	0.0098	0.3201	0.7572	0.45	0.3328	0.4629	0.03	0.0021	0.4754	0.0067	0.0	0.5477	0.007	0.0
30perc_10repeat	0.05	0.3173	0.6119	0.1197	0.0085	0.0745	0.1585	0.1013	0.6689	0.5871	0.0498	0.0035	0.5912	0.0089	0.0	0.3958	0.0095	0.0
15perc_10repeat	0.05	0.3248	0.6233	0.1073	0.0076	0.0831	0.1298	0.1013	0.6689	0.6359	0.0634	0.0045	0.6433	0.0132	0.0	0.359	0.0145	0.0
50perc_2repeat	0.1	0.2863	0.6332	0.1024	0.0072	0.1225	0.1083	0.115	0.6685	0.5544	0.0344	0.0024	0.581	0.0054	0.0	0.4647	0.0063	0.0
50perc_5repeat	0.1	0.2799	0.5927	0.1354	0.0096	0.1934	0.222	0.2067	0.6667	0.5269	0.025	0.0018	0.5411	0.004	0.0	0.4845	0.0047	0.0
50perc_10repeat	0.1	0.2665	0.5794	0.1385	0.0098	0.2628	0.268	0.2654	0.6636	0.5152	0.018	0.0013	0.5223	0.0028	0.0	0.4942	0.0032	0.0
5perc_10repeat	0.05	0.3363	0.6242	0.1077	0.0076	0.087	0.1274	0.1034	0.6689	0.6686	0.0764	0.0054	0.6623	0.0158	0.0	0.32	0.02	0.0
50perc_2repeat	0.05	0.3144	0.6111	0.1201	0.0085	0.1177	0.1669	0.1381	0.6687	0.5645	0.0483	0.0034	0.5845	0.0096	0.0	0.4534	0.0119	0.0
5perc_2repeat	0.1	0.3116	0.6619	0.0488	0.0035	0.0448	0.0228	0.0302	0.6703	0.6643	0.0554	0.0039	0.7001	0.0076	0.0	0.3747	0.0118	0.0
40perc_2repeat	0.1	0.2863	0.653	0.0693	0.0049	0.0691	0.0491	0.0574	0.6685	0.5819	0.0376	0.0027	0.6068	0.0058	0.0	0.4384	0.0063	0.0
40perc_5repeat	0.1	0.283	0.6473	0.0819	0.0058	0.0776	0.0649	0.0707	0.6699	0.5629	0.0292	0.0021	0.5852	0.0041	0.0	0.4501	0.0051	0.0
30perc_2repeat	0.1	0.2963	0.6523	0.0687	0.0049	0.0398	0.0463	0.0428	0.6685	0.6096	0.0427	0.003	0.6295	0.0061	0.0	0.4138	0.0077	0.0
100perc_10repeat	0.05	0.5691	0.3667	0.0893	0.0063	0.3328	0.8939	0.485	0.3311	0.3563	0.0654	0.0046	0.4235	0.0189	0.0	0.6631	0.0169	0.0
5perc_10repeat	0.1	0.3073	0.6631	0.0462	0.0033	0.0414	0.0192	0.0262	0.6703	0.656	0.0468	0.0033	0.6872	0.0079	0.0	0.3792	0.0109	0.0
90perc_10repeat	0.05	0.5121	0.3873	0.1155	0.0082	0.3243	0.836	0.4674	0.3328	0.3994	0.0541	0.0038	0.4434	0.0113	0.0	0.6127	0.0123	0.0
5perc_5repeat	0.05	0.3283	0.6281	0.1018	0.0072	0.0903	0.1168	0.1019	0.6689	0.6618	0.0768	0.0054	0.6511	0.0155	0.0	0.3349	0.0177	0.0
40perc_2repeat	0.05	0.3241	0.5986	0.1266	0.009	0.1158	0.1999	0.1467	0.6672	0.5848	0.0567	0.004	0.5821	0.0113	0.0	0.4131	0.0119	0.0
60perc_2repeat	0.05	0.3408	0.5619	0.147	0.0104	0.1775	0.3097	0.2256	0.6638	0.5356	0.041	0.0029	0.5553	0.0095	0.0	0.4848	0.0112	0.0
5perc_2repeat	0.05	0.3314	0.6332	0.0974	0.0069	0.0708	0.103	0.0839	0.6689	0.6639	0.0833	0.0059	0.6975	0.0149	0.0	0.4031	0.0172	0.0
15perc_5repeat	0.05	0.3185	0.6277	0.0989	0.007	0.094	0.1147	0.1033	0.6689	0.6365	0.0645	0.0046	0.6307	0.0136	0.0	0.3557	0.0141	0.0
50perc_10repeat	0.05	0.3055	0.5517	0.1505	0.0106	0.2081	0.3439	0.2593	0.6655	0.5208	0.0251	0.0018	0.5232	0.0065	0.0	0.4784	0.0069	0.0
40perc_10repeat	0.05	0.2957	0.5989	0.1292	0.0091	0.1434	0.2011	0.1674	0.6676	0.5491	0.0356	0.0025	0.5463	0.0073	0.0	0.4543	0.0074	0.0
60perc_5repeat	0.05	0.3326	0.5345	0.1531	0.0108	0.2632	0.394	0.3156	0.6465	0.5057	0.0315	0.0022	0.5189	0.0072	0.0	0.5083	0.0074	0.0
50perc_5repeat	0.05	0.3301	0.5439	0.1555	0.011	0.1868	0.3598	0.2459	0.6646	0.5341	0.0365	0.0026	0.5301	0.0086	0.0	0.4753	0.0086	0.0
5perc_2repeat	0.2	0.3114	0.671	0.0096	0.0007	0.0061	0.0002	0.0004	0.6694	0.6599	0.0376	0.0027	0.7089	0.0042	0.0	0.3922	0.0062	0.0
15perc_2repeat	0.2	0.3048	0.6713	0.0104	0.0007	0.0021	0.0	0.0001	0.6714	0.6375	0.0351	0.0025	0.6721	0.0039	0.0	0.3865	0.0055	0.0
30perc_2repeat	0.2	0.2921	0.67	0.0207	0.0015	0.0134	0.006	0.0083	0.6714	0.6002	0.0299	0.0021	0.6324	0.0035	0.0	0.4141	0.0043	0.0
5perc_5repeat	0.2	0.3124	0.6703	0.0089	0.0006	0.001	0.0	0.0	0.6694	0.659	0.0334	0.0024	0.7079	0.0039	0.0	0.3841	0.0058	0.0
60perc_2repeat	0.1	0.2911	0.6105	0.1218	0.0086	0.2014	0.1742	0.1868	0.6667	0.5312	0.0291	0.0021	0.5706	0.0051	0.0	0.5056	0.0062	0.0
15perc_5repeat	0.2	0.3052	0.6705	0.0092	0.0006	0.0014	0.0	0.0	0.6714	0.6313	0.0301	0.0021	0.6667	0.0032	0.0	0.3914	0.0043	0.0
80perc_2repeat	0.1	0.3792	0.4725	0.1554	0.011	0.3447	0.5847	0.4337	0.3581	0.4891	0.0204	0.0014	0.5471	0.0062	0.0	0.5649	0.007	0.0
90perc_2repeat	0.1	0.4746	0.387	0.1155	0.0082	0.3356	0.8343	0.4787	0.3347	0.4694	0.0221	0.0016	0.5639	0.0063	0.0	0.6131	0.007	0.0
70perc_2repeat	0.1	0.3316	0.5561	0.1524	0.0108	0.2867	0.3335	0.3084	0.663	0.512	0.027	0.0019	0.5668	0.0055	0.0	0.5449	0.0063	0.0
100perc_2repeat	0.1	0.5508	0.3425	0.0549	0.0039	0.3294	0.9604	0.4906	0.3305	0.4434	0.0182	0.0013	0.5699	0.008	0.0	0.6547	0.0077	0.0
30perc_5repeat	0.2	0.2838	0.6683	0.0274	0.0019	0.0094	0.006	0.0073	0.6694	0.5857	0.0239	0.0017	0.6092	0.0029	0.0	0.4248	0.0029	0.0
60perc_5repeat	0.1	0.3112	0.5104	0.1578	0.0112	0.3184	0.4762	0.3816	0.5528	0.5014	0.021	0.0015	0.5184	0.0033	0.0	0.5188	0.004	0.0
70perc_5repeat	0.1	0.4179	0.4041	0.1305	0.0092	0.3397	0.7977	0.4765	0.3364	0.4722	0.0238	0.0017	0.5099	0.0041	0.0	0.5676	0.0043	0.0
90perc_5repeat	0.1	0.5528	0.3499	0.0753	0.0053	0.334	0.9457	0.4936	0.3315	0.4162	0.0288	0.002	0.4827	0.0063	0.0	0.6385	0.0067	0.0
80perc_5repeat	0.1	0.4871	0.364	0.0996	0.007	0.3301	0.9035	0.4836	0.3297	0.4485	0.0258	0.0018	0.4968	0.0045	0.0	0.5938	0.0051	0.0
100perc_5repeat	0.1	0.5908	0.3435	0.0653	0.0046	0.3298	0.9579	0.4906	0.3297	0.3884	0.0396	0.0028	0.5039	0.0094	0.0	0.6946	0.0083	0.0
80perc_10repeat	0.1	0.5361	0.3425	0.0627	0.0044	0.3272	0.9629	0.4884	0.3297	0.4255	0.03	0.0021	0.4576	0.0043	0.0	0.6084	0.0049	0.0
90perc_10repeat	0.1	0.5943	0.3371	0.0473	0.0033	0.3342	0.98	0.4984	0.3297	0.3923	0.0334	0.0024	0.4504	0.0063	0.0	0.6697	0.0057	0.0
70perc_10repeat	0.1	0.4648	0.3591	0.0901	0.0064	0.3326	0.9169	0.4882	0.3303	0.4561	0.0205	0.0015	0.4716	0.0034	0.0	0.5657	0.0037	0.0
60perc_10repeat	0.1	0.3419	0.4229	0.1381	0.0098	0.3351	0.7285	0.4591	0.338	0.4858	0.0178	0.0013	0.4954	0.003	0.0	0.5256	0.0029	0.0
5perc_10repeat	0.2	0.3103	0.6714	0.0093	0.0007	0.0003	0.0	0.0	0.6714	0.6543	0.0342	0.0024	0.7007	0.0038	0.0	0.3808	0.0053	0.0
15perc_10repeat	0.2	0.2999	0.6716	0.0096	0.0007	0.0056	0.0009	0.0015	0.6714	0.6224	0.0305	0.0022	0.6549	0.0032	0.0	0.3961	0.0043	0.0
100perc_10repeat	0.1	0.6199	0.336	0.0439	0.0031	0.3336	0.9817	0.498	0.3297	0.3591	0.0471	0.0033	0.468	0.0108	0.0	0.7233	0.0074	0.0
30perc_10repeat	0.2	0.2783	0.6686	0.0264	0.0019	0.0086	0.0068	0.0076	0.6714	0.5779	0.021	0.0015	0.5964	0.0025	0.0	0.4291	0.0027	0.0
40perc_2repeat	0.2	0.2859	0.6625	0.051	0.0036	0.04	0.0233	0.0294	0.6694	0.5797	0.0272	0.0019	0.6117	0.003	0.0	0.4448	0.0039	0.0
40perc_5repeat	0.2	0.2682	0.6669	0.0263	0.0019	0.0274	0.0101	0.0148	0.6694	0.5599	0.0205	0.0014	0.5816	0.0025	0.0	0.4494	0.0024	0.0
50perc_2repeat	0.2	0.2718	0.6684	0.0203	0.0014	0.056	0.0064	0.0115	0.6694	0.5611	0.0231	0.0016	0.5951	0.003	0.0	0.4653	0.0033	0.0
40perc_10repeat	0.2	0.2489	0.6698	0.023	0.0016	0.0569	0.0079	0.0138	0.6714	0.5464	0.0153	0.0011	0.5571	0.0017	0.0	0.4593	0.0022	0.0
50perc_5repeat	0.2	0.2474	0.6478	0.0783	0.0055	0.1718	0.0739	0.1033	0.6688	0.5287	0.0162	0.0011	0.5511	0.0021	0.0	0.485	0.0023	0.0
5perc_2repeat	0.25	0.3146	0.6698	0.0112	0.0008	0.0062	0.0002	0.0003	0.6688	0.6632	0.0332	0.0023	0.716	0.0034	0.0	0.385	0.0055	0.0
15perc_2repeat	0.25	0.3059	0.6713	0.0112	0.0008	0.0008	0.0	0.0	0.671	0.6359	0.0298	0.0021	0.6764	0.0033	0.0	0.3995	0.0043	0.0
5perc_5repeat	0.25	0.3099	0.6726	0.0112	0.0008	0.0053	0.0001	0.0002	0.6731	0.6537	0.0319	0.0023	0.7029	0.0033	0.0	0.3911	0.0053	0.0
30perc_2repeat	0.25	0.2935	0.6716	0.0109	0.0008	0.0036	0.0	0.0001	0.671	0.602	0.0259	0.0018	0.6332	0.0026	0.0	0.4151	0.0036	0.0
40perc_2repeat	0.25	0.2827	0.6677	0.03	0.0021	0.0197	0.0094	0.0128	0.671	0.5802	0.0222	0.0016	0.611	0.0028	0.0	0.4455	0.0032	0.0
50perc_2repeat	0.25	0.2697	0.6653	0.04	0.0028	0.0784	0.0163	0.027	0.6688	0.5571	0.0212	0.0015	0.5918	0.0023	0.0	0.4768	0.0029	0.0
60perc_2repeat	0.25	0.2511	0.6571	0.0607	0.0043	0.2319	0.0583	0.0932	0.6701	0.5331	0.0179	0.0013	0.5721	0.0023	0.0	0.5079	0.0025	0.0
15perc_5repeat	0.25	0.3066	0.6703	0.0113	0.0008	0.0054	0.0	0.0001	0.6699	0.6317	0.0277	0.002	0.6723	0.0028	0.0	0.3934	0.0037	0.0
80perc_2repeat	0.25	0.3491	0.4695	0.1459	0.0103	0.3761	0.6623	0.4797	0.3842	0.4887	0.0139	0.001	0.5602	0.0025	0.0	0.5834	0.0028	0.0
70perc_2repeat	0.25	0.254	0.6287	0.0945	0.0067	0.3838	0.1758	0.2412	0.6638	0.5123	0.0153	0.0011	0.5703	0.002	0.0	0.5428	0.0026	0.0
30perc_5repeat	0.25	0.2865	0.6707	0.0105	0.0007	0.0073	0.0011	0.0019	0.671	0.5864	0.0203	0.0014	0.6128	0.0023	0.0	0.4242	0.0027	0.0
40perc_5repeat	0.25	0.2627	0.6711	0.0118	0.0008	0.0228	0.0029	0.0052	0.6731	0.5561	0.0168	0.0012	0.5785	0.0019	0.0	0.4543	0.0023	0.0
50perc_5repeat	0.25	0.2426	0.6549	0.0664	0.0047	0.1686	0.0549	0.0829	0.6703	0.5298	0.0158	0.0011	0.5499	0.0018	0.0	0.4854	0.002	0.0
60perc_2repeat	0.2	0.2617	0.6556	0.0644	0.0046	0.1933	0.0567	0.0877	0.6698	0.5368	0.02	0.0014	0.5793	0.0026	0.0	0.5024	0.0034	0.0
70perc_5repeat	0.25	0.413	0.3538	0.071	0.005	0.3362	0.9439	0.4958	0.336	0.4726	0.013	0.0009	0.5043	0.0019	0.0	0.5636	0.0021	0.0
60perc_5repeat	0.25	0.272	0.5269	0.1519	0.0107	0.3691	0.4626	0.4106	0.6357	0.5009	0.0139	0.001	0.525	0.0017	0.0	0.5255	0.0018	0.0
80perc_5repeat	0.25	0.5266	0.3304	0.0162	0.0011	0.3286	0.9966	0.4942	0.33	0.4438	0.0154	0.0011	0.4959	0.002	0.0	0.6063	0.0023	0.0
5perc_10repeat	0.25	0.3115	0.6714	0.01	0.0007	0.0	0.0	0.0	0.671	0.6554	0.0282	0.002	0.7063	0.0033	0.0	0.3975	0.0044	0.0
70perc_2repeat	0.2	0.2755	0.6047	0.1238	0.0088	0.3304	0.2197	0.2639	0.664	0.5136	0.0202	0.0014	0.5651	0.0026	0.0	0.5348	0.0035	0.0
80perc_2repeat	0.2	0.3509	0.481	0.1561	0.011	0.3769	0.5957	0.4617	0.3907	0.4911	0.016	0.0011	0.5594	0.003	0.0	0.5774	0.0038	0.0
90perc_2repeat	0.2	0.4814	0.351	0.0634	0.0045	0.3342	0.9482	0.4942	0.3352	0.4671	0.0147	0.001	0.5578	0.0036	0.0	0.6157	0.004	0.0
60perc_5repeat	0.2	0.28	0.5114	0.151	0.0107	0.3591	0.4982	0.4174	0.5388	0.4989	0.0143	0.001	0.5239	0.0021	0.0	0.525	0.0022	0.0
15perc_10repeat	0.25	0.3022	0.6714	0.0118	0.0008	0.0026	0.0006	0.001	0.671	0.6236	0.0275	0.0019	0.6599	0.0029	0.0	0.3991	0.0038	0.0
80perc_5repeat	0.2	0.5301	0.3358	0.0405	0.0029	0.3314	0.9851	0.496	0.331	0.4436	0.0191	0.0014	0.4988	0.0027	0.0	0.611	0.003	0.0
70perc_5repeat	0.2	0.4158	0.3683	0.0949	0.0067	0.3357	0.9038	0.4896	0.3366	0.4716	0.0156	0.0011	0.5046	0.0023	0.0	0.5639	0.0024	0.0
30perc_10repeat	0.25	0.2796	0.6698	0.0142	0.001	0.0086	0.002	0.0033	0.6698	0.5783	0.0188	0.0013	0.5986	0.0021	0.0	0.43	0.0025	0.0
40perc_10repeat	0.25	0.2513	0.6696	0.0268	0.0019	0.0382	0.0055	0.0096	0.6699	0.547	0.0133	0.0009	0.5609	0.0017	0.0	0.4584	0.0017	0.0
50perc_10repeat	0.25	0.2342	0.6343	0.0883	0.0062	0.2878	0.118	0.1674	0.6644	0.5176	0.0118	0.0008	0.5286	0.0013	0.0	0.4928	0.0014	0.0
100perc_2repeat	0.2	0.5727	0.3328	0.0109	0.0008	0.3296	0.9917	0.4948	0.3326	0.4424	0.0128	0.0009	0.5753	0.0046	0.0	0.6705	0.0044	0.0
60perc_10repeat	0.25	0.3316	0.3767	0.1033	0.0073	0.3368	0.8732	0.4861	0.3342	0.4847	0.0109	0.0008	0.4978	0.0013	0.0	0.5314	0.0014	0.0
70perc_10repeat	0.25	0.4796	0.3301	0.0112	0.0008	0.3297	0.999	0.4958	0.3302	0.4541	0.013	0.0009	0.475	0.0015	0.0	0.5723	0.0017	0.0
90perc_5repeat	0.2	0.5868	0.3305	0.0096	0.0007	0.3299	0.9979	0.4958	0.3306	0.4138	0.0221	0.0016	0.4913	0.0032	0.0	0.6541	0.0038	0.0
80perc_10repeat	0.25	0.5632	0.3278	0.0098	0.0007	0.3277	1.0	0.4937	0.3269	0.4245	0.0152	0.0011	0.4567	0.002	0.0	0.6135	0.0023	0.0
100perc_5repeat	0.2	0.6157	0.3333	0.0272	0.0019	0.3315	0.995	0.4973	0.3306	0.3822	0.0239	0.0017	0.4977	0.0046	0.0	0.7046	0.0041	0.0
50perc_10repeat	0.2	0.2389	0.6198	0.1029	0.0073	0.2767	0.1562	0.1997	0.6633	0.5172	0.013	0.0009	0.5282	0.0016	0.0	0.4925	0.0017	0.0
70perc_10repeat	0.2	0.4756	0.3327	0.0281	0.002	0.33	0.9931	0.4954	0.3306	0.4552	0.0142	0.001	0.4731	0.0018	0.0	0.5693	0.0022	0.0
60perc_10repeat	0.2	0.326	0.4044	0.126	0.0089	0.3387	0.7947	0.475	0.3389	0.486	0.0125	0.0009	0.5004	0.0016	0.0	0.5286	0.0018	0.0
80perc_10repeat	0.2	0.5651	0.3291	0.0092	0.0007	0.329	0.9998	0.4951	0.3286	0.4222	0.0191	0.0014	0.461	0.0025	0.0	0.6174	0.0027	0.0
90perc_10repeat	0.2	0.6033	0.3309	0.0275	0.0019	0.3281	0.9949	0.4935	0.33	0.3935	0.0252	0.0018	0.4513	0.0037	0.0	0.6613	0.0033	0.0
90perc_2repeat	0.25	0.4849	0.3511	0.0529	0.0037	0.3347	0.9569	0.496	0.339	0.4651	0.0123	0.0009	0.5626	0.0028	0.0	0.6238	0.0032	0.0
90perc_5repeat	0.25	0.5838	0.329	0.0113	0.0008	0.3287	0.999	0.4946	0.329	0.4154	0.019	0.0013	0.4891	0.0029	0.0	0.6499	0.0032	0.0
100perc_2repeat	0.25	0.5674	0.3351	0.0121	0.0009	0.3306	0.9883	0.4955	0.335	0.4417	0.0108	0.0008	0.5748	0.0035	0.0	0.673	0.0035	0.0
90perc_10repeat	0.25	0.6056	0.3288	0.0113	0.0008	0.3288	0.9999	0.4948	0.329	0.3927	0.0225	0.0016	0.4504	0.0028	0.0	0.6624	0.0028	0.0
100perc_5repeat	0.25	0.6147	0.329	0.0118	0.0008	0.3287	0.9989	0.4946	0.3309	0.3868	0.0239	0.0017	0.4924	0.0039	0.0	0.6935	0.0037	0.0
5perc_2repeat	0.3	0.3123	0.6712	0.0126	0.0009	0.0	0.0	0.0	0.6705	0.6595	0.0279	0.002	0.7085	0.003	0.0	0.393	0.0041	0.0
15perc_2repeat	0.3	0.309	0.6702	0.0132	0.0009	0.001	0.0	0.0	0.6694	0.6401	0.0268	0.0019	0.6833	0.0026	0.0	0.399	0.0036	0.0
30perc_2repeat	0.3	0.294	0.6724	0.0132	0.0009	0.0098	0.0002	0.0004	0.6705	0.6028	0.0251	0.0018	0.6381	0.0024	0.0	0.4211	0.0033	0.0
5perc_5repeat	0.3	0.3138	0.6704	0.0113	0.0008	0.0	0.0	0.0	0.6705	0.6586	0.0251	0.0018	0.7105	0.0028	0.0	0.3859	0.004	0.0
40perc_2repeat	0.3	0.2837	0.6707	0.0127	0.0009	0.0051	0.0	0.0001	0.6705	0.5814	0.0191	0.0013	0.6142	0.0023	0.0	0.4473	0.0026	0.0
100perc_10repeat	0.2	0.6284	0.3296	0.0091	0.0006	0.3294	0.9997	0.4955	0.329	0.3589	0.0302	0.0021	0.4559	0.0057	0.0	0.7147	0.0045	0.0
15perc_5repeat	0.3	0.3033	0.6724	0.0128	0.0009	0.0	0.0	0.0	0.6728	0.6281	0.0259	0.0018	0.6666	0.0025	0.0	0.4042	0.0033	0.0
60perc_2repeat	0.3	0.2515	0.667	0.032	0.0023	0.2294	0.0267	0.0478	0.6699	0.5355	0.0161	0.0011	0.5781	0.0019	0.0	0.5074	0.0024	0.0
100perc_10repeat	0.25	0.6279	0.3286	0.0108	0.0008	0.3285	0.9997	0.4945	0.329	0.3616	0.0267	0.0019	0.4649	0.0042	0.0	0.7133	0.0036	0.0
30perc_5repeat	0.3	0.2872	0.6708	0.0122	0.0009	0.0022	0.0015	0.0017	0.6705	0.5877	0.0182	0.0013	0.6135	0.002	0.0	0.4249	0.0022	0.0
80perc_2repeat	0.3	0.3073	0.5089	0.1449	0.0102	0.3992	0.5939	0.4774	0.4729	0.4904	0.0127	0.0009	0.5606	0.0019	0.0	0.5775	0.0024	0.0
40perc_5repeat	0.3	0.2641	0.6691	0.0281	0.002	0.0169	0.0049	0.0075	0.6705	0.5579	0.016	0.0011	0.5789	0.0018	0.0	0.4533	0.0019	0.0
90perc_2repeat	0.3	0.4666	0.357	0.0545	0.0039	0.336	0.9542	0.497	0.3441	0.4665	0.0109	0.0008	0.5613	0.0023	0.0	0.6219	0.0024	0.0
60perc_5repeat	0.3	0.2566	0.5509	0.1386	0.0098	0.3726	0.4272	0.3981	0.6347	0.5006	0.0127	0.0009	0.5259	0.0014	0.0	0.5222	0.0017	0.0
50perc_5repeat	0.3	0.2398	0.6574	0.0518	0.0037	0.1618	0.0435	0.0685	0.6681	0.5296	0.0127	0.0009	0.5487	0.0016	0.0	0.4863	0.0016	0.0
5perc_10repeat	0.3	0.3124	0.6712	0.0132	0.0009	0.0036	0.0	0.0001	0.6705	0.656	0.0282	0.002	0.7073	0.0027	0.0	0.3863	0.0043	0.0
90perc_5repeat	0.3	0.5842	0.328	0.0113	0.0008	0.3278	0.9994	0.4937	0.3272	0.4164	0.0147	0.001	0.4909	0.0022	0.0	0.6497	0.0024	0.0
15perc_10repeat	0.3	0.3044	0.671	0.0122	0.0009	0.0	0.0	0.0	0.6705	0.6256	0.0223	0.0016	0.6612	0.0022	0.0	0.3971	0.0032	0.0
30perc_10repeat	0.3	0.2817	0.6701	0.0133	0.0009	0.0014	0.0	0.0	0.6694	0.58	0.0177	0.0013	0.6017	0.0019	0.0	0.4263	0.0021	0.0
100perc_5repeat	0.3	0.6148	0.3297	0.0115	0.0008	0.3294	0.9995	0.4955	0.3295	0.3854	0.0182	0.0013	0.5005	0.0029	0.0	0.7024	0.0028	0.0
5perc_5repeat	0.35	0.313	0.671	0.0137	0.001	0.0	0.0	0.0	0.67	0.6575	0.0237	0.0017	0.7089	0.0024	0.0	0.388	0.0037	0.0
40perc_10repeat	0.3	0.2493	0.6689	0.0352	0.0025	0.0275	0.009	0.0136	0.6728	0.5464	0.0123	0.0009	0.5598	0.0013	0.0	0.4603	0.0014	0.0
50perc_10repeat	0.3	0.23	0.6439	0.0756	0.0053	0.3021	0.0917	0.1407	0.665	0.5154	0.01	0.0007	0.5271	0.0012	0.0	0.4933	0.0012	0.0
90perc_10repeat	0.3	0.6057	0.329	0.0114	0.0008	0.329	0.9999	0.4951	0.3295	0.3923	0.018	0.0013	0.4517	0.0023	0.0	0.6628	0.0023	0.0
100perc_10repeat	0.3	0.6271	0.3288	0.0127	0.0009	0.3288	1.0	0.4948	0.3295	0.3607	0.0242	0.0017	0.4516	0.0035	0.0	0.7094	0.0033	0.0
50perc_2repeat	0.3	0.2682	0.6705	0.0127	0.0009	0.0564	0.0062	0.0112	0.6726	0.5566	0.0186	0.0013	0.5925	0.0021	0.0	0.4727	0.0025	0.0
70perc_2repeat	0.3	0.249	0.6255	0.1006	0.0071	0.3937	0.2002	0.2654	0.6637	0.5118	0.016	0.0011	0.5639	0.0018	0.0	0.5419	0.0024	0.0
5perc_2repeat	0.35	0.3139	0.6705	0.0138	0.001	0.0	0.0	0.0	0.67	0.6616	0.0251	0.0018	0.7148	0.0024	0.0	0.3898	0.0038	0.0
100perc_2repeat	0.3	0.5547	0.3364	0.0142	0.001	0.3301	0.984	0.4943	0.3341	0.4426	0.0092	0.0007	0.5705	0.0029	0.0	0.6667	0.0029	0.0
15perc_2repeat	0.35	0.3067	0.6714	0.0136	0.001	0.0003	0.0	0.0	0.67	0.6358	0.0235	0.0017	0.6789	0.0024	0.0	0.3981	0.0032	0.0
70perc_5repeat	0.3	0.4127	0.3446	0.0478	0.0034	0.3332	0.9707	0.4961	0.3364	0.4715	0.0111	0.0008	0.507	0.0015	0.0	0.5678	0.0017	0.0
80perc_5repeat	0.3	0.5275	0.3302	0.0115	0.0008	0.3294	0.9985	0.4954	0.3304	0.4437	0.0134	0.001	0.4952	0.0018	0.0	0.608	0.002	0.0
30perc_2repeat	0.35	0.2945	0.6713	0.0125	0.0009	0.0006	0.0	0.0	0.67	0.6011	0.019	0.0013	0.6339	0.0018	0.0	0.4211	0.0025	0.0
40perc_2repeat	0.35	0.285	0.6712	0.0137	0.001	0.006	0.0001	0.0002	0.67	0.583	0.0185	0.0013	0.6151	0.002	0.0	0.4373	0.0022	0.0
30perc_10repeat	0.35	0.2777	0.6729	0.0133	0.0009	0.0	0.0	0.0	0.6725	0.5761	0.0132	0.0009	0.598	0.0015	0.0	0.431	0.0017	0.0
15perc_5repeat	0.35	0.3063	0.6702	0.0139	0.001	0.0	0.0	0.0	0.67	0.6303	0.02	0.0014	0.6686	0.002	0.0	0.3961	0.0028	0.0
60perc_10repeat	0.3	0.3148	0.3915	0.1085	0.0077	0.3389	0.848	0.4843	0.3413	0.4868	0.0098	0.0007	0.5003	0.0011	0.0	0.5288	0.0012	0.0
70perc_10repeat	0.3	0.4794	0.3308	0.0214	0.0015	0.3294	0.9962	0.4951	0.3295	0.4532	0.0113	0.0008	0.4739	0.0014	0.0	0.5717	0.0014	0.0
80perc_10repeat	0.3	0.5598	0.3279	0.0124	0.0009	0.3279	1.0	0.4939	0.3272	0.4253	0.0152	0.0011	0.4594	0.0017	0.0	0.6138	0.002	0.0
30perc_5repeat	0.35	0.2846	0.6713	0.0146	0.001	0.0005	0.0	0.0	0.6725	0.5847	0.0166	0.0012	0.6097	0.0017	0.0	0.4284	0.0018	0.0
40perc_5repeat	0.35	0.2642	0.671	0.0152	0.0011	0.0094	0.0001	0.0002	0.67	0.5591	0.0154	0.0011	0.5795	0.0016	0.0	0.4525	0.0017	0.0
5perc_10repeat	0.35	0.3134	0.6702	0.0142	0.001	0.002	0.0001	0.0001	0.67	0.6584	0.0243	0.0017	0.7078	0.0026	0.0	0.3847	0.0036	0.0
60perc_2repeat	0.35	0.2525	0.6649	0.0411	0.0029	0.2122	0.0307	0.0536	0.67	0.5349	0.0169	0.0012	0.5778	0.0017	0.0	0.5025	0.0021	0.0
50perc_5repeat	0.35	0.2373	0.6639	0.0348	0.0025	0.1784	0.0247	0.0435	0.6696	0.5289	0.013	0.0009	0.5495	0.0014	0.0	0.4878	0.0014	0.0
50perc_2repeat	0.35	0.2681	0.6686	0.0267	0.0019	0.0489	0.0064	0.0113	0.6702	0.558	0.0177	0.0013	0.5925	0.002	0.0	0.4716	0.0023	0.0
15perc_10repeat	0.35	0.3025	0.672	0.0139	0.001	0.0	0.0	0.0	0.6725	0.6233	0.0208	0.0015	0.6602	0.0021	0.0	0.4016	0.0027	0.0
80perc_2repeat	0.35	0.2988	0.5218	0.1394	0.0099	0.4082	0.6069	0.4881	0.5307	0.4892	0.0122	0.0009	0.561	0.0018	0.0	0.5826	0.0021	0.0
90perc_2repeat	0.35	0.4523	0.3618	0.0466	0.0033	0.3356	0.9469	0.4955	0.3502	0.4651	0.0105	0.0007	0.5618	0.0021	0.0	0.6239	0.0024	0.0
60perc_5repeat	0.35	0.2585	0.5406	0.14	0.0099	0.3816	0.4614	0.4177	0.6261	0.4996	0.0122	0.0009	0.524	0.0012	0.0	0.5255	0.0015	0.0
100perc_2repeat	0.35	0.5421	0.3418	0.0176	0.0012	0.3312	0.9739	0.4943	0.341	0.4423	0.0087	0.0006	0.5798	0.0024	0.0	0.6753	0.0026	0.0
70perc_5repeat	0.35	0.3995	0.352	0.062	0.0044	0.3331	0.9565	0.4942	0.3367	0.4725	0.0132	0.0009	0.5065	0.0014	0.0	0.5656	0.0016	0.0
5perc_2repeat	0.4	0.3128	0.6713	0.0157	0.0011	0.0	0.0	0.0	0.672	0.6596	0.0227	0.0016	0.7124	0.002	0.0	0.3944	0.0033	0.0
40perc_10repeat	0.35	0.2517	0.6708	0.0146	0.001	0.0161	0.0002	0.0004	0.6725	0.5472	0.011	0.0008	0.5614	0.0012	0.0	0.4563	0.0012	0.0
80perc_5repeat	0.35	0.5209	0.33	0.0197	0.0014	0.3283	0.9961	0.4939	0.3282	0.4439	0.0121	0.0009	0.4939	0.0015	0.0	0.6073	0.0017	0.0
15perc_2repeat	0.4	0.3076	0.6709	0.0157	0.0011	0.0	0.0	0.0	0.6707	0.6372	0.021	0.0015	0.68	0.0021	0.0	0.3988	0.0027	0.0
50perc_10repeat	0.35	0.2289	0.6467	0.0711	0.005	0.3059	0.0837	0.1315	0.6647	0.5164	0.0099	0.0007	0.5284	0.001	0.0	0.4924	0.0011	0.0
90perc_5repeat	0.35	0.5823	0.3293	0.0133	0.0009	0.3291	0.9994	0.4952	0.3275	0.4144	0.0136	0.001	0.4896	0.0017	0.0	0.6536	0.002	0.0
100perc_5repeat	0.35	0.6111	0.3288	0.0137	0.001	0.3285	0.9994	0.4945	0.33	0.3867	0.017	0.0012	0.4987	0.0026	0.0	0.7004	0.0026	0.0
5perc_5repeat	0.4	0.3123	0.6713	0.016	0.0011	0.0	0.0	0.0	0.6707	0.6564	0.0233	0.0016	0.7103	0.0021	0.0	0.3964	0.003	0.0
60perc_10repeat	0.35	0.3159	0.3837	0.0959	0.0068	0.339	0.8763	0.4889	0.3449	0.4866	0.0098	0.0007	0.5003	0.001	0.0	0.531	0.0011	0.0
30perc_2repeat	0.4	0.2961	0.6706	0.0146	0.001	0.0	0.0	0.0	0.6694	0.6027	0.0173	0.0012	0.6379	0.0018	0.0	0.4222	0.0022	0.0
15perc_5repeat	0.4	0.3051	0.6714	0.0156	0.0011	0.0	0.0	0.0	0.672	0.6285	0.0193	0.0014	0.6696	0.0019	0.0	0.3991	0.0025	0.0
70perc_10repeat	0.35	0.474	0.3288	0.0137	0.001	0.3287	0.9995	0.4947	0.3285	0.4549	0.0112	0.0008	0.4743	0.0012	0.0	0.5713	0.0013	0.0
80perc_10repeat	0.35	0.561	0.3271	0.0139	0.001	0.3271	0.9999	0.4929	0.3275	0.4247	0.014	0.001	0.4589	0.0015	0.0	0.6159	0.0018	0.0
90perc_10repeat	0.35	0.604	0.3291	0.0148	0.001	0.3291	1.0	0.4952	0.3275	0.3915	0.0186	0.0013	0.452	0.0022	0.0	0.6643	0.0022	0.0
5perc_10repeat	0.4	0.3155	0.6684	0.0153	0.0011	0.0	0.0	0.0	0.6694	0.6599	0.0209	0.0015	0.7116	0.002	0.0	0.3891	0.0031	0.0
100perc_10repeat	0.35	0.6266	0.3308	0.0134	0.0009	0.3307	1.0	0.4971	0.33	0.3576	0.0204	0.0014	0.4539	0.0028	0.0	0.7156	0.0022	0.0
30perc_5repeat	0.4	0.2868	0.6708	0.0148	0.001	0.0002	0.0	0.0	0.6707	0.5858	0.0148	0.001	0.6131	0.0016	0.0	0.4254	0.0018	0.0
15perc_10repeat	0.4	0.3053	0.6697	0.0157	0.0011	0.0	0.0	0.0	0.6694	0.6265	0.0183	0.0013	0.662	0.0019	0.0	0.3969	0.0025	0.0
70perc_2repeat	0.35	0.2398	0.644	0.0795	0.0056	0.4399	0.173	0.2484	0.667	0.5108	0.0141	0.001	0.5692	0.0016	0.0	0.5457	0.0021	0.0
5perc_2repeat	0.45	0.3111	0.6722	0.0168	0.0012	0.0	0.0	0.0	0.6716	0.6596	0.0207	0.0015	0.7121	0.0019	0.0	0.3953	0.0028	0.0
15perc_2repeat	0.45	0.3111	0.6686	0.0171	0.0012	0.0	0.0	0.0	0.6686	0.6403	0.0186	0.0013	0.6855	0.0018	0.0	0.3953	0.0027	0.0
60perc_5repeat	0.4	0.2502	0.5595	0.1363	0.0096	0.3974	0.4205	0.4086	0.6434	0.5004	0.0114	0.0008	0.5255	0.0012	0.0	0.5237	0.0013	0.0
90perc_5repeat	0.4	0.5778	0.3278	0.0151	0.0011	0.3275	0.9996	0.4934	0.328	0.4148	0.013	0.0009	0.4916	0.0018	0.0	0.6541	0.0019	0.0
30perc_2repeat	0.45	0.2966	0.6701	0.0178	0.0013	0.0	0.0	0.0	0.6686	0.6041	0.0176	0.0012	0.6392	0.0017	0.0	0.4212	0.0023	0.0
40perc_2repeat	0.4	0.283	0.6716	0.0171	0.0012	0.0089	0.0001	0.0003	0.672	0.5808	0.0186	0.0013	0.6129	0.0018	0.0	0.443	0.0021	0.0
40perc_2repeat	0.45	0.2824	0.6709	0.0163	0.0012	0.0021	0.0	0.0	0.6745	0.5798	0.0161	0.0011	0.6119	0.0016	0.0	0.4464	0.002	0.0
5perc_5repeat	0.45	0.312	0.6714	0.0154	0.0011	0.0	0.0	0.0	0.6716	0.6572	0.0179	0.0013	0.7091	0.0019	0.0	0.397	0.0024	0.0
15perc_5repeat	0.45	0.3077	0.6691	0.0172	0.0012	0.0	0.0	0.0	0.6686	0.6317	0.0179	0.0013	0.6704	0.0016	0.0	0.3964	0.0022	0.0
50perc_2repeat	0.45	0.2676	0.6702	0.0156	0.0011	0.0408	0.0009	0.0018	0.6716	0.5562	0.0136	0.001	0.5945	0.0016	0.0	0.4762	0.0017	0.0
50perc_2repeat	0.4	0.261	0.6729	0.0146	0.001	0.0762	0.0037	0.007	0.6747	0.5545	0.017	0.0012	0.5879	0.0016	0.0	0.4747	0.0022	0.0
60perc_2repeat	0.45	0.2454	0.6705	0.0155	0.0011	0.2485	0.0153	0.0288	0.6716	0.5344	0.0135	0.001	0.5789	0.0013	0.0	0.508	0.0016	0.0
30perc_5repeat	0.45	0.2869	0.6695	0.0161	0.0011	0.0	0.0	0.0	0.6686	0.5862	0.0146	0.001	0.6129	0.0014	0.0	0.4283	0.0017	0.0
100perc_2repeat	0.4	0.5236	0.3442	0.0193	0.0014	0.3297	0.9668	0.4918	0.3439	0.4435	0.0073	0.0005	0.5754	0.0021	0.0	0.6701	0.0021	0.0
90perc_10repeat	0.4	0.6026	0.3272	0.0163	0.0012	0.3272	1.0	0.4931	0.328	0.3929	0.0162	0.0011	0.4542	0.002	0.0	0.6641	0.0018	0.0
40perc_5repeat	0.45	0.2627	0.6703	0.0164	0.0012	0.005	0.0	0.0001	0.6716	0.5576	0.0113	0.0008	0.5776	0.0012	0.0	0.4543	0.0013	0.0
60perc_2repeat	0.4	0.2455	0.6688	0.0204	0.0014	0.2492	0.0355	0.0621	0.6694	0.5324	0.0145	0.001	0.5764	0.0015	0.0	0.5109	0.0018	0.0
40perc_5repeat	0.4	0.2599	0.6733	0.0156	0.0011	0.0162	0.0006	0.0011	0.6747	0.5557	0.0143	0.001	0.5774	0.0013	0.0	0.4578	0.0014	0.0
60perc_10repeat	0.4	0.3137	0.3774	0.0875	0.0062	0.3407	0.8958	0.4937	0.3445	0.4855	0.0091	0.0006	0.4991	0.0009	0.0	0.5305	0.001	0.0
100perc_10repeat	0.4	0.6236	0.3293	0.0155	0.0011	0.3292	0.9999	0.4954	0.3293	0.3599	0.0191	0.0014	0.4599	0.003	0.0	0.7166	0.0025	0.0
50perc_5repeat	0.45	0.2326	0.6693	0.0249	0.0018	0.1487	0.0121	0.0224	0.6716	0.5286	0.0104	0.0007	0.549	0.0011	0.0	0.4854	0.0011	0.0
5perc_10repeat	0.45	0.3151	0.6685	0.0163	0.0012	0.0	0.0	0.0	0.6672	0.6593	0.0187	0.0013	0.7124	0.0018	0.0	0.3941	0.0027	0.0
70perc_2repeat	0.45	0.2308	0.6505	0.058	0.0041	0.4517	0.1835	0.261	0.6646	0.5105	0.0127	0.0009	0.5658	0.0014	0.0	0.5446	0.0017	0.0
50perc_5repeat	0.4	0.2335	0.6689	0.0294	0.0021	0.1867	0.0237	0.0421	0.6718	0.5281	0.0119	0.0008	0.5481	0.0013	0.0	0.4876	0.0014	0.0
60perc_5repeat	0.45	0.2462	0.5661	0.1311	0.0093	0.4142	0.4213	0.4177	0.6439	0.5002	0.0106	0.0008	0.524	0.0011	0.0	0.5233	0.001	0.0
80perc_2repeat	0.4	0.2739	0.5455	0.1269	0.009	0.4218	0.5819	0.4891	0.5913	0.4895	0.0111	0.0008	0.5619	0.0015	0.0	0.5808	0.0019	0.0
70perc_2repeat	0.4	0.2342	0.6493	0.0625	0.0044	0.4356	0.1833	0.258	0.6659	0.5101	0.0135	0.001	0.5685	0.0014	0.0	0.5466	0.0022	0.0
80perc_2repeat	0.45	0.2582	0.5788	0.1061	0.0075	0.4341	0.5411	0.4817	0.6219	0.4891	0.0105	0.0007	0.5653	0.0014	0.0	0.5836	0.0019	0.0
80perc_10repeat	0.4	0.5585	0.3294	0.0147	0.001	0.3293	0.9999	0.4955	0.3306	0.4229	0.0126	0.0009	0.4592	0.0015	0.0	0.6173	0.0015	0.0
30perc_10repeat	0.45	0.2799	0.6708	0.017	0.0012	0.0	0.0	0.0	0.6716	0.578	0.0121	0.0009	0.5989	0.0011	0.0	0.4313	0.0013	0.0
30perc_10repeat	0.4	0.2837	0.6692	0.0158	0.0011	0.0002	0.0	0.0	0.6694	0.5803	0.0133	0.0009	0.6025	0.0013	0.0	0.4288	0.0015	0.0
70perc_5repeat	0.45	0.3776	0.3563	0.0675	0.0048	0.3359	0.9542	0.4969	0.3376	0.4729	0.0118	0.0008	0.5072	0.0012	0.0	0.5641	0.0015	0.0
90perc_2repeat	0.4	0.4274	0.3745	0.0579	0.0041	0.3397	0.9303	0.4977	0.3599	0.4654	0.0092	0.0007	0.5601	0.0018	0.0	0.6222	0.002	0.0
70perc_5repeat	0.4	0.382	0.3462	0.0425	0.003	0.3325	0.9718	0.4954	0.3354	0.4727	0.0107	0.0008	0.5077	0.0011	0.0	0.5633	0.0014	0.0
40perc_10repeat	0.45	0.2484	0.6707	0.0175	0.0012	0.0143	0.0002	0.0003	0.6716	0.5467	0.0102	0.0007	0.5601	0.001	0.0	0.4591	0.001	0.0
50perc_10repeat	0.45	0.2252	0.6629	0.0367	0.0026	0.2928	0.0391	0.069	0.6683	0.5171	0.008	0.0006	0.5292	0.0008	0.0	0.4905	0.0009	0.0
80perc_5repeat	0.4	0.5099	0.33	0.0177	0.0013	0.3283	0.9969	0.4939	0.3298	0.4441	0.0115	0.0008	0.4956	0.0013	0.0	0.6055	0.0015	0.0
40perc_10repeat	0.4	0.2508	0.6708	0.0153	0.0011	0.0117	0.0001	0.0002	0.6694	0.5472	0.0095	0.0007	0.5624	0.001	0.0	0.4589	0.0011	0.0
60perc_10repeat	0.45	0.314	0.3695	0.0827	0.0059	0.3378	0.9139	0.4933	0.341	0.4847	0.0079	0.0006	0.4991	0.0007	0.0	0.5317	0.0009	0.0
15perc_10repeat	0.45	0.3043	0.67	0.017	0.0012	0.0	0.0	0.0	0.6686	0.6259	0.0162	0.0011	0.6609	0.0016	0.0	0.4021	0.002	0.0
50perc_10repeat	0.4	0.2246	0.6606	0.0421	0.003	0.3063	0.0546	0.0926	0.6695	0.5163	0.0082	0.0006	0.5282	0.0009	0.0	0.4916	0.0009	0.0
70perc_10repeat	0.45	0.4697	0.3296	0.0169	0.0012	0.3295	0.9995	0.4956	0.3286	0.4533	0.0093	0.0007	0.4758	0.0009	0.0	0.5729	0.0012	0.0
70perc_10repeat	0.4	0.4759	0.3302	0.0162	0.0011	0.3299	0.9992	0.4961	0.3306	0.4536	0.0101	0.0007	0.4754	0.001	0.0	0.5744	0.0012	0.0
100perc_5repeat	0.4	0.6076	0.3298	0.0149	0.0011	0.3293	0.9991	0.4954	0.328	0.3858	0.0151	0.0011	0.5023	0.0022	0.0	0.7036	0.0021	0.0
90perc_2repeat	0.45	0.4042	0.3929	0.0602	0.0043	0.3426	0.9103	0.4978	0.377	0.4658	0.0094	0.0007	0.5619	0.0015	0.0	0.6232	0.0019	0.0
5perc_2repeat	0.5	0.313	0.6712	0.0207	0.0015	0.0	0.0	0.0	0.671	0.6597	0.0201	0.0014	0.7132	0.0017	0.0	0.3927	0.0028	0.0
100perc_2repeat	0.45	0.5018	0.3538	0.0244	0.0017	0.3337	0.9595	0.4952	0.3531	0.4425	0.0071	0.0005	0.5732	0.002	0.0	0.67	0.0021	0.0
5perc_5repeat	0.5	0.3148	0.6689	0.018	0.0013	0.0	0.0	0.0	0.6677	0.6591	0.0166	0.0012	0.7115	0.0016	0.0	0.3941	0.0024	0.0
50perc_2repeat	0.5	0.2666	0.6709	0.0195	0.0014	0.0516	0.0013	0.0025	0.671	0.5568	0.0149	0.0011	0.5949	0.0014	0.0	0.4737	0.0017	0.0
15perc_5repeat	0.5	0.3051	0.671	0.0205	0.0014	0.0	0.0	0.0	0.671	0.629	0.017	0.0012	0.6675	0.0016	0.0	0.3986	0.0022	0.0
60perc_2repeat	0.5	0.2436	0.6694	0.0192	0.0014	0.2735	0.0194	0.0362	0.6687	0.5333	0.0131	0.0009	0.5772	0.0012	0.0	0.5096	0.0016	0.0
80perc_10repeat	0.45	0.5564	0.3288	0.0164	0.0012	0.3288	1.0	0.4949	0.3284	0.423	0.0114	0.0008	0.4601	0.0012	0.0	0.6174	0.0013	0.0
30perc_5repeat	0.5	0.2809	0.6737	0.0182	0.0013	0.0	0.0	0.0	0.6726	0.5825	0.0129	0.0009	0.6094	0.0011	0.0	0.4346	0.0015	0.0
90perc_5repeat	0.45	0.573	0.3275	0.0161	0.0011	0.3272	0.9996	0.493	0.3284	0.415	0.0121	0.0009	0.4913	0.0014	0.0	0.6545	0.0017	0.0
90perc_10repeat	0.45	0.6007	0.3289	0.0182	0.0013	0.3289	1.0	0.495	0.3284	0.3915	0.0145	0.001	0.4537	0.0016	0.0	0.6668	0.0016	0.0
90perc_2repeat	0.5	0.3726	0.4234	0.0686	0.0049	0.3519	0.8705	0.5012	0.4103	0.4659	0.0083	0.0006	0.5664	0.0014	0.0	0.628	0.0016	0.0
50perc_5repeat	0.5	0.2317	0.6702	0.0184	0.0013	0.1781	0.0082	0.0157	0.671	0.528	0.0108	0.0008	0.549	0.001	0.0	0.4878	0.0011	0.0
30perc_2repeat	0.5	0.2962	0.6704	0.0186	0.0013	0.0	0.0	0.0	0.6677	0.603	0.0159	0.0011	0.6394	0.0014	0.0	0.4245	0.0021	0.0
100perc_2repeat	0.5	0.4743	0.3676	0.0344	0.0024	0.3365	0.946	0.4964	0.3645	0.4431	0.0064	0.0004	0.5737	0.0017	0.0	0.6698	0.0019	0.0
100perc_10repeat	0.45	0.6219	0.3287	0.0168	0.0012	0.3286	0.9997	0.4947	0.3284	0.3605	0.0169	0.0012	0.4568	0.0025	0.0	0.7148	0.0021	0.0
5perc_10repeat	0.5	0.3104	0.6722	0.0172	0.0012	0.0	0.0	0.0	0.671	0.6548	0.0161	0.0011	0.7052	0.0016	0.0	0.3944	0.0022	0.0
15perc_10repeat	0.5	0.3026	0.6723	0.0187	0.0013	0.0	0.0	0.0	0.6742	0.6238	0.0156	0.0011	0.6626	0.0015	0.0	0.4012	0.002	0.0
80perc_5repeat	0.5	0.5025	0.3291	0.0182	0.0013	0.3283	0.9981	0.494	0.329	0.4427	0.0093	0.0007	0.4947	0.0011	0.0	0.6086	0.0013	0.0
80perc_2repeat	0.5	0.2562	0.5731	0.1077	0.0076	0.4267	0.5646	0.486	0.6132	0.4896	0.0105	0.0007	0.5596	0.0013	0.0	0.5799	0.0017	0.0
30perc_10repeat	0.5	0.2822	0.6698	0.0186	0.0013	0.0	0.0	0.0	0.6677	0.5787	0.0112	0.0008	0.6014	0.001	0.0	0.4294	0.0013	0.0
5perc_5repeat	0.6	0.3121	0.6707	0.0205	0.0014	0.0	0.0	0.0	0.6694	0.6575	0.0134	0.001	0.7084	0.0013	0.0	0.3924	0.002	0.0
100perc_5repeat	0.5	0.5969	0.328	0.0199	0.0014	0.3276	0.999	0.4934	0.329	0.387	0.0134	0.0009	0.4993	0.0018	0.0	0.701	0.0019	0.0
15perc_2repeat	0.5	0.309	0.6698	0.0184	0.0013	0.0	0.0	0.0	0.671	0.6387	0.0174	0.0012	0.6833	0.0017	0.0	0.3975	0.0022	0.0
50perc_10repeat	0.5	0.2229	0.6652	0.0249	0.0018	0.319	0.0359	0.0646	0.6674	0.516	0.0067	0.0005	0.5279	0.0007	0.0	0.4942	0.0008	0.0
15perc_5repeat	0.6	0.3066	0.6692	0.024	0.0017	0.0	0.0	0.0	0.6694	0.6292	0.0134	0.0009	0.6699	0.0012	0.0	0.3993	0.0016	0.0
60perc_10repeat	0.5	0.308	0.3687	0.0729	0.0052	0.3386	0.9258	0.4958	0.3443	0.4852	0.0072	0.0005	0.4997	0.0007	0.0	0.5317	0.0008	0.0
70perc_10repeat	0.5	0.4678	0.3304	0.0193	0.0014	0.3302	0.9997	0.4965	0.3291	0.4525	0.0087	0.0006	0.4751	0.0008	0.0	0.5741	0.0009	0.0
40perc_2repeat	0.5	0.2815	0.6725	0.0183	0.0013	0.0022	0.0	0.0001	0.671	0.5801	0.0155	0.0011	0.6137	0.0014	0.0	0.4464	0.0018	0.0
100perc_5repeat	0.45	0.6025	0.3282	0.0168	0.0012	0.3278	0.9993	0.4936	0.3284	0.3871	0.0137	0.001	0.5008	0.0022	0.0	0.7018	0.0021	0.0
5perc_2repeat	0.6	0.3114	0.6719	0.0214	0.0015	0.0	0.0	0.0	0.6734	0.6596	0.0148	0.001	0.713	0.0015	0.0	0.3974	0.0022	0.0
40perc_10repeat	0.5	0.2479	0.6722	0.0199	0.0014	0.0067	0.0001	0.0002	0.671	0.546	0.0088	0.0006	0.56	0.0008	0.0	0.4592	0.001	0.0
70perc_2repeat	0.5	0.2267	0.6619	0.0434	0.0031	0.4534	0.1407	0.2148	0.6678	0.5122	0.012	0.0008	0.5696	0.0012	0.0	0.5439	0.0016	0.0
15perc_2repeat	0.6	0.3068	0.6712	0.023	0.0016	0.0	0.0	0.0	0.6734	0.6372	0.0144	0.001	0.6822	0.0013	0.0	0.401	0.0021	0.0
40perc_2repeat	0.6	0.2823	0.6701	0.021	0.0015	0.0002	0.0	0.0	0.6694	0.5788	0.0131	0.0009	0.6133	0.0011	0.0	0.4469	0.0014	0.0
80perc_5repeat	0.45	0.5115	0.3309	0.0167	0.0012	0.3304	0.9991	0.4966	0.3314	0.4417	0.0106	0.0008	0.4934	0.0011	0.0	0.6099	0.0014	0.0
40perc_5repeat	0.5	0.2627	0.6702	0.0169	0.0012	0.0027	0.0	0.0001	0.6677	0.5573	0.011	0.0008	0.5789	0.001	0.0	0.4557	0.0012	0.0
60perc_5repeat	0.5	0.2432	0.576	0.126	0.0089	0.4237	0.4036	0.4134	0.6452	0.5002	0.0103	0.0007	0.5257	0.001	0.0	0.5245	0.0011	0.0
30perc_2repeat	0.6	0.2953	0.6702	0.0264	0.0019	0.0	0.0	0.0	0.6694	0.6023	0.0157	0.0011	0.6383	0.0013	0.0	0.4223	0.0018	0.0
30perc_5repeat	0.6	0.2868	0.6703	0.0228	0.0016	0.0	0.0	0.0	0.6694	0.5866	0.0109	0.0008	0.6134	0.001	0.0	0.4266	0.0012	0.0
70perc_5repeat	0.5	0.3844	0.3434	0.041	0.0029	0.3319	0.9772	0.4955	0.3367	0.4706	0.0086	0.0006	0.5052	0.0009	0.0	0.5667	0.0012	0.0
5perc_10repeat	0.6	0.3122	0.6697	0.0225	0.0016	0.0	0.0	0.0	0.6694	0.6566	0.0141	0.001	0.7084	0.0013	0.0	0.3974	0.002	0.0
50perc_2repeat	0.6	0.2613	0.6735	0.0212	0.0015	0.0362	0.0014	0.0026	0.6734	0.5555	0.0126	0.0009	0.5932	0.0011	0.0	0.4768	0.0015	0.0
90perc_5repeat	0.5	0.5623	0.3299	0.0186	0.0013	0.3297	0.9996	0.4959	0.3323	0.4146	0.011	0.0008	0.4914	0.0013	0.0	0.6541	0.0015	0.0
60perc_2repeat	0.6	0.2402	0.6717	0.024	0.0017	0.2659	0.0218	0.0402	0.671	0.5341	0.0121	0.0009	0.5777	0.001	0.0	0.506	0.0016	0.0
40perc_5repeat	0.6	0.2593	0.6728	0.0224	0.0016	0.0037	0.0001	0.0001	0.6734	0.5565	0.0109	0.0008	0.5779	0.001	0.0	0.4557	0.0011	0.0
70perc_2repeat	0.6	0.2175	0.6708	0.0357	0.0025	0.4933	0.1629	0.245	0.675	0.5113	0.01	0.0007	0.5638	0.001	0.0	0.5409	0.0013	0.0
80perc_2repeat	0.6	0.2456	0.5967	0.0808	0.0057	0.4438	0.5766	0.5016	0.6205	0.4871	0.0094	0.0007	0.5592	0.001	0.0	0.5839	0.0014	0.0
50perc_5repeat	0.6	0.2295	0.6702	0.0293	0.0021	0.136	0.0141	0.0255	0.6699	0.5286	0.0096	0.0007	0.5492	0.0008	0.0	0.4869	0.001	0.0
30perc_10repeat	0.6	0.2807	0.6697	0.0222	0.0016	0.0	0.0	0.0	0.6694	0.5782	0.009	0.0006	0.6004	0.0008	0.0	0.4309	0.0011	0.0
90perc_2repeat	0.6	0.3281	0.4662	0.0644	0.0046	0.3657	0.8236	0.5065	0.4665	0.4669	0.0072	0.0005	0.5616	0.0011	0.0	0.6224	0.0014	0.0
15perc_2repeat	0.7	0.3065	0.671	0.0286	0.002	0.0	0.0	0.0	0.672	0.6368	0.0121	0.0009	0.682	0.0011	0.0	0.4003	0.0015	0.0
80perc_10repeat	0.5	0.5567	0.3267	0.0187	0.0013	0.3267	1.0	0.4925	0.3258	0.4232	0.0101	0.0007	0.4587	0.0011	0.0	0.6185	0.0013	0.0
100perc_2repeat	0.6	0.4174	0.4069	0.0447	0.0032	0.347	0.9003	0.5009	0.4044	0.443	0.0054	0.0004	0.575	0.0014	0.0	0.6708	0.0016	0.0
70perc_5repeat	0.6	0.3555	0.3558	0.0465	0.0033	0.3371	0.9665	0.4998	0.3469	0.4723	0.0085	0.0006	0.5066	0.0008	0.0	0.5647	0.001	0.0
90perc_10repeat	0.5	0.5978	0.327	0.0187	0.0013	0.327	1.0	0.4928	0.329	0.3918	0.0127	0.0009	0.4531	0.0015	0.0	0.6651	0.0015	0.0
80perc_5repeat	0.6	0.4813	0.3309	0.025	0.0018	0.3298	0.998	0.4958	0.3306	0.4431	0.0095	0.0007	0.4935	0.0009	0.0	0.6064	0.0012	0.0
90perc_5repeat	0.6	0.5471	0.332	0.0231	0.0016	0.3317	0.9997	0.4981	0.3331	0.414	0.0103	0.0007	0.4917	0.001	0.0	0.6548	0.0013	0.0
5perc_5repeat	0.7	0.31	0.6717	0.0284	0.002	0.0	0.0	0.0	0.672	0.6568	0.0115	0.0008	0.7079	0.0011	0.0	0.3959	0.0015	0.0
40perc_10repeat	0.6	0.2495	0.6706	0.0214	0.0015	0.0055	0.0001	0.0001	0.6734	0.5472	0.0083	0.0006	0.5622	0.0008	0.0	0.458	0.0009	0.0
60perc_5repeat	0.6	0.2349	0.6006	0.0997	0.007	0.4277	0.3881	0.4069	0.644	0.5008	0.0089	0.0006	0.5251	0.0008	0.0	0.5234	0.001	0.0
15perc_10repeat	0.6	0.303	0.6713	0.0227	0.0016	0.0	0.0	0.0	0.6694	0.6249	0.0121	0.0009	0.6624	0.0011	0.0	0.3998	0.0014	0.0
100perc_10repeat	0.5	0.6187	0.3296	0.0194	0.0014	0.3296	1.0	0.4957	0.329	0.3597	0.0159	0.0011	0.459	0.0021	0.0	0.7171	0.0018	0.0
15perc_5repeat	0.7	0.3038	0.6709	0.0323	0.0023	0.0	0.0	0.0	0.672	0.6284	0.0118	0.0008	0.6673	0.001	0.0	0.3996	0.0014	0.0
100perc_5repeat	0.6	0.5817	0.3314	0.0224	0.0016	0.3308	0.9995	0.4971	0.3306	0.3853	0.01	0.0007	0.5004	0.0013	0.0	0.7051	0.0014	0.0
50perc_10repeat	0.6	0.2221	0.6637	0.0308	0.0022	0.3192	0.0398	0.0708	0.6673	0.5151	0.0065	0.0005	0.5275	0.0006	0.0	0.4942	0.0007	0.0
5perc_2repeat	0.7	0.3136	0.6693	0.0255	0.0018	0.0	0.0	0.0	0.6667	0.6608	0.0113	0.0008	0.7131	0.001	0.0	0.3927	0.0016	0.0
60perc_10repeat	0.6	0.3067	0.3696	0.073	0.0052	0.3419	0.9313	0.5002	0.3487	0.4841	0.0074	0.0005	0.4983	0.0007	0.0	0.5322	0.0008	0.0
80perc_10repeat	0.6	0.5458	0.3283	0.0243	0.0017	0.3283	1.0	0.4943	0.3306	0.4228	0.0096	0.0007	0.4588	0.0009	0.0	0.6177	0.0011	0.0
5perc_10repeat	0.7	0.3087	0.6729	0.0285	0.002	0.0	0.0	0.0	0.672	0.6553	0.0113	0.0008	0.7056	0.001	0.0	0.3931	0.0015	0.0
30perc_2repeat	0.7	0.3015	0.6648	0.0305	0.0022	0.0	0.0	0.0	0.6613	0.6054	0.0116	0.0008	0.6412	0.0011	0.0	0.4185	0.0013	0.0
100perc_10repeat	0.6	0.6124	0.3293	0.0207	0.0015	0.3293	1.0	0.4954	0.3266	0.36	0.0113	0.0008	0.4575	0.0016	0.0	0.7171	0.0013	0.0
40perc_2repeat	0.7	0.2783	0.6742	0.0304	0.0022	0.0004	0.0	0.0	0.6774	0.5795	0.0118	0.0008	0.6137	0.001	0.0	0.4465	0.0014	0.0
70perc_2repeat	0.7	0.2181	0.671	0.028	0.002	0.503	0.1649	0.2484	0.6694	0.5128	0.0103	0.0007	0.567	0.0009	0.0	0.5424	0.0013	0.0
80perc_2repeat	0.7	0.2299	0.6309	0.0559	0.004	0.4643	0.5111	0.4866	0.643	0.4883	0.0079	0.0006	0.561	0.0009	0.0	0.5829	0.0012	0.0
60perc_5repeat	0.7	0.2314	0.6117	0.0918	0.0065	0.4516	0.3951	0.4215	0.6434	0.5003	0.0081	0.0006	0.5253	0.0007	0.0	0.5252	0.0008	0.0
5perc_2repeat	0.8	0.3109	0.6714	0.0362	0.0026	0.0	0.0	0.0	0.6667	0.6604	0.0095	0.0007	0.7133	0.0008	0.0	0.393	0.0013	0.0
90perc_2repeat	0.7	0.2955	0.5187	0.0582	0.0041	0.388	0.7549	0.5126	0.5208	0.4659	0.0071	0.0005	0.5637	0.0009	0.0	0.6261	0.0012	0.0
90perc_10repeat	0.6	0.5895	0.3282	0.0223	0.0016	0.3282	1.0	0.4942	0.3266	0.3917	0.0106	0.0008	0.4533	0.0012	0.0	0.6675	0.0012	0.0
70perc_5repeat	0.7	0.3316	0.3758	0.0628	0.0044	0.3437	0.9434	0.5038	0.3645	0.4728	0.008	0.0006	0.5085	0.0007	0.0	0.5637	0.0009	0.0
15perc_2repeat	0.8	0.3054	0.6713	0.0414	0.0029	0.0	0.0	0.0	0.6748	0.6368	0.0111	0.0008	0.6816	0.001	0.0	0.4009	0.0012	0.0
70perc_10repeat	0.6	0.4624	0.3293	0.0233	0.0016	0.3292	0.9998	0.4953	0.3267	0.4531	0.0073	0.0005	0.4742	0.0007	0.0	0.575	0.0008	0.0
100perc_2repeat	0.7	0.3675	0.4523	0.0444	0.0031	0.3592	0.8549	0.5059	0.4505	0.4434	0.0038	0.0003	0.5726	0.001	0.0	0.6688	0.0011	0.0
60perc_2repeat	0.7	0.2372	0.6723	0.029	0.0021	0.2603	0.0175	0.0328	0.6722	0.5346	0.01	0.0007	0.5786	0.0009	0.0	0.5084	0.0011	0.0
30perc_2repeat	0.8	0.2958	0.6695	0.0384	0.0027	0.0	0.0	0.0	0.6667	0.603	0.0103	0.0007	0.6395	0.0009	0.0	0.4217	0.0011	0.0
40perc_10repeat	0.7	0.2519	0.6686	0.0278	0.002	0.0007	0.0	0.0	0.672	0.5476	0.0066	0.0005	0.5628	0.0006	0.0	0.4583	0.0007	0.0
80perc_5repeat	0.7	0.4652	0.3312	0.0278	0.002	0.3304	0.9986	0.4965	0.3284	0.4425	0.0073	0.0005	0.494	0.0007	0.0	0.609	0.001	0.0
50perc_2repeat	0.8	0.2592	0.6728	0.039	0.0028	0.0106	0.0003	0.0006	0.6711	0.5559	0.0093	0.0007	0.5938	0.0008	0.0	0.4764	0.001	0.0
30perc_5repeat	0.7	0.2876	0.6679	0.0296	0.0021	0.0	0.0	0.0	0.6667	0.5864	0.0097	0.0007	0.6126	0.0009	0.0	0.4273	0.0011	0.0
5perc_5repeat	0.8	0.3133	0.6691	0.0374	0.0026	0.0	0.0	0.0	0.6667	0.6578	0.0087	0.0006	0.7101	0.0008	0.0	0.3932	0.0011	0.0
40perc_5repeat	0.7	0.2621	0.6704	0.0271	0.0019	0.001	0.0	0.0	0.672	0.5576	0.0091	0.0006	0.5799	0.0008	0.0	0.454	0.001	0.0
50perc_2repeat	0.7	0.2617	0.6717	0.0288	0.002	0.0273	0.0009	0.0018	0.672	0.5561	0.0124	0.0009	0.5939	0.0009	0.0	0.4764	0.0014	0.0
90perc_5repeat	0.7	0.5304	0.3302	0.0256	0.0018	0.3298	0.9994	0.4959	0.3333	0.4145	0.0076	0.0005	0.4922	0.0009	0.0	0.6548	0.001	0.0
30perc_10repeat	0.7	0.2799	0.6707	0.0299	0.0021	0.0	0.0	0.0	0.672	0.5777	0.0079	0.0006	0.6002	0.0008	0.0	0.4311	0.0008	0.0
50perc_5repeat	0.7	0.2269	0.6733	0.028	0.002	0.1581	0.0065	0.0125	0.6767	0.528	0.0093	0.0007	0.5483	0.0008	0.0	0.4884	0.0009	0.0
100perc_5repeat	0.7	0.5636	0.3323	0.029	0.002	0.3317	0.9993	0.4981	0.3333	0.3853	0.0084	0.0006	0.4994	0.0011	0.0	0.7043	0.0011	0.0
15perc_5repeat	0.8	0.3037	0.6718	0.0348	0.0025	0.0	0.0	0.0	0.6748	0.6284	0.0085	0.0006	0.6691	0.0008	0.0	0.4007	0.001	0.0
60perc_2repeat	0.8	0.2349	0.6708	0.0387	0.0027	0.2332	0.0152	0.0285	0.6746	0.5349	0.0093	0.0007	0.5766	0.0008	0.0	0.5056	0.001	0.0
40perc_5repeat	0.8	0.2606	0.6704	0.0371	0.0026	0.0004	0.0	0.0	0.6748	0.5579	0.008	0.0006	0.5794	0.0007	0.0	0.4549	0.0008	0.0
40perc_2repeat	0.8	0.2825	0.6683	0.0376	0.0027	0.0	0.0	0.0	0.6667	0.5807	0.0106	0.0007	0.6151	0.0008	0.0	0.4449	0.0011	0.0
70perc_2repeat	0.8	0.2148	0.6742	0.0358	0.0025	0.5308	0.1754	0.2637	0.6761	0.5122	0.0094	0.0007	0.5676	0.0008	0.0	0.543	0.001	0.0
30perc_5repeat	0.8	0.2821	0.674	0.0406	0.0029	0.0	0.0	0.0	0.6748	0.586	0.0092	0.0007	0.6129	0.0008	0.0	0.427	0.001	0.0
80perc_2repeat	0.8	0.2214	0.6508	0.0427	0.003	0.4735	0.4834	0.4784	0.6524	0.489	0.0079	0.0006	0.5611	0.0007	0.0	0.5808	0.0009	0.0
80perc_10repeat	0.7	0.5369	0.3304	0.0315	0.0022	0.3304	1.0	0.4967	0.328	0.4223	0.0082	0.0006	0.4591	0.0007	0.0	0.6192	0.0009	0.0
15perc_10repeat	0.7	0.3027	0.6707	0.0288	0.002	0.0	0.0	0.0	0.672	0.6246	0.0102	0.0007	0.6614	0.001	0.0	0.4017	0.0011	0.0
90perc_10repeat	0.7	0.5828	0.3284	0.0292	0.0021	0.3284	1.0	0.4945	0.328	0.392	0.0088	0.0006	0.4529	0.0009	0.0	0.6668	0.001	0.0
90perc_2repeat	0.8	0.2652	0.5728	0.049	0.0035	0.4164	0.6954	0.5209	0.5745	0.4659	0.006	0.0004	0.5631	0.0007	0.0	0.6245	0.001	0.0
15perc_2repeat	0.9	0.3063	0.6707	0.0575	0.0041	0.0	0.0	0.0	0.6721	0.6379	0.0083	0.0006	0.6821	0.0008	0.0	0.3994	0.001	0.0
30perc_2repeat	0.9	0.295	0.6687	0.054	0.0038	0.0	0.0	0.0	0.6721	0.6037	0.0098	0.0007	0.6402	0.0008	0.0	0.4215	0.0011	0.0
100perc_2repeat	0.8	0.3195	0.514	0.0395	0.0028	0.3841	0.7764	0.5139	0.5171	0.4429	0.0032	0.0002	0.5742	0.0007	0.0	0.6707	0.0008	0.0
40perc_2repeat	0.9	0.2736	0.6784	0.0599	0.0042	0.0	0.0	0.0	0.6721	0.5799	0.0106	0.0008	0.6153	0.0007	0.0	0.4464	0.0012	0.0
60perc_5repeat	0.8	0.2323	0.6129	0.0927	0.0066	0.454	0.4152	0.4338	0.6371	0.4995	0.0083	0.0006	0.5243	0.0007	0.0	0.5265	0.0009	0.0
15perc_10repeat	0.8	0.3087	0.6654	0.0397	0.0028	0.0	0.0	0.0	0.6667	0.6257	0.0088	0.0006	0.663	0.0007	0.0	0.4002	0.001	0.0
5perc_2repeat	0.9	0.3072	0.675	0.0554	0.0039	0.0	0.0	0.0	0.6721	0.6597	0.0068	0.0005	0.7147	0.0006	0.0	0.3963	0.0009	0.0
50perc_2repeat	0.9	0.2597	0.6711	0.057	0.004	0.0036	0.0002	0.0004	0.6721	0.5583	0.0098	0.0007	0.5946	0.0008	0.0	0.4737	0.001	0.0
80perc_5repeat	0.8	0.4419	0.3337	0.0413	0.0029	0.3322	0.9978	0.4985	0.3415	0.4429	0.007	0.0005	0.4944	0.0006	0.0	0.6088	0.0009	0.0
40perc_10repeat	0.8	0.2459	0.6754	0.0345	0.0024	0.0006	0.0	0.0	0.6748	0.5473	0.0062	0.0004	0.5624	0.0006	0.0	0.4585	0.0007	0.0
5perc_5repeat	0.9	0.3087	0.6731	0.0572	0.004	0.0	0.0	0.0	0.6721	0.6573	0.0066	0.0005	0.7102	0.0005	0.0	0.3945	0.0008	0.0
50perc_5repeat	0.8	0.2278	0.6683	0.0357	0.0025	0.1181	0.0063	0.012	0.6701	0.5285	0.0087	0.0006	0.5493	0.0007	0.0	0.4889	0.0008	0.0
50perc_10repeat	0.7	0.2195	0.6698	0.033	0.0023	0.3103	0.0271	0.0498	0.672	0.5158	0.0065	0.0005	0.5283	0.0006	0.0	0.4929	0.0006	0.0
60perc_2repeat	0.9	0.2266	0.6758	0.0557	0.0039	0.2476	0.0282	0.0506	0.6787	0.533	0.0091	0.0006	0.5769	0.0007	0.0	0.5095	0.001	0.0
50perc_10repeat	0.8	0.22	0.6683	0.0384	0.0027	0.2683	0.0281	0.0509	0.6707	0.5159	0.0057	0.0004	0.528	0.0005	0.0	0.4935	0.0006	0.0
15perc_5repeat	0.9	0.3038	0.6693	0.0578	0.0041	0.0	0.0	0.0	0.6721	0.6288	0.0074	0.0005	0.6682	0.0006	0.0	0.4012	0.0008	0.0
60perc_10repeat	0.7	0.2987	0.374	0.0749	0.0053	0.3423	0.9281	0.5001	0.3545	0.4845	0.006	0.0004	0.499	0.0006	0.0	0.5322	0.0006	0.0
70perc_10repeat	0.7	0.4477	0.3272	0.0272	0.0019	0.327	0.9996	0.4928	0.328	0.4543	0.0069	0.0005	0.4761	0.0006	0.0	0.5735	0.0007	0.0
50perc_5repeat	0.9	0.2249	0.6689	0.0531	0.0038	0.0725	0.0047	0.0089	0.6721	0.5286	0.0072	0.0005	0.5495	0.0006	0.0	0.4884	0.0007	0.0
90perc_5repeat	0.8	0.5082	0.3347	0.0345	0.0024	0.3345	0.9998	0.5013	0.3333	0.4141	0.0059	0.0004	0.4918	0.0007	0.0	0.6561	0.0008	0.0
70perc_2repeat	0.9	0.2143	0.6732	0.0557	0.0039	0.5219	0.1955	0.2845	0.6702	0.5118	0.0082	0.0006	0.5674	0.0006	0.0	0.5443	0.0009	0.0
90perc_2repeat	0.9	0.2549	0.5991	0.0526	0.0037	0.4299	0.6542	0.5189	0.5964	0.4655	0.0062	0.0004	0.5632	0.0005	0.0	0.6254	0.0008	0.0
40perc_5repeat	0.9	0.2588	0.67	0.0544	0.0038	0.0	0.0	0.0	0.6721	0.5575	0.0074	0.0005	0.5786	0.0007	0.0	0.4539	0.0007	0.0
5perc_10repeat	0.8	0.3107	0.6704	0.0411	0.0029	0.0	0.0	0.0	0.6748	0.6563	0.0094	0.0007	0.709	0.0008	0.0	0.3947	0.0013	0.0
70perc_5repeat	0.8	0.326	0.374	0.0652	0.0046	0.3387	0.945	0.4987	0.3576	0.4722	0.0072	0.0005	0.5071	0.0006	0.0	0.5646	0.0007	0.0
100perc_5repeat	0.8	0.545	0.3263	0.0378	0.0027	0.3257	0.9996	0.4913	0.3252	0.3866	0.0062	0.0004	0.4992	0.0008	0.0	0.7024	0.0009	0.0
100perc_2repeat	0.9	0.2925	0.5516	0.0584	0.0041	0.3972	0.7324	0.515	0.5554	0.4431	0.0021	0.0001	0.5724	0.0005	0.0	0.669	0.0006	0.0
80perc_10repeat	0.8	0.5287	0.3283	0.0376	0.0027	0.3283	1.0	0.4943	0.3252	0.4227	0.0067	0.0005	0.4587	0.0006	0.0	0.6183	0.0007	0.0
80perc_2repeat	0.9	0.2213	0.6476	0.0584	0.0041	0.4615	0.4748	0.4681	0.6439	0.4882	0.0076	0.0005	0.5609	0.0006	0.0	0.5831	0.0009	0.0
30perc_5repeat	0.9	0.2802	0.6739	0.0587	0.0042	0.0	0.0	0.0	0.6721	0.585	0.0073	0.0005	0.6117	0.0006	0.0	0.4279	0.0008	0.0
70perc_5repeat	0.9	0.316	0.3788	0.0761	0.0054	0.3401	0.9431	0.4999	0.3698	0.4714	0.0068	0.0005	0.5059	0.0005	0.0	0.5655	0.0007	0.0
90perc_10repeat	0.8	0.5728	0.3274	0.0382	0.0027	0.3274	1.0	0.4932	0.3252	0.3917	0.0071	0.0005	0.4526	0.0007	0.0	0.6663	0.0008	0.0
70perc_10repeat	0.8	0.4363	0.3286	0.036	0.0025	0.3286	0.9997	0.4946	0.3252	0.4542	0.0064	0.0005	0.4758	0.0005	0.0	0.573	0.0006	0.0
5perc_10repeat	0.9	0.3109	0.6703	0.0553	0.0039	0.0	0.0	0.0	0.6721	0.656	0.0059	0.0004	0.7081	0.0005	0.0	0.3942	0.0008	0.0
30perc_10repeat	0.8	0.2771	0.6722	0.04	0.0028	0.0	0.0	0.0	0.6748	0.5774	0.0073	0.0005	0.5993	0.0007	0.0	0.4309	0.0008	0.0
100perc_10repeat	0.7	0.6053	0.3275	0.0299	0.0021	0.3275	1.0	0.4934	0.328	0.3607	0.0105	0.0007	0.4571	0.0013	0.0	0.715	0.0011	0.0
100perc_10repeat	0.8	0.589	0.336	0.036	0.0025	0.336	1.0	0.503	0.3333	0.3587	0.0073	0.0005	0.456	0.001	0.0	0.7174	0.0008	0.0
80perc_5repeat	0.9	0.4227	0.3284	0.055	0.0039	0.3267	0.9976	0.4922	0.3279	0.4435	0.0062	0.0004	0.4948	0.0005	0.0	0.6087	0.0006	0.0
90perc_5repeat	0.9	0.4868	0.3315	0.0546	0.0039	0.3315	0.9997	0.4979	0.3279	0.4142	0.0052	0.0004	0.4918	0.0004	0.0	0.656	0.0006	0.0
100perc_5repeat	0.9	0.5106	0.3331	0.0576	0.0041	0.3327	0.999	0.4991	0.3443	0.3858	0.0042	0.0003	0.5002	0.0006	0.0	0.7037	0.0006	0.0
60perc_5repeat	0.9	0.2279	0.6272	0.0884	0.0063	0.4758	0.3934	0.4307	0.6443	0.4997	0.0078	0.0006	0.5241	0.0006	0.0	0.5257	0.0008	0.0
50perc_10repeat	0.9	0.2182	0.6689	0.0524	0.0037	0.2043	0.0218	0.0393	0.6721	0.5159	0.0053	0.0004	0.5284	0.0005	0.0	0.4937	0.0005	0.0
60perc_10repeat	0.8	0.2973	0.371	0.0805	0.0057	0.3405	0.9327	0.4989	0.355	0.4844	0.0061	0.0004	0.4982	0.0005	0.0	0.5327	0.0006	0.0
60perc_10repeat	0.9	0.2897	0.3732	0.0859	0.0061	0.3402	0.9334	0.4986	0.3639	0.4847	0.0053	0.0004	0.4985	0.0005	0.0	0.5312	0.0006	0.0
70perc_10repeat	0.9	0.4274	0.3312	0.0608	0.0043	0.3311	0.9998	0.4975	0.3282	0.4533	0.0051	0.0004	0.4748	0.0004	0.0	0.5744	0.0005	0.0
80perc_10repeat	0.9	0.5176	0.3275	0.0625	0.0044	0.3275	1.0	0.4935	0.3279	0.4227	0.0057	0.0004	0.4591	0.0006	0.0	0.6188	0.0005	0.0
90perc_10repeat	0.9	0.5601	0.332	0.0606	0.0043	0.332	1.0	0.4985	0.3279	0.3913	0.0056	0.0004	0.4527	0.0005	0.0	0.667	0.0006	0.0
100perc_10repeat	0.9	0.5888	0.322	0.0585	0.0041	0.322	1.0	0.4872	0.3279	0.3607	0.0052	0.0004	0.4579	0.0006	0.0	0.7156	0.0005	0.0
15perc_10repeat	0.9	0.3034	0.6713	0.0525	0.0037	0.0	0.0	0.0	0.6721	0.6245	0.0058	0.0004	0.6632	0.0005	0.0	0.4006	0.0007	0.0
40perc_10repeat	0.9	0.2531	0.6637	0.058	0.0041	0.0004	0.0	0.0	0.6557	0.5479	0.0056	0.0004	0.563	0.0005	0.0	0.4583	0.0005	0.0
30perc_10repeat	0.9	0.2775	0.6725	0.0558	0.0039	0.0	0.0	0.0	0.6721	0.5778	0.0063	0.0004	0.5999	0.0005	0.0	0.4308	0.0006	0.0
