Label	trainingSize	SquaredLoss_Mean	Accuracy_Mean	Accuracy_SD	Accuracy_SE	Precision_Mean	Recall_Mean	F1	Accuracy_Median	PriorClass0_Mean	PriorClass0_SD	PriorClass0_SE	ProbabilityEstimate_0given0_Mean 	ProbabilityEstimate_0given0_SD 	ProbabilityEstimate_0given0_SE 	ProbabilityEstimate_1given1_Mean	ProbabilityEstimate_1given1_SD	ProbabilityEstimate_1given1_SE

original	0.9	0.2459	0.6509	0.0641	0.0045	0.7719	0.3963	0.5237	0.6511	0.5277	0.0069	0.0005	0.6462	0.0007	0.0	0.5881	0.0006	0.0
original	0.8	0.2587	0.6339	0.0597	0.0042	0.7508	0.3537	0.4809	0.6351	0.5269	0.0101	0.0007	0.6469	0.001	0.0	0.5889	0.0009	0.0
original	0.35	0.3607	0.5418	0.0452	0.0032	0.5828	0.2017	0.2997	0.5333	0.5295	0.0269	0.0019	0.6455	0.003	0.0	0.5805	0.0033	0.0
original	0.7	0.2759	0.613	0.0531	0.0038	0.7531	0.2959	0.4249	0.6142	0.5269	0.0121	0.0009	0.6463	0.0014	0.0	0.5884	0.0014	0.0
original	0.6	0.2942	0.5953	0.0589	0.0042	0.7372	0.2609	0.3854	0.5889	0.5272	0.0159	0.0011	0.6465	0.0016	0.0	0.5876	0.0018	0.0
original	0.5	0.3216	0.5732	0.0562	0.004	0.7126	0.1906	0.3008	0.5631	0.5295	0.0187	0.0013	0.6463	0.0021	0.0	0.5832	0.0023	0.0
original	0.45	0.3295	0.5682	0.0561	0.004	0.6811	0.2086	0.3194	0.5557	0.5275	0.0213	0.0015	0.6465	0.0023	0.0	0.5854	0.0026	0.0
original	0.4	0.337	0.557	0.0561	0.004	0.6364	0.2581	0.3673	0.5473	0.5233	0.0255	0.0018	0.6376	0.0026	0.0	0.5868	0.003	0.0
original	0.3	0.3801	0.5322	0.0371	0.0026	0.5541	0.1763	0.2674	0.5265	0.5327	0.0296	0.0021	0.649	0.0033	0.0	0.5755	0.0039	0.0
original	0.25	0.3822	0.5264	0.0395	0.0028	0.5296	0.2607	0.3494	0.5263	0.5269	0.0335	0.0024	0.6398	0.0044	0.0	0.583	0.0042	0.0
original	0.2	0.3995	0.5167	0.0338	0.0024	0.4904	0.2658	0.3448	0.522	0.5279	0.0406	0.0029	0.6398	0.0052	0.0	0.5834	0.005	0.0
original	0.1	0.4193	0.5044	0.0278	0.002	0.3773	0.3559	0.3663	0.5214	0.5306	0.0561	0.004	0.6258	0.0092	0.0	0.571	0.0089	0.0
original	0.05	0.42	0.5007	0.0268	0.0019	0.3378	0.4233	0.3758	0.5178	0.5252	0.0885	0.0063	0.5747	0.0141	0.0	0.5387	0.0138	0.0


05prec_2repeat	0.1	0.4198	0.5056	0.0291	0.0021	0.3999	0.3353	0.3647	0.5208	0.5217	0.0596	0.0042	0.6151	0.0096	0.0	0.5577	0.0101	0.0
15perc_5repeat	0.1	0.3923	0.5034	0.0287	0.002	0.3444	0.3816	0.3621	0.5215	0.5153	0.0483	0.0034	0.5679	0.0072	0.0	0.5286	0.0077	0.0
30perc_5repeat	0.1	0.3642	0.5023	0.029	0.002	0.3224	0.4084	0.3603	0.5179	0.5139	0.0381	0.0027	0.541	0.0058	0.0	0.5076	0.0058	0.0
30perc_2repeat	0.05	0.3935	0.4996	0.0271	0.0019	0.3104	0.4196	0.3569	0.5114	0.5172	0.0612	0.0043	0.5277	0.0122	0.0	0.4933	0.0128	0.0
15perc_2repeat	0.05	0.4068	0.4997	0.0266	0.0019	0.3498	0.444	0.3913	0.5109	0.5226	0.0788	0.0056	0.5153	0.0147	0.0	0.4922	0.014	0.0
80perc_2repeat	0.05	0.3839	0.4991	0.0263	0.0019	0.4319	0.4879	0.4582	0.4908	0.4985	0.035	0.0025	0.5394	0.0119	0.0	0.54	0.0118	0.0
70perc_2repeat	0.05	0.3786	0.5012	0.0275	0.0019	0.3816	0.4584	0.4165	0.504	0.5065	0.0402	0.0028	0.5399	0.0095	0.0	0.5254	0.0108	0.0
90perc_2repeat	0.05	0.3962	0.4992	0.0263	0.0019	0.4478	0.5155	0.4793	0.4882	0.4953	0.0321	0.0023	0.5745	0.012	0.0	0.5812	0.0121	0.0
70perc_5repeat	0.05	0.3539	0.4973	0.0274	0.0019	0.4356	0.5383	0.4815	0.482	0.4956	0.0344	0.0024	0.5159	0.0081	0.0	0.5229	0.0086	0.0
60perc_5repeat	0.05	0.3597	0.498	0.0267	0.0019	0.3882	0.512	0.4416	0.4855	0.4992	0.0314	0.0022	0.5036	0.0083	0.0	0.5155	0.0074	0.0
05prec_10repeat	0.1	0.4202	0.5048	0.0283	0.002	0.3731	0.3484	0.3603	0.5198	0.5251	0.0574	0.0041	0.6134	0.0086	0.0	0.5608	0.0093	0.0
80perc_5repeat	0.05	0.3777	0.4942	0.027	0.0019	0.4108	0.5901	0.4844	0.4788	0.4923	0.035	0.0025	0.5071	0.009	0.0	0.5245	0.0098	0.0
30perc_5repeat	0.05	0.3902	0.5011	0.0268	0.0019	0.3029	0.4189	0.3516	0.5195	0.5188	0.0524	0.0037	0.5228	0.0111	0.0	0.4894	0.011	0.0
40perc_5repeat	0.05	0.3709	0.4988	0.0266	0.0019	0.3327	0.4472	0.3815	0.5035	0.5126	0.0447	0.0032	0.5108	0.0091	0.0	0.4864	0.0094	0.0
90perc_10repeat	0.05	0.414	0.4987	0.0277	0.002	0.393	0.5419	0.4556	0.482	0.4858	0.0579	0.0041	0.5297	0.0126	0.0	0.5543	0.0124	0.0
100perc_10repeat	0.05	0.4409	0.4969	0.0255	0.0018	0.4265	0.5793	0.4913	0.4813	0.474	0.0636	0.0045	0.5748	0.0195	0.0	0.602	0.0191	0.0
15perc_10repeat	0.05	0.4144	0.5006	0.0275	0.0019	0.3179	0.4271	0.3645	0.5178	0.5159	0.076	0.0054	0.5416	0.0138	0.0	0.4793	0.0145	0.0
80perc_10repeat	0.05	0.3847	0.4928	0.0276	0.002	0.3849	0.636	0.4795	0.4771	0.4905	0.0415	0.0029	0.4937	0.0093	0.0	0.5425	0.0089	0.0
70perc_10repeat	0.05	0.3674	0.4927	0.0258	0.0018	0.4232	0.627	0.5053	0.4784	0.4908	0.0302	0.0021	0.5037	0.0068	0.0	0.5313	0.0076	0.0
30perc_10repeat	0.05	0.3869	0.4997	0.0275	0.0019	0.3193	0.4465	0.3723	0.5161	0.5147	0.049	0.0035	0.5126	0.01	0.0	0.492	0.0104	0.0
40perc_2repeat	0.1	0.3717	0.5032	0.028	0.002	0.3254	0.3786	0.35	0.5179	0.5167	0.0388	0.0027	0.5497	0.0063	0.0	0.5038	0.0065	0.0
40perc_5repeat	0.1	0.3442	0.5016	0.0291	0.0021	0.3683	0.4481	0.4043	0.5154	0.5101	0.0305	0.0022	0.5304	0.0046	0.0	0.5162	0.005	0.0
30perc_10repeat	0.1	0.3594	0.5056	0.0291	0.0021	0.3288	0.3522	0.3401	0.5201	0.5118	0.0332	0.0023	0.545	0.0051	0.0	0.4972	0.0052	0.0
05prec_10repeat	0.05	0.4409	0.5024	0.0267	0.0019	0.2892	0.3961	0.3343	0.5194	0.5296	0.0943	0.0067	0.5748	0.0185	0.0	0.4781	0.0205	0.0
50perc_2repeat	0.05	0.3846	0.5008	0.0269	0.0019	0.3573	0.4583	0.4016	0.5147	0.5101	0.0484	0.0034	0.5226	0.0101	0.0	0.5169	0.0105	0.0
15perc_2repeat	0.1	0.4004	0.5041	0.0292	0.0021	0.3218	0.3907	0.3529	0.5197	0.5236	0.0511	0.0036	0.5674	0.0082	0.0	0.5369	0.0089	0.0
30perc_2repeat	0.1	0.3861	0.5052	0.0288	0.002	0.3487	0.3691	0.3586	0.5206	0.5177	0.0476	0.0034	0.5741	0.0063	0.0	0.5245	0.0075	0.0
05prec_5repeat	0.1	0.4079	0.5066	0.0282	0.002	0.32	0.3195	0.3197	0.5215	0.5273	0.0571	0.004	0.6021	0.0087	0.0	0.5207	0.0107	0.0
60perc_2repeat	0.05	0.3828	0.4986	0.0279	0.002	0.3774	0.521	0.4377	0.4867	0.5003	0.0455	0.0032	0.5048	0.0112	0.0	0.5287	0.0085	0.0
90perc_5repeat	0.05	0.4052	0.4946	0.0259	0.0018	0.4461	0.6231	0.5199	0.4791	0.4833	0.0488	0.0034	0.5453	0.0116	0.0	0.5831	0.0116	0.0
40perc_2repeat	0.05	0.3966	0.5024	0.0267	0.0019	0.3227	0.4067	0.3598	0.5186	0.5163	0.0558	0.0039	0.5355	0.0124	0.0	0.4923	0.0119	0.0
05prec_2repeat	0.05	0.4281	0.5	0.027	0.0019	0.3021	0.4229	0.3524	0.5184	0.5255	0.0815	0.0058	0.5625	0.0177	0.0	0.507	0.0169	0.0
100perc_2repeat	0.05	0.405	0.4959	0.025	0.0018	0.4729	0.5925	0.526	0.4831	0.489	0.0268	0.0019	0.5899	0.0125	0.0	0.6089	0.013	0.0
100perc_5repeat	0.05	0.4332	0.4973	0.0267	0.0019	0.4516	0.5724	0.5049	0.4812	0.4861	0.0593	0.0042	0.6116	0.0162	0.0	0.6372	0.0154	0.0
15perc_10repeat	0.1	0.3968	0.5071	0.0277	0.002	0.3196	0.3318	0.3256	0.5197	0.5218	0.046	0.0033	0.5815	0.0073	0.0	0.5253	0.0072	0.0
15perc_5repeat	0.05	0.4145	0.5003	0.027	0.0019	0.3114	0.4347	0.3629	0.5144	0.5167	0.0692	0.0049	0.5291	0.015	0.0	0.4802	0.0154	0.0
05prec_5repeat	0.05	0.4306	0.4995	0.0268	0.0019	0.3299	0.4579	0.3835	0.5076	0.529	0.081	0.0057	0.5383	0.0192	0.0	0.504	0.0186	0.0
50perc_5repeat	0.05	0.3734	0.5001	0.0289	0.002	0.3589	0.4625	0.4042	0.5057	0.5084	0.0394	0.0028	0.5206	0.0091	0.0	0.5039	0.0089	0.0
60perc_10repeat	0.05	0.3395	0.497	0.0278	0.002	0.4187	0.5444	0.4734	0.4823	0.4971	0.0269	0.0019	0.5068	0.0055	0.0	0.5214	0.0057	0.0
50perc_10repeat	0.05	0.3235	0.5026	0.0279	0.002	0.3919	0.3983	0.3951	0.5187	0.5035	0.0264	0.0019	0.5014	0.0062	0.0	0.4771	0.0062	0.0
40perc_10repeat	0.05	0.3575	0.5012	0.0276	0.0019	0.3485	0.4281	0.3843	0.5172	0.5086	0.034	0.0024	0.5073	0.0078	0.0	0.4861	0.0077	0.0
05prec_2repeat	0.2	0.3921	0.5165	0.034	0.0024	0.4549	0.285	0.3505	0.5242	0.5191	0.0375	0.0027	0.6208	0.005	0.0	0.5701	0.0057	0.0
50perc_2repeat	0.1	0.3584	0.5061	0.0284	0.002	0.3462	0.3683	0.3569	0.521	0.5122	0.0346	0.0024	0.5479	0.0056	0.0	0.5113	0.006	0.0
50perc_5repeat	0.1	0.314	0.5049	0.0298	0.0021	0.3995	0.3867	0.393	0.5186	0.5074	0.0239	0.0017	0.5197	0.0039	0.0	0.4973	0.0044	0.0
70perc_2repeat	0.1	0.3587	0.5005	0.0312	0.0022	0.4531	0.4993	0.4751	0.4968	0.5012	0.0276	0.002	0.5486	0.0062	0.0	0.5483	0.0054	0.0
80perc_2repeat	0.1	0.3692	0.5042	0.0303	0.0021	0.4994	0.4918	0.4956	0.5113	0.4964	0.0231	0.0016	0.5635	0.0055	0.0	0.5646	0.0063	0.0
100perc_2repeat	0.1	0.3873	0.4999	0.0285	0.002	0.5	0.5846	0.539	0.4839	0.4915	0.0196	0.0014	0.5998	0.0082	0.0	0.6126	0.0085	0.0
60perc_2repeat	0.1	0.3539	0.5095	0.0286	0.002	0.4484	0.3432	0.3888	0.523	0.5059	0.0307	0.0022	0.5475	0.0056	0.0	0.5337	0.0057	0.0
40perc_10repeat	0.1	0.3264	0.5051	0.0292	0.0021	0.351	0.3449	0.348	0.5196	0.5134	0.0269	0.0019	0.5263	0.0036	0.0	0.497	0.0043	0.0
60perc_5repeat	0.1	0.3252	0.5005	0.0317	0.0022	0.4622	0.5148	0.4871	0.4886	0.4986	0.0224	0.0016	0.5223	0.0044	0.0	0.5258	0.0046	0.0
90perc_2repeat	0.1	0.3705	0.5014	0.0298	0.0021	0.4929	0.5479	0.5189	0.4884	0.4943	0.0221	0.0016	0.5755	0.0062	0.0	0.5807	0.0066	0.0
70perc_5repeat	0.1	0.333	0.5028	0.0329	0.0023	0.451	0.5196	0.4829	0.491	0.4974	0.024	0.0017	0.5233	0.0043	0.0	0.5256	0.0047	0.0
80perc_5repeat	0.1	0.3622	0.501	0.0315	0.0022	0.4765	0.5908	0.5275	0.4838	0.4923	0.0282	0.002	0.5398	0.0049	0.0	0.5609	0.0056	0.0
90perc_5repeat	0.1	0.3962	0.4958	0.0287	0.002	0.4665	0.6567	0.5455	0.4803	0.4869	0.0304	0.0022	0.5578	0.0061	0.0	0.5993	0.0065	0.0
100perc_5repeat	0.1	0.4177	0.5013	0.0296	0.0021	0.5019	0.5832	0.5395	0.4839	0.4826	0.0409	0.0029	0.6018	0.0092	0.0	0.6345	0.0092	0.0
50perc_10repeat	0.1	0.2974	0.5028	0.0277	0.002	0.4413	0.4368	0.439	0.5172	0.5019	0.0187	0.0013	0.5157	0.003	0.0	0.5019	0.003	0.0
60perc_10repeat	0.1	0.3012	0.4961	0.0291	0.0021	0.4674	0.6081	0.5285	0.4823	0.4958	0.0182	0.0013	0.5024	0.0033	0.0	0.5165	0.003	0.0
70perc_10repeat	0.1	0.3282	0.5001	0.0306	0.0022	0.4442	0.5683	0.4986	0.4852	0.4949	0.0229	0.0016	0.5159	0.0039	0.0	0.5224	0.0042	0.0
90perc_10repeat	0.1	0.4082	0.4994	0.0309	0.0022	0.4844	0.624	0.5454	0.4813	0.4824	0.0375	0.0027	0.5554	0.0068	0.0	0.5998	0.0066	0.0
80perc_10repeat	0.1	0.3629	0.5012	0.0312	0.0022	0.4556	0.5924	0.5151	0.4839	0.491	0.032	0.0023	0.5283	0.0049	0.0	0.5512	0.0053	0.0
100perc_10repeat	0.1	0.4282	0.4951	0.0277	0.002	0.4628	0.6829	0.5517	0.4803	0.4716	0.0523	0.0037	0.5784	0.01	0.0	0.6393	0.01	0.0
15perc_2repeat	0.2	0.38	0.5127	0.0326	0.0023	0.4204	0.3042	0.353	0.5214	0.5216	0.0347	0.0025	0.5934	0.0045	0.0	0.5437	0.0046	0.0
05prec_5repeat	0.2	0.3991	0.5124	0.0336	0.0024	0.4231	0.3022	0.3525	0.5201	0.5249	0.0386	0.0027	0.6196	0.0047	0.0	0.5647	0.0057	0.0
15perc_5repeat	0.2	0.3776	0.5135	0.0349	0.0025	0.4277	0.3116	0.3605	0.5206	0.5226	0.0345	0.0024	0.5964	0.0043	0.0	0.5471	0.0044	0.0
05prec_10repeat	0.2	0.3945	0.5129	0.0336	0.0024	0.4754	0.3148	0.3788	0.5223	0.5205	0.0359	0.0025	0.6192	0.0052	0.0	0.5686	0.0052	0.0
15perc_10repeat	0.2	0.3618	0.5182	0.0331	0.0023	0.3933	0.2542	0.3088	0.5211	0.5234	0.0309	0.0022	0.588	0.004	0.0	0.5239	0.0044	0.0
30perc_2repeat	0.2	0.3533	0.5125	0.0365	0.0026	0.3821	0.35	0.3653	0.5202	0.516	0.0332	0.0024	0.5674	0.0038	0.0	0.5273	0.0043	0.0
15perc_2repeat	0.25	0.3689	0.5191	0.0428	0.003	0.4402	0.3176	0.369	0.5204	0.5208	0.0311	0.0022	0.5997	0.0037	0.0	0.5489	0.0043	0.0
80perc_5repeat	0.2	0.3371	0.5073	0.0423	0.003	0.5215	0.7344	0.6099	0.4872	0.4906	0.0175	0.0012	0.5446	0.0029	0.0	0.5726	0.003	0.0
05prec_2repeat	0.25	0.3844	0.5231	0.0365	0.0026	0.4861	0.2441	0.325	0.5229	0.5276	0.034	0.0024	0.6316	0.0037	0.0	0.5661	0.0045	0.0
90perc_2repeat	0.2	0.3403	0.5188	0.0393	0.0028	0.5631	0.6167	0.5887	0.5115	0.4941	0.0146	0.001	0.5866	0.0035	0.0	0.5976	0.0034	0.0
30perc_2repeat	0.25	0.3358	0.5186	0.0411	0.0029	0.4617	0.3328	0.3868	0.5227	0.5135	0.0278	0.002	0.5662	0.0036	0.0	0.5311	0.0033	0.0
100perc_2repeat	0.2	0.3573	0.517	0.0437	0.0031	0.5433	0.6914	0.6084	0.4962	0.4918	0.0124	0.0009	0.6036	0.004	0.0	0.6219	0.0043	0.0
40perc_2repeat	0.25	0.3225	0.5169	0.0396	0.0028	0.4467	0.3493	0.392	0.5203	0.5126	0.0273	0.0019	0.5534	0.003	0.0	0.5271	0.0031	0.0
30perc_5repeat	0.2	0.3235	0.5194	0.0364	0.0026	0.3846	0.3211	0.35	0.5238	0.5137	0.0242	0.0017	0.554	0.0031	0.0	0.5144	0.0034	0.0
40perc_2repeat	0.2	0.3263	0.5167	0.0382	0.0027	0.4404	0.3447	0.3867	0.5203	0.5117	0.0273	0.0019	0.5543	0.0035	0.0	0.525	0.0036	0.0
50perc_2repeat	0.2	0.3231	0.5133	0.0376	0.0027	0.4334	0.3935	0.4125	0.521	0.5091	0.0245	0.0017	0.5478	0.0033	0.0	0.5258	0.0035	0.0
05prec_5repeat	0.25	0.383	0.5224	0.0358	0.0025	0.4991	0.2243	0.3095	0.5217	0.527	0.0325	0.0023	0.6284	0.0039	0.0	0.5654	0.0044	0.0
15perc_5repeat	0.25	0.3491	0.524	0.0342	0.0024	0.4367	0.2321	0.3031	0.5242	0.5212	0.0273	0.0019	0.5891	0.0033	0.0	0.5327	0.0035	0.0
90perc_5repeat	0.2	0.3597	0.5067	0.0387	0.0027	0.531	0.7142	0.6091	0.4878	0.4837	0.0203	0.0014	0.5626	0.0034	0.0	0.5921	0.0036	0.0
100perc_5repeat	0.2	0.399	0.5059	0.036	0.0025	0.5414	0.688	0.6059	0.4879	0.482	0.0274	0.0019	0.5952	0.0048	0.0	0.6325	0.0042	0.0
30perc_5repeat	0.25	0.3208	0.5221	0.0399	0.0028	0.3966	0.2816	0.3294	0.5222	0.5159	0.0226	0.0016	0.5553	0.0026	0.0	0.5141	0.0028	0.0
60perc_2repeat	0.2	0.3113	0.5199	0.0392	0.0028	0.4863	0.3725	0.4219	0.5258	0.5068	0.0213	0.0015	0.5491	0.0028	0.0	0.5317	0.003	0.0
80perc_10repeat	0.2	0.3349	0.5059	0.0412	0.0029	0.5077	0.6974	0.5876	0.4859	0.4898	0.0206	0.0015	0.5301	0.0028	0.0	0.5598	0.0029	0.0
70perc_2repeat	0.2	0.3129	0.522	0.0408	0.0029	0.5251	0.4386	0.4779	0.5237	0.5038	0.0186	0.0013	0.5562	0.0027	0.0	0.5498	0.003	0.0
40perc_5repeat	0.25	0.288	0.5179	0.0372	0.0026	0.4438	0.3288	0.3777	0.5212	0.5093	0.0178	0.0013	0.5318	0.0021	0.0	0.509	0.002	0.0
40perc_5repeat	0.2	0.3082	0.5121	0.0333	0.0024	0.4283	0.3269	0.3708	0.52	0.5099	0.0203	0.0014	0.536	0.0028	0.0	0.5098	0.0027	0.0
80perc_2repeat	0.2	0.317	0.52	0.0434	0.0031	0.5462	0.5369	0.5415	0.5219	0.4974	0.0175	0.0012	0.5592	0.0032	0.0	0.565	0.0034	0.0
50perc_5repeat	0.2	0.2897	0.5134	0.035	0.0025	0.4527	0.372	0.4084	0.5203	0.5072	0.0189	0.0013	0.5273	0.0023	0.0	0.5098	0.0021	0.0
60perc_5repeat	0.2	0.2814	0.5124	0.0393	0.0028	0.5083	0.4803	0.4939	0.5195	0.5008	0.015	0.0011	0.5213	0.0021	0.0	0.5189	0.0022	0.0
90perc_10repeat	0.2	0.3686	0.5016	0.0392	0.0028	0.514	0.7361	0.6053	0.4841	0.4836	0.0255	0.0018	0.5497	0.0036	0.0	0.5895	0.0037	0.0
05prec_10repeat	0.25	0.3826	0.5209	0.0356	0.0025	0.4848	0.2544	0.3337	0.5229	0.5263	0.0328	0.0023	0.6274	0.0041	0.0	0.5654	0.004	0.0
100perc_10repeat	0.2	0.4093	0.5032	0.038	0.0027	0.526	0.7132	0.6054	0.484	0.4781	0.0319	0.0023	0.5948	0.0049	0.0	0.6421	0.0046	0.0
15perc_10repeat	0.25	0.342	0.5237	0.0368	0.0026	0.4739	0.257	0.3333	0.5239	0.5206	0.0254	0.0018	0.5834	0.003	0.0	0.5402	0.0031	0.0
70perc_5repeat	0.2	0.2998	0.5122	0.0418	0.003	0.4944	0.6542	0.5632	0.4961	0.4943	0.0175	0.0012	0.524	0.0022	0.0	0.5389	0.0027	0.0
30perc_10repeat	0.2	0.3156	0.5149	0.0338	0.0024	0.4021	0.2987	0.3428	0.521	0.5128	0.0206	0.0015	0.5419	0.0027	0.0	0.5103	0.0026	0.0
30perc_10repeat	0.25	0.3007	0.5194	0.0366	0.0026	0.4132	0.3068	0.3522	0.5228	0.5114	0.0184	0.0013	0.5399	0.0022	0.0	0.5103	0.0023	0.0
40perc_10repeat	0.25	0.2743	0.5157	0.0371	0.0026	0.4606	0.3596	0.4039	0.5191	0.508	0.0141	0.001	0.5215	0.0016	0.0	0.5039	0.0017	0.0
40perc_10repeat	0.2	0.2892	0.5115	0.0341	0.0024	0.426	0.3102	0.359	0.5202	0.5078	0.0172	0.0012	0.5247	0.0022	0.0	0.5004	0.002	0.0
60perc_10repeat	0.2	0.2718	0.5093	0.0384	0.0027	0.4909	0.548	0.5179	0.5149	0.4994	0.0138	0.001	0.5092	0.0016	0.0	0.5132	0.0017	0.0
50perc_10repeat	0.2	0.2708	0.5114	0.0384	0.0027	0.4682	0.415	0.44	0.5187	0.5027	0.0142	0.001	0.5127	0.0018	0.0	0.5052	0.0018	0.0
70perc_10repeat	0.2	0.2971	0.5092	0.0411	0.0029	0.4981	0.7007	0.5823	0.488	0.4926	0.0168	0.0012	0.5173	0.0022	0.0	0.538	0.0021	0.0
50perc_2repeat	0.25	0.31	0.5224	0.0434	0.0031	0.4728	0.3393	0.3951	0.5231	0.5102	0.0215	0.0015	0.5494	0.0028	0.0	0.5249	0.0028	0.0
50perc_5repeat	0.25	0.278	0.5226	0.041	0.0029	0.4868	0.3784	0.4258	0.5243	0.5058	0.0162	0.0011	0.5267	0.002	0.0	0.5112	0.0018	0.0
60perc_2repeat	0.25	0.3013	0.5226	0.0438	0.0031	0.5248	0.4021	0.4553	0.521	0.5059	0.0204	0.0014	0.5488	0.0026	0.0	0.5328	0.0024	0.0
50perc_10repeat	0.25	0.2654	0.5146	0.0371	0.0026	0.4951	0.4095	0.4482	0.5202	0.5029	0.0115	0.0008	0.5156	0.0014	0.0	0.5065	0.0013	0.0
60perc_5repeat	0.25	0.2777	0.5174	0.045	0.0032	0.5146	0.5742	0.5427	0.5173	0.4982	0.0149	0.0011	0.5213	0.0018	0.0	0.5273	0.0018	0.0
70perc_2repeat	0.25	0.3005	0.5265	0.0483	0.0034	0.5552	0.4824	0.5163	0.5275	0.5002	0.0188	0.0013	0.5522	0.0025	0.0	0.5487	0.0027	0.0
80perc_2repeat	0.25	0.3013	0.5359	0.0532	0.0038	0.5771	0.5741	0.5756	0.5345	0.497	0.0145	0.001	0.5646	0.0024	0.0	0.5703	0.0025	0.0
05prec_2repeat	0.3	0.3619	0.5355	0.0434	0.0031	0.5772	0.1989	0.2959	0.5301	0.5278	0.0284	0.002	0.629	0.0034	0.0	0.5688	0.0034	0.0
90perc_2repeat	0.25	0.3163	0.5417	0.0535	0.0038	0.5853	0.6028	0.5939	0.5432	0.4957	0.0136	0.001	0.5881	0.0029	0.0	0.5974	0.0029	0.0
70perc_5repeat	0.25	0.2824	0.5216	0.0482	0.0034	0.5269	0.6404	0.5781	0.5157	0.4968	0.0149	0.0011	0.5277	0.0019	0.0	0.5389	0.002	0.0
30perc_2repeat	0.3	0.3319	0.5274	0.0379	0.0027	0.4171	0.2121	0.2812	0.5248	0.5197	0.0267	0.0019	0.574	0.0028	0.0	0.5189	0.003	0.0
80perc_5repeat	0.25	0.3103	0.5183	0.0484	0.0034	0.54	0.7209	0.6174	0.4963	0.4914	0.0158	0.0011	0.5423	0.0022	0.0	0.5664	0.0023	0.0
50perc_2repeat	0.3	0.3076	0.5218	0.044	0.0031	0.489	0.3407	0.4016	0.5225	0.5102	0.0213	0.0015	0.5506	0.0025	0.0	0.5254	0.0023	0.0
100perc_5repeat	0.25	0.3856	0.512	0.0459	0.0032	0.5381	0.762	0.6308	0.4888	0.4802	0.0219	0.0016	0.5984	0.0038	0.0	0.6386	0.0039	0.0
05prec_5repeat	0.3	0.3648	0.5321	0.0431	0.003	0.5257	0.2218	0.312	0.5251	0.5269	0.0301	0.0021	0.6245	0.0036	0.0	0.5642	0.0037	0.0
15perc_5repeat	0.3	0.3332	0.5321	0.0422	0.003	0.5015	0.2349	0.3199	0.528	0.5203	0.0238	0.0017	0.5858	0.003	0.0	0.5399	0.0029	0.0
70perc_2repeat	0.3	0.275	0.5469	0.052	0.0037	0.5857	0.478	0.5264	0.5388	0.5027	0.0145	0.001	0.5512	0.0019	0.0	0.5459	0.0021	0.0
70perc_10repeat	0.25	0.2864	0.5122	0.043	0.003	0.5219	0.7044	0.5995	0.4935	0.4919	0.0139	0.001	0.5174	0.0017	0.0	0.5367	0.0017	0.0
50perc_5repeat	0.3	0.2742	0.5241	0.0413	0.0029	0.4918	0.3617	0.4168	0.5245	0.5057	0.0154	0.0011	0.5263	0.0017	0.0	0.5112	0.0017	0.0
80perc_10repeat	0.25	0.3134	0.5163	0.0466	0.0033	0.5241	0.7045	0.601	0.4929	0.4888	0.0198	0.0014	0.5334	0.0023	0.0	0.5581	0.0025	0.0
100perc_10repeat	0.25	0.3876	0.5155	0.0504	0.0036	0.53	0.7488	0.6207	0.4887	0.4766	0.0295	0.0021	0.5938	0.0041	0.0	0.6408	0.0041	0.0
05prec_10repeat	0.3	0.3613	0.5356	0.0496	0.0035	0.5139	0.2589	0.3443	0.5271	0.5252	0.0279	0.002	0.6219	0.0033	0.0	0.5638	0.0036	0.0
40perc_10repeat	0.3	0.2722	0.5241	0.035	0.0025	0.4721	0.2593	0.3347	0.5261	0.5081	0.0129	0.0009	0.5245	0.0015	0.0	0.5016	0.0014	0.0
50perc_10repeat	0.3	0.2619	0.5186	0.0396	0.0028	0.5076	0.4316	0.4665	0.5212	0.5021	0.0109	0.0008	0.5125	0.0013	0.0	0.5072	0.0013	0.0
60perc_10repeat	0.3	0.26	0.5233	0.0431	0.0031	0.5262	0.5615	0.5433	0.5223	0.4985	0.0105	0.0007	0.5115	0.0012	0.0	0.5146	0.0013	0.0
15perc_2repeat	0.3	0.3477	0.5316	0.044	0.0031	0.4939	0.2437	0.3263	0.5272	0.5246	0.0286	0.002	0.5995	0.0031	0.0	0.5462	0.0035	0.0
40perc_2repeat	0.3	0.3042	0.528	0.0469	0.0033	0.4766	0.3497	0.4035	0.5254	0.5097	0.0212	0.0015	0.5507	0.0025	0.0	0.5267	0.0026	0.0
100perc_2repeat	0.25	0.3483	0.5292	0.0508	0.0036	0.5456	0.7819	0.6427	0.5054	0.489	0.0107	0.0008	0.6085	0.0031	0.0	0.6312	0.0033	0.0
90perc_5repeat	0.25	0.3466	0.5162	0.0474	0.0034	0.5333	0.7685	0.6296	0.4942	0.486	0.0185	0.0013	0.5665	0.0028	0.0	0.5974	0.0031	0.0
60perc_2repeat	0.3	0.2925	0.5329	0.0484	0.0034	0.5512	0.4248	0.4798	0.5285	0.5066	0.0194	0.0014	0.5501	0.0023	0.0	0.5372	0.0021	0.0
30perc_5repeat	0.3	0.3042	0.5278	0.0385	0.0027	0.4703	0.2327	0.3113	0.5269	0.5147	0.0181	0.0013	0.5537	0.0022	0.0	0.5138	0.0023	0.0
80perc_2repeat	0.3	0.2826	0.5508	0.0566	0.004	0.5843	0.5528	0.5681	0.5409	0.4994	0.0147	0.001	0.5634	0.0022	0.0	0.5647	0.0024	0.0
40perc_5repeat	0.3	0.2833	0.5246	0.0423	0.003	0.4621	0.3496	0.3981	0.5235	0.5079	0.0159	0.0011	0.5351	0.0019	0.0	0.5131	0.0019	0.0
90perc_2repeat	0.3	0.2916	0.5607	0.0607	0.0043	0.5939	0.6414	0.6167	0.5562	0.4958	0.0125	0.0009	0.5833	0.0023	0.0	0.593	0.0023	0.0
60perc_10repeat	0.25	0.2678	0.5145	0.04	0.0028	0.517	0.5879	0.5502	0.5124	0.4971	0.012	0.0008	0.5107	0.0014	0.0	0.5189	0.0015	0.0
60perc_5repeat	0.3	0.2719	0.5235	0.0501	0.0035	0.5344	0.5388	0.5366	0.5212	0.4994	0.0155	0.0011	0.5204	0.0017	0.0	0.5233	0.0016	0.0
70perc_5repeat	0.3	0.2725	0.5341	0.0549	0.0039	0.5481	0.6547	0.5967	0.5247	0.4954	0.0131	0.0009	0.5302	0.0016	0.0	0.5418	0.0017	0.0
90perc_10repeat	0.25	0.3561	0.5145	0.0462	0.0033	0.5328	0.7148	0.6105	0.4904	0.4823	0.0235	0.0017	0.5558	0.0032	0.0	0.5918	0.0031	0.0
80perc_5repeat	0.3	0.3014	0.5302	0.0541	0.0038	0.5453	0.7556	0.6335	0.5035	0.4901	0.0161	0.0011	0.5427	0.002	0.0	0.5681	0.002	0.0
15perc_10repeat	0.3	0.3371	0.5301	0.0427	0.003	0.4627	0.2434	0.319	0.5256	0.5204	0.0248	0.0018	0.5848	0.0029	0.0	0.5311	0.003	0.0
30perc_10repeat	0.3	0.2953	0.5226	0.0442	0.0031	0.4443	0.3314	0.3796	0.5231	0.5098	0.0184	0.0013	0.5394	0.0021	0.0	0.5131	0.002	0.0
90perc_5repeat	0.3	0.3253	0.5302	0.0565	0.004	0.5505	0.7614	0.639	0.506	0.4867	0.0166	0.0012	0.5656	0.0027	0.0	0.5948	0.0024	0.0
80perc_10repeat	0.3	0.3019	0.5219	0.0503	0.0036	0.5259	0.7478	0.6175	0.4972	0.4886	0.0165	0.0012	0.5349	0.0019	0.0	0.5592	0.0019	0.0
70perc_10repeat	0.3	0.2757	0.5211	0.0456	0.0032	0.5224	0.7163	0.6041	0.5024	0.4932	0.0128	0.0009	0.5184	0.0014	0.0	0.5355	0.0016	0.0
05prec_2repeat	0.35	0.3547	0.5387	0.0449	0.0032	0.6081	0.2184	0.3214	0.531	0.5256	0.0265	0.0019	0.6284	0.0032	0.0	0.5715	0.0031	0.0
15perc_2repeat	0.35	0.3318	0.5397	0.0431	0.003	0.5497	0.2152	0.3093	0.5329	0.5216	0.0238	0.0017	0.5993	0.0024	0.0	0.543	0.0027	0.0
30perc_2repeat	0.35	0.306	0.537	0.0478	0.0034	0.5195	0.2807	0.3645	0.5267	0.515	0.0201	0.0014	0.5668	0.0022	0.0	0.5302	0.0024	0.0
100perc_5repeat	0.3	0.3649	0.5274	0.0554	0.0039	0.5447	0.7801	0.6415	0.5	0.4805	0.0201	0.0014	0.6023	0.0033	0.0	0.6408	0.0032	0.0
05prec_5repeat	0.35	0.3473	0.5492	0.0497	0.0035	0.5908	0.2015	0.3005	0.5356	0.5262	0.0237	0.0017	0.6299	0.0027	0.0	0.5669	0.0034	0.0
100perc_2repeat	0.3	0.3162	0.5584	0.0586	0.0041	0.5661	0.7546	0.6469	0.5337	0.4909	0.0097	0.0007	0.6131	0.0029	0.0	0.6299	0.0029	0.0
40perc_2repeat	0.35	0.3001	0.5354	0.0495	0.0035	0.4861	0.2925	0.3652	0.5289	0.5121	0.0213	0.0015	0.5564	0.0021	0.0	0.5231	0.0024	0.0
15perc_5repeat	0.35	0.3243	0.5382	0.0449	0.0032	0.5443	0.2325	0.3258	0.529	0.5182	0.0206	0.0015	0.5881	0.0025	0.0	0.5408	0.0025	0.0
50perc_2repeat	0.35	0.2888	0.5331	0.0503	0.0036	0.5247	0.3321	0.4068	0.5261	0.5082	0.0201	0.0014	0.549	0.002	0.0	0.5249	0.0022	0.0
30perc_5repeat	0.35	0.2884	0.5372	0.0465	0.0033	0.5053	0.2585	0.342	0.5294	0.5128	0.017	0.0012	0.548	0.0019	0.0	0.5173	0.002	0.0
90perc_10repeat	0.3	0.3434	0.5204	0.0544	0.0038	0.5415	0.7858	0.6412	0.4925	0.4806	0.0183	0.0013	0.5565	0.0027	0.0	0.5993	0.0027	0.0
100perc_10repeat	0.3	0.3752	0.5195	0.0554	0.0039	0.534	0.8113	0.6441	0.4912	0.4766	0.0251	0.0018	0.5864	0.0033	0.0	0.638	0.0034	0.0
40perc_5repeat	0.35	0.2751	0.534	0.0454	0.0032	0.4992	0.3046	0.3784	0.5287	0.5083	0.0152	0.0011	0.5354	0.0016	0.0	0.5113	0.0017	0.0
05prec_10repeat	0.35	0.3462	0.5456	0.0485	0.0034	0.5769	0.2444	0.3434	0.532	0.526	0.024	0.0017	0.6255	0.0027	0.0	0.5711	0.0033	0.0
60perc_2repeat	0.35	0.2778	0.543	0.051	0.0036	0.5548	0.3822	0.4526	0.535	0.506	0.0177	0.0013	0.5453	0.0018	0.0	0.5308	0.002	0.0
50perc_5repeat	0.35	0.2647	0.5288	0.047	0.0033	0.5248	0.4208	0.4671	0.5271	0.5038	0.0137	0.001	0.5232	0.0014	0.0	0.515	0.0014	0.0
15perc_10repeat	0.35	0.3254	0.538	0.0452	0.0032	0.5297	0.22	0.3109	0.5265	0.5206	0.0199	0.0014	0.5867	0.0023	0.0	0.5342	0.0024	0.0
30perc_10repeat	0.35	0.2843	0.5313	0.0413	0.0029	0.4821	0.2484	0.3279	0.5279	0.5125	0.015	0.0011	0.5416	0.0017	0.0	0.5098	0.0016	0.0
40perc_10repeat	0.35	0.2672	0.5276	0.0378	0.0027	0.4975	0.2675	0.3479	0.5271	0.5076	0.0109	0.0008	0.5261	0.0013	0.0	0.5031	0.0013	0.0
60perc_5repeat	0.35	0.2569	0.5444	0.0529	0.0037	0.5568	0.5313	0.5438	0.54	0.5002	0.0111	0.0008	0.5229	0.0013	0.0	0.523	0.0014	0.0
50perc_10repeat	0.35	0.2563	0.5226	0.0437	0.0031	0.5191	0.4036	0.4541	0.5231	0.5029	0.0093	0.0007	0.5133	0.001	0.0	0.5059	0.0011	0.0
60perc_10repeat	0.35	0.2574	0.5258	0.046	0.0033	0.528	0.5527	0.5401	0.5281	0.4987	0.0105	0.0007	0.5131	0.0011	0.0	0.5153	0.0012	0.0
100perc_2repeat	0.35	0.292	0.5778	0.0596	0.0042	0.5704	0.7669	0.6542	0.5679	0.4913	0.0094	0.0007	0.6085	0.0021	0.0	0.6266	0.0024	0.0
40perc_2repeat	0.4	0.2873	0.5439	0.053	0.0038	0.5445	0.288	0.3767	0.5359	0.5111	0.0195	0.0014	0.556	0.0021	0.0	0.5254	0.0021	0.0
30perc_5repeat	0.4	0.2885	0.5375	0.0483	0.0034	0.4926	0.2324	0.3158	0.5252	0.5151	0.0157	0.0011	0.5503	0.0017	0.0	0.5123	0.0018	0.0
60perc_2repeat	0.4	0.2646	0.5614	0.0572	0.004	0.6085	0.3769	0.4655	0.5566	0.5058	0.0142	0.001	0.5518	0.0016	0.0	0.5368	0.0017	0.0
70perc_2repeat	0.35	0.2722	0.5569	0.0565	0.004	0.6125	0.4639	0.528	0.545	0.5025	0.0144	0.001	0.5558	0.0019	0.0	0.5491	0.0019	0.0
15perc_5repeat	0.4	0.3152	0.5494	0.0523	0.0037	0.5856	0.2302	0.3305	0.5364	0.5197	0.0215	0.0015	0.5919	0.0022	0.0	0.5411	0.0021	0.0
40perc_5repeat	0.4	0.2681	0.534	0.0466	0.0033	0.5108	0.3096	0.3855	0.5258	0.508	0.0147	0.001	0.5309	0.0015	0.0	0.511	0.0014	0.0
70perc_2repeat	0.4	0.2543	0.577	0.057	0.004	0.6287	0.5235	0.5713	0.5774	0.5016	0.013	0.0009	0.5516	0.0016	0.0	0.5491	0.0015	0.0
80perc_2repeat	0.35	0.2676	0.5732	0.0609	0.0043	0.6122	0.5892	0.6005	0.5644	0.498	0.0122	0.0009	0.5653	0.0018	0.0	0.5695	0.002	0.0
50perc_5repeat	0.4	0.2591	0.5413	0.0495	0.0035	0.5496	0.3661	0.4394	0.5376	0.5046	0.0123	0.0009	0.5259	0.0013	0.0	0.5125	0.0012	0.0
70perc_5repeat	0.35	0.2642	0.5455	0.0551	0.0039	0.5718	0.5856	0.5787	0.54	0.4973	0.012	0.0008	0.5316	0.0014	0.0	0.5368	0.0017	0.0
60perc_5repeat	0.4	0.2548	0.5469	0.0545	0.0039	0.5725	0.4995	0.5335	0.5397	0.501	0.0115	0.0008	0.5248	0.0012	0.0	0.5226	0.0014	0.0
80perc_2repeat	0.4	0.2544	0.5934	0.0624	0.0044	0.6221	0.606	0.6139	0.6062	0.4977	0.0118	0.0008	0.5653	0.0014	0.0	0.5702	0.0017	0.0
90perc_2repeat	0.35	0.2765	0.5758	0.0567	0.004	0.5892	0.6933	0.6371	0.5706	0.4939	0.0113	0.0008	0.5837	0.002	0.0	0.5958	0.0021	0.0
30perc_10repeat	0.4	0.2805	0.5341	0.0481	0.0034	0.5089	0.2814	0.3625	0.5289	0.5119	0.0141	0.001	0.5411	0.0017	0.0	0.5115	0.0015	0.0
90perc_2repeat	0.4	0.2586	0.6005	0.0589	0.0042	0.5972	0.714	0.6504	0.6151	0.4943	0.0115	0.0008	0.5846	0.0018	0.0	0.5969	0.0017	0.0
05prec_2repeat	0.4	0.3286	0.5588	0.0585	0.0041	0.6382	0.2424	0.3514	0.5435	0.5239	0.0247	0.0017	0.6248	0.0025	0.0	0.5723	0.0028	0.0
50perc_2repeat	0.4	0.2818	0.5412	0.0501	0.0035	0.5481	0.2951	0.3836	0.5318	0.5096	0.0179	0.0013	0.5516	0.0017	0.0	0.5236	0.0019	0.0
15perc_2repeat	0.4	0.3227	0.549	0.0467	0.0033	0.6101	0.1993	0.3004	0.5362	0.523	0.0205	0.0015	0.6033	0.0023	0.0	0.5496	0.0024	0.0
70perc_5repeat	0.4	0.257	0.5534	0.0627	0.0044	0.5691	0.698	0.627	0.5544	0.4956	0.0116	0.0008	0.5283	0.0014	0.0	0.5401	0.0013	0.0
40perc_10repeat	0.4	0.264	0.5309	0.0407	0.0029	0.5068	0.2569	0.3409	0.5274	0.5083	0.011	0.0008	0.525	0.0012	0.0	0.503	0.0012	0.0
15perc_10repeat	0.4	0.3072	0.5509	0.0509	0.0036	0.58	0.2334	0.3329	0.5345	0.5186	0.0185	0.0013	0.584	0.0021	0.0	0.5379	0.002	0.0
80perc_5repeat	0.35	0.2834	0.5458	0.0627	0.0044	0.5542	0.7547	0.6391	0.5288	0.491	0.0132	0.0009	0.5416	0.0015	0.0	0.564	0.002	0.0
80perc_5repeat	0.4	0.2775	0.5501	0.0645	0.0046	0.5479	0.7926	0.6479	0.5305	0.491	0.0127	0.0009	0.542	0.0015	0.0	0.5658	0.0017	0.0
50perc_10repeat	0.4	0.2562	0.525	0.0425	0.003	0.5214	0.419	0.4646	0.5248	0.5023	0.0094	0.0007	0.5136	0.001	0.0	0.5059	0.001	0.0
90perc_5repeat	0.35	0.3085	0.5452	0.0614	0.0043	0.5493	0.7791	0.6443	0.5184	0.4886	0.0157	0.0011	0.567	0.002	0.0	0.5966	0.0025	0.0
100perc_5repeat	0.35	0.3464	0.539	0.06	0.0042	0.5491	0.7877	0.6471	0.5089	0.4829	0.0181	0.0013	0.604	0.0024	0.0	0.6409	0.0029	0.0
100perc_2repeat	0.4	0.2708	0.6001	0.0534	0.0038	0.5729	0.803	0.6687	0.5969	0.4907	0.0078	0.0005	0.6067	0.002	0.0	0.6267	0.0022	0.0
30perc_2repeat	0.4	0.3056	0.5438	0.0537	0.0038	0.5371	0.2499	0.3411	0.5306	0.5164	0.0208	0.0015	0.5721	0.0023	0.0	0.5289	0.0024	0.0
05prec_5repeat	0.4	0.3318	0.5533	0.0554	0.0039	0.6246	0.2554	0.3626	0.5402	0.5223	0.0241	0.0017	0.622	0.0027	0.0	0.5712	0.0026	0.0
70perc_10repeat	0.35	0.2716	0.5226	0.0508	0.0036	0.5273	0.7493	0.619	0.5007	0.4925	0.0113	0.0008	0.5164	0.0013	0.0	0.5357	0.0014	0.0
90perc_5repeat	0.4	0.2889	0.5625	0.0669	0.0047	0.5562	0.7915	0.6533	0.5435	0.4875	0.0138	0.001	0.5655	0.0019	0.0	0.594	0.0021	0.0
70perc_10repeat	0.4	0.2676	0.5322	0.0585	0.0041	0.5424	0.7569	0.632	0.5072	0.4924	0.0114	0.0008	0.517	0.0012	0.0	0.5372	0.0013	0.0
80perc_10repeat	0.35	0.2894	0.5355	0.0565	0.004	0.5476	0.7567	0.6354	0.5164	0.4898	0.0134	0.0009	0.5379	0.0017	0.0	0.5624	0.0018	0.0
80perc_10repeat	0.4	0.2831	0.5384	0.0617	0.0044	0.5388	0.8144	0.6485	0.5132	0.4881	0.0136	0.001	0.5332	0.0016	0.0	0.5621	0.0016	0.0
90perc_10repeat	0.4	0.3151	0.5376	0.0599	0.0042	0.5298	0.8522	0.6534	0.5082	0.4832	0.0146	0.001	0.5615	0.0018	0.0	0.6019	0.0018	0.0
100perc_10repeat	0.35	0.3518	0.5349	0.0611	0.0043	0.5396	0.813	0.6487	0.5023	0.4783	0.0202	0.0014	0.593	0.0029	0.0	0.6387	0.0029	0.0
90perc_10repeat	0.35	0.3254	0.5295	0.0575	0.0041	0.5374	0.8148	0.6476	0.5007	0.4828	0.0175	0.0012	0.5552	0.0024	0.0	0.5947	0.0023	0.0
100perc_5repeat	0.4	0.3236	0.5517	0.0599	0.0042	0.5471	0.8198	0.6562	0.5299	0.4826	0.017	0.0012	0.5979	0.0024	0.0	0.6336	0.0026	0.0
60perc_10repeat	0.4	0.2528	0.5364	0.0518	0.0037	0.5389	0.6406	0.5854	0.5334	0.4979	0.0091	0.0006	0.5114	0.0009	0.0	0.5178	0.001	0.0
05prec_10repeat	0.4	0.3319	0.5562	0.056	0.004	0.6216	0.2244	0.3297	0.5406	0.5256	0.0231	0.0016	0.6228	0.0023	0.0	0.568	0.0027	0.0
05prec_2repeat	0.45	0.3229	0.5629	0.0553	0.0039	0.6844	0.2236	0.3371	0.5509	0.5269	0.0209	0.0015	0.6301	0.0025	0.0	0.5737	0.0025	0.0
05prec_5repeat	0.45	0.323	0.5663	0.0578	0.0041	0.6575	0.2313	0.3422	0.5477	0.525	0.0222	0.0016	0.6292	0.0023	0.0	0.5707	0.0024	0.0
30perc_2repeat	0.45	0.2968	0.555	0.0531	0.0038	0.565	0.2263	0.3232	0.5405	0.5171	0.0183	0.0013	0.5748	0.0019	0.0	0.5284	0.0021	0.0
70perc_2repeat	0.45	0.2534	0.5811	0.0607	0.0043	0.6274	0.5388	0.5797	0.584	0.5011	0.013	0.0009	0.554	0.0015	0.0	0.5511	0.0015	0.0
40perc_5repeat	0.45	0.2649	0.5416	0.05	0.0035	0.5301	0.3159	0.3959	0.5315	0.508	0.0134	0.0009	0.5339	0.0014	0.0	0.5112	0.0014	0.0
05prec_2repeat	0.5	0.3219	0.5656	0.0563	0.004	0.6771	0.2105	0.3212	0.5519	0.5277	0.0201	0.0014	0.6343	0.0022	0.0	0.5722	0.0023	0.0
50perc_5repeat	0.45	0.2564	0.543	0.0533	0.0038	0.5665	0.3843	0.458	0.5376	0.5032	0.0113	0.0008	0.5241	0.0012	0.0	0.5129	0.0012	0.0
05prec_10repeat	0.45	0.325	0.556	0.0595	0.0042	0.6466	0.2485	0.359	0.5442	0.5243	0.0233	0.0016	0.6212	0.0024	0.0	0.57	0.0023	0.0
70perc_5repeat	0.45	0.2528	0.5596	0.0642	0.0045	0.565	0.7322	0.6378	0.555	0.4946	0.0105	0.0007	0.5271	0.0012	0.0	0.5403	0.0012	0.0
15perc_5repeat	0.45	0.3052	0.5562	0.0535	0.0038	0.6313	0.1938	0.2966	0.5399	0.5213	0.0171	0.0012	0.5909	0.002	0.0	0.5403	0.002	0.0
15perc_10repeat	0.45	0.3082	0.5516	0.0559	0.004	0.578	0.2214	0.3202	0.5398	0.5206	0.019	0.0013	0.5872	0.002	0.0	0.537	0.0022	0.0
15perc_2repeat	0.5	0.3005	0.5653	0.0573	0.0041	0.6648	0.2206	0.3313	0.5575	0.521	0.019	0.0013	0.6	0.0019	0.0	0.5488	0.002	0.0
100perc_10repeat	0.4	0.3378	0.5412	0.0595	0.0042	0.5347	0.8493	0.6562	0.5162	0.4781	0.0194	0.0014	0.5932	0.0024	0.0	0.6381	0.0025	0.0
80perc_5repeat	0.45	0.2627	0.5694	0.0681	0.0048	0.5644	0.7918	0.659	0.5606	0.4909	0.0115	0.0008	0.5428	0.0015	0.0	0.5656	0.0014	0.0
30perc_10repeat	0.45	0.275	0.5391	0.0478	0.0034	0.5494	0.1933	0.286	0.5285	0.5131	0.0119	0.0008	0.5447	0.0014	0.0	0.5108	0.0013	0.0
40perc_10repeat	0.45	0.2569	0.5405	0.0433	0.0031	0.5356	0.2747	0.3632	0.5352	0.507	0.0094	0.0007	0.5235	0.001	0.0	0.5043	0.001	0.0
05prec_5repeat	0.5	0.3045	0.5741	0.0607	0.0043	0.6871	0.2641	0.3815	0.5618	0.5227	0.0191	0.0014	0.6188	0.002	0.0	0.5717	0.0022	0.0
50perc_10repeat	0.45	0.2518	0.5334	0.047	0.0033	0.544	0.4355	0.4837	0.5314	0.5027	0.0078	0.0006	0.5139	0.0009	0.0	0.5082	0.0009	0.0
15perc_2repeat	0.45	0.3105	0.5559	0.0532	0.0038	0.648	0.2217	0.3304	0.5441	0.5221	0.0205	0.0014	0.6017	0.0024	0.0	0.5514	0.0021	0.0
60perc_5repeat	0.45	0.2497	0.5549	0.0556	0.0039	0.5715	0.568	0.5698	0.5526	0.4995	0.0106	0.0007	0.5219	0.001	0.0	0.5237	0.0011	0.0
80perc_10repeat	0.45	0.2746	0.5465	0.0618	0.0044	0.536	0.8447	0.6559	0.5199	0.4872	0.0128	0.0009	0.5316	0.0014	0.0	0.5624	0.0014	0.0
15perc_5repeat	0.5	0.2991	0.5591	0.0543	0.0038	0.6638	0.1958	0.3024	0.5429	0.5226	0.0159	0.0011	0.5936	0.0017	0.0	0.5427	0.0018	0.0
30perc_5repeat	0.5	0.2781	0.5457	0.0522	0.0037	0.5665	0.233	0.3302	0.5354	0.5134	0.0145	0.001	0.5523	0.0015	0.0	0.5162	0.0016	0.0
90perc_10repeat	0.45	0.3032	0.544	0.065	0.0046	0.5294	0.8769	0.6602	0.5138	0.4818	0.0137	0.001	0.5559	0.0015	0.0	0.5991	0.0017	0.0
40perc_2repeat	0.45	0.2783	0.5483	0.0493	0.0035	0.58	0.2772	0.3751	0.5362	0.5131	0.016	0.0011	0.5568	0.0018	0.0	0.5255	0.0017	0.0
50perc_2repeat	0.45	0.2743	0.5543	0.0559	0.004	0.594	0.3035	0.4018	0.5416	0.5096	0.0155	0.0011	0.553	0.0017	0.0	0.5264	0.0017	0.0
60perc_2repeat	0.45	0.2599	0.5664	0.057	0.004	0.6252	0.399	0.4872	0.5593	0.5046	0.0142	0.001	0.5493	0.0015	0.0	0.5355	0.0016	0.0
80perc_2repeat	0.45	0.2477	0.6015	0.0585	0.0041	0.6186	0.647	0.6324	0.612	0.4977	0.0126	0.0009	0.5657	0.0015	0.0	0.5723	0.0017	0.0
30perc_5repeat	0.45	0.275	0.5507	0.0542	0.0038	0.5588	0.252	0.3474	0.5365	0.5139	0.0139	0.001	0.5505	0.0015	0.0	0.5182	0.0016	0.0
70perc_10repeat	0.45	0.2613	0.5403	0.0617	0.0044	0.5332	0.8205	0.6464	0.5146	0.4921	0.0096	0.0007	0.5173	0.001	0.0	0.5395	0.0011	0.0
90perc_2repeat	0.45	0.2431	0.6218	0.0508	0.0036	0.6088	0.7177	0.6588	0.6344	0.4945	0.0089	0.0006	0.584	0.0015	0.0	0.596	0.0017	0.0
100perc_2repeat	0.45	0.2525	0.6279	0.0475	0.0034	0.5956	0.7867	0.6779	0.6348	0.4899	0.0075	0.0005	0.6078	0.0018	0.0	0.628	0.0021	0.0
30perc_2repeat	0.5	0.2845	0.5628	0.0558	0.0039	0.5999	0.2327	0.3353	0.5455	0.5163	0.0171	0.0012	0.5722	0.0017	0.0	0.5284	0.0018	0.0
90perc_5repeat	0.45	0.277	0.5707	0.0601	0.0043	0.5528	0.8346	0.6651	0.5529	0.486	0.0123	0.0009	0.5649	0.0013	0.0	0.5959	0.0017	0.0
40perc_2repeat	0.5	0.2726	0.5616	0.0585	0.0041	0.5914	0.2768	0.3771	0.5479	0.5125	0.0163	0.0012	0.5568	0.0015	0.0	0.5242	0.0016	0.0
100perc_5repeat	0.45	0.303	0.5699	0.0639	0.0045	0.5511	0.8431	0.6665	0.5507	0.482	0.0136	0.001	0.5958	0.0021	0.0	0.6346	0.0022	0.0
40perc_5repeat	0.5	0.2609	0.5428	0.0508	0.0036	0.5737	0.3048	0.3981	0.5345	0.508	0.0124	0.0009	0.5328	0.0013	0.0	0.5122	0.0011	0.0
50perc_2repeat	0.5	0.2659	0.5615	0.0613	0.0043	0.5888	0.3589	0.446	0.5488	0.5078	0.0155	0.0011	0.5497	0.0015	0.0	0.5283	0.0016	0.0
30perc_10repeat	0.5	0.2675	0.5482	0.0504	0.0036	0.5412	0.2122	0.3049	0.5341	0.5124	0.0114	0.0008	0.5431	0.0012	0.0	0.5101	0.0012	0.0
60perc_10repeat	0.45	0.2521	0.5381	0.0511	0.0036	0.552	0.5923	0.5714	0.5394	0.4979	0.0093	0.0007	0.5124	0.0009	0.0	0.5174	0.001	0.0
60perc_2repeat	0.5	0.2523	0.5808	0.0577	0.0041	0.6514	0.3962	0.4927	0.5772	0.5066	0.0132	0.0009	0.5501	0.0014	0.0	0.5355	0.0014	0.0
100perc_10repeat	0.45	0.3356	0.547	0.0628	0.0044	0.534	0.8681	0.6613	0.5191	0.4733	0.0193	0.0014	0.5902	0.0025	0.0	0.647	0.0021	0.0
50perc_5repeat	0.5	0.2523	0.5512	0.0503	0.0036	0.5815	0.3196	0.4125	0.5425	0.5053	0.0109	0.0008	0.5267	0.001	0.0	0.5113	0.001	0.0
70perc_2repeat	0.5	0.2463	0.5949	0.0601	0.0042	0.646	0.5134	0.5721	0.6043	0.5021	0.0126	0.0009	0.554	0.0013	0.0	0.5493	0.0016	0.0
80perc_2repeat	0.5	0.2323	0.6283	0.0469	0.0033	0.6414	0.6255	0.6333	0.6372	0.498	0.0097	0.0007	0.5672	0.0012	0.0	0.5701	0.0013	0.0
05prec_10repeat	0.5	0.3067	0.5758	0.0556	0.0039	0.6993	0.2267	0.3424	0.5721	0.525	0.0184	0.0013	0.623	0.0019	0.0	0.5687	0.0021	0.0
60perc_5repeat	0.5	0.2457	0.5664	0.06	0.0042	0.5885	0.5676	0.5779	0.5601	0.4996	0.0099	0.0007	0.5229	0.001	0.0	0.5232	0.0011	0.0
90perc_2repeat	0.5	0.2345	0.6336	0.0467	0.0033	0.6101	0.7361	0.6672	0.645	0.4938	0.0087	0.0006	0.5827	0.0014	0.0	0.5966	0.0015	0.0
40perc_10repeat	0.5	0.2568	0.5429	0.0436	0.0031	0.552	0.2408	0.3353	0.5366	0.5077	0.0098	0.0007	0.5255	0.001	0.0	0.5039	0.001	0.0
05prec_2repeat	0.6	0.2964	0.5861	0.0574	0.0041	0.7361	0.2342	0.3554	0.5846	0.5268	0.0162	0.0011	0.6312	0.0016	0.0	0.5724	0.0018	0.0
100perc_2repeat	0.5	0.2344	0.6464	0.0373	0.0026	0.6069	0.7691	0.6785	0.6522	0.4908	0.0063	0.0004	0.6063	0.0017	0.0	0.6246	0.0017	0.0
15perc_10repeat	0.5	0.2917	0.5616	0.0552	0.0039	0.6345	0.228	0.3355	0.5541	0.5197	0.0157	0.0011	0.5834	0.0018	0.0	0.5371	0.0017	0.0
15perc_2repeat	0.6	0.2793	0.5889	0.0623	0.0044	0.695	0.2456	0.363	0.5884	0.5199	0.0155	0.0011	0.601	0.0017	0.0	0.5506	0.0016	0.0
90perc_5repeat	0.5	0.2681	0.5893	0.0651	0.0046	0.5665	0.8189	0.6697	0.5807	0.4861	0.0125	0.0009	0.5687	0.0015	0.0	0.5997	0.0016	0.0
50perc_10repeat	0.5	0.2506	0.5371	0.0478	0.0034	0.5446	0.3976	0.4596	0.5318	0.5027	0.0084	0.0006	0.5141	0.0008	0.0	0.5061	0.0008	0.0
05prec_5repeat	0.6	0.2878	0.5936	0.0599	0.0042	0.7311	0.2493	0.3718	0.5904	0.5234	0.0156	0.0011	0.6273	0.0017	0.0	0.5717	0.0018	0.0
70perc_5repeat	0.5	0.2483	0.5725	0.0631	0.0045	0.5814	0.7011	0.6357	0.5794	0.496	0.0105	0.0007	0.5279	0.001	0.0	0.5396	0.0012	0.0
60perc_10repeat	0.5	0.2494	0.5438	0.0551	0.0039	0.5513	0.6343	0.5899	0.5425	0.4976	0.0084	0.0006	0.5113	0.0009	0.0	0.517	0.0008	0.0
80perc_5repeat	0.5	0.2543	0.5831	0.0641	0.0045	0.5752	0.7677	0.6576	0.5917	0.4906	0.0113	0.0008	0.545	0.0013	0.0	0.5656	0.0014	0.0
70perc_10repeat	0.5	0.2532	0.5539	0.0633	0.0045	0.5444	0.817	0.6534	0.5457	0.4928	0.0094	0.0007	0.5182	0.001	0.0	0.5381	0.001	0.0
80perc_10repeat	0.5	0.271	0.5513	0.0618	0.0044	0.5382	0.8512	0.6595	0.5295	0.4873	0.0122	0.0009	0.5319	0.0013	0.0	0.5654	0.0013	0.0
40perc_2repeat	0.6	0.2635	0.5723	0.0649	0.0046	0.6182	0.2836	0.3888	0.5628	0.5127	0.0152	0.0011	0.5567	0.0014	0.0	0.525	0.0014	0.0
90perc_10repeat	0.5	0.2874	0.5618	0.0641	0.0045	0.5409	0.8662	0.666	0.5367	0.4821	0.0133	0.0009	0.5586	0.0015	0.0	0.6001	0.0016	0.0
05prec_10repeat	0.6	0.2824	0.5971	0.0575	0.0041	0.7397	0.2534	0.3775	0.5927	0.5247	0.0134	0.0009	0.6234	0.0014	0.0	0.5707	0.0016	0.0
30perc_2repeat	0.6	0.264	0.5826	0.0593	0.0042	0.658	0.2724	0.3853	0.5754	0.5148	0.0147	0.001	0.5686	0.0014	0.0	0.5316	0.0015	0.0
60perc_5repeat	0.6	0.24	0.5855	0.0568	0.004	0.6229	0.5348	0.5755	0.5938	0.5008	0.0094	0.0007	0.5252	0.0009	0.0	0.5234	0.001	0.0
70perc_2repeat	0.6	0.232	0.6234	0.0545	0.0039	0.6671	0.5362	0.5945	0.6367	0.502	0.0111	0.0008	0.5539	0.0012	0.0	0.5492	0.0012	0.0
05prec_2repeat	0.7	0.2765	0.6049	0.0635	0.0045	0.7609	0.281	0.4104	0.602	0.5263	0.0133	0.0009	0.6291	0.0013	0.0	0.5724	0.0014	0.0
15perc_5repeat	0.6	0.2743	0.5876	0.0639	0.0045	0.7135	0.263	0.3844	0.5841	0.5185	0.0146	0.001	0.5894	0.0016	0.0	0.5444	0.0014	0.0
100perc_5repeat	0.5	0.2831	0.5904	0.0595	0.0042	0.5551	0.8547	0.6731	0.5784	0.4823	0.0132	0.0009	0.5977	0.0017	0.0	0.6356	0.0017	0.0
90perc_2repeat	0.6	0.219	0.6603	0.0339	0.0024	0.627	0.7391	0.6785	0.6661	0.493	0.0072	0.0005	0.5824	0.0011	0.0	0.597	0.0012	0.0
50perc_2repeat	0.6	0.2528	0.5808	0.0658	0.0047	0.6463	0.3658	0.4672	0.5767	0.5078	0.0135	0.001	0.5494	0.0013	0.0	0.5285	0.0014	0.0
100perc_2repeat	0.6	0.2203	0.6684	0.0276	0.002	0.625	0.7694	0.6897	0.6691	0.4901	0.0055	0.0004	0.607	0.0012	0.0	0.6286	0.0012	0.0
100perc_10repeat	0.5	0.3002	0.5749	0.0621	0.0044	0.5492	0.8507	0.6675	0.5527	0.4781	0.0177	0.0012	0.5934	0.0021	0.0	0.6384	0.002	0.0
30perc_5repeat	0.6	0.2616	0.5671	0.0591	0.0042	0.6472	0.2064	0.3129	0.5534	0.5143	0.0105	0.0007	0.5516	0.0012	0.0	0.5166	0.0011	0.0
60perc_2repeat	0.6	0.2436	0.599	0.0616	0.0044	0.663	0.4262	0.5188	0.6047	0.5053	0.0127	0.0009	0.5494	0.0012	0.0	0.5351	0.0013	0.0
15perc_2repeat	0.7	0.2654	0.6018	0.0672	0.0048	0.7356	0.2687	0.3936	0.6137	0.5223	0.0133	0.0009	0.6014	0.0012	0.0	0.5515	0.0014	0.0
40perc_5repeat	0.6	0.2545	0.5617	0.0595	0.0042	0.5896	0.2707	0.3711	0.552	0.5094	0.0111	0.0008	0.5345	0.0011	0.0	0.5108	0.0011	0.0
80perc_5repeat	0.6	0.2395	0.6047	0.0618	0.0044	0.5768	0.8174	0.6763	0.6061	0.4907	0.0092	0.0007	0.542	0.001	0.0	0.5647	0.0011	0.0
60perc_10repeat	0.6	0.2454	0.5552	0.058	0.0041	0.5519	0.6811	0.6098	0.5482	0.4971	0.0074	0.0005	0.5107	0.0007	0.0	0.5175	0.0008	0.0
100perc_5repeat	0.6	0.2532	0.6238	0.0473	0.0033	0.5771	0.843	0.6851	0.6255	0.481	0.0106	0.0007	0.598	0.0013	0.0	0.6373	0.0014	0.0
40perc_2repeat	0.7	0.245	0.5985	0.0596	0.0042	0.7067	0.2943	0.4156	0.6059	0.5111	0.012	0.0008	0.5573	0.001	0.0	0.5273	0.0012	0.0
15perc_5repeat	0.7	0.2674	0.5923	0.0635	0.0045	0.7378	0.2381	0.36	0.5925	0.5202	0.0109	0.0008	0.593	0.0013	0.0	0.5428	0.0012	0.0
30perc_2repeat	0.7	0.2584	0.5873	0.0658	0.0047	0.7039	0.2449	0.3634	0.5847	0.5169	0.013	0.0009	0.5712	0.0013	0.0	0.5298	0.0012	0.0
50perc_5repeat	0.6	0.2464	0.5685	0.0578	0.0041	0.6126	0.3843	0.4723	0.565	0.504	0.0097	0.0007	0.5253	0.0009	0.0	0.5131	0.001	0.0
50perc_2repeat	0.7	0.2456	0.5954	0.0656	0.0046	0.6813	0.3388	0.4525	0.6018	0.5098	0.0125	0.0009	0.5518	0.0012	0.0	0.5267	0.0011	0.0
70perc_10repeat	0.6	0.2459	0.5645	0.0638	0.0045	0.5535	0.8117	0.6582	0.5637	0.4928	0.0084	0.0006	0.5177	0.0007	0.0	0.5362	0.0009	0.0
30perc_5repeat	0.7	0.2484	0.5859	0.0595	0.0042	0.6835	0.2181	0.3307	0.5841	0.5134	0.009	0.0006	0.5521	0.001	0.0	0.5184	0.0009	0.0
80perc_2repeat	0.6	0.2245	0.6459	0.0407	0.0029	0.6555	0.6182	0.6363	0.6515	0.4988	0.0102	0.0007	0.5677	0.0012	0.0	0.5696	0.0013	0.0
15perc_10repeat	0.6	0.2802	0.5743	0.0588	0.0042	0.691	0.1999	0.3101	0.5648	0.5201	0.0129	0.0009	0.588	0.0014	0.0	0.5362	0.0014	0.0
40perc_5repeat	0.7	0.2491	0.5681	0.0651	0.0046	0.6258	0.2635	0.3709	0.5556	0.509	0.0106	0.0008	0.5359	0.001	0.0	0.5116	0.001	0.0
80perc_10repeat	0.6	0.2513	0.5733	0.065	0.0046	0.5427	0.8728	0.6692	0.5585	0.4868	0.009	0.0006	0.5331	0.001	0.0	0.5633	0.0011	0.0
70perc_5repeat	0.6	0.2377	0.5994	0.0637	0.0045	0.5888	0.7412	0.6563	0.6206	0.4949	0.009	0.0006	0.529	0.0008	0.0	0.5415	0.001	0.0
30perc_10repeat	0.6	0.2635	0.5538	0.0535	0.0038	0.6022	0.1625	0.2559	0.5437	0.514	0.0103	0.0007	0.5448	0.001	0.0	0.5085	0.001	0.0
90perc_10repeat	0.6	0.262	0.5877	0.0578	0.0041	0.5491	0.8745	0.6746	0.5738	0.4822	0.0105	0.0007	0.558	0.0012	0.0	0.5984	0.0014	0.0
05prec_10repeat	0.7	0.2721	0.6055	0.0614	0.0043	0.7512	0.2809	0.4089	0.6087	0.5255	0.0123	0.0009	0.6243	0.0014	0.0	0.5692	0.0013	0.0
40perc_10repeat	0.6	0.2506	0.5529	0.0491	0.0035	0.5897	0.2362	0.3373	0.5459	0.5076	0.0083	0.0006	0.5252	0.0008	0.0	0.5049	0.0008	0.0
100perc_10repeat	0.6	0.2613	0.6139	0.0561	0.004	0.57	0.8308	0.6761	0.616	0.4802	0.0127	0.0009	0.5982	0.0016	0.0	0.6369	0.0015	0.0
60perc_2repeat	0.7	0.2359	0.6163	0.0608	0.0043	0.6755	0.4559	0.5444	0.6289	0.5053	0.0123	0.0009	0.5492	0.0011	0.0	0.5349	0.0012	0.0
05prec_5repeat	0.7	0.2813	0.5965	0.0625	0.0044	0.7466	0.2664	0.3926	0.6054	0.5266	0.0138	0.001	0.6288	0.0013	0.0	0.5706	0.0014	0.0
50perc_5repeat	0.7	0.2411	0.5809	0.0598	0.0042	0.6295	0.401	0.49	0.5888	0.5043	0.0089	0.0006	0.5243	0.0008	0.0	0.5137	0.0009	0.0
15perc_10repeat	0.7	0.2602	0.5944	0.0664	0.0047	0.7332	0.2359	0.3569	0.6032	0.5186	0.0109	0.0008	0.5844	0.001	0.0	0.5383	0.0011	0.0
90perc_5repeat	0.6	0.2528	0.6016	0.0563	0.004	0.5615	0.8593	0.6792	0.5996	0.4847	0.0097	0.0007	0.5635	0.0012	0.0	0.6001	0.0012	0.0
70perc_2repeat	0.7	0.2233	0.6445	0.0502	0.0036	0.6803	0.5735	0.6224	0.6545	0.5013	0.0099	0.0007	0.5535	0.001	0.0	0.5501	0.0011	0.0
50perc_10repeat	0.6	0.2476	0.5463	0.051	0.0036	0.5715	0.3825	0.4583	0.5436	0.5028	0.0077	0.0005	0.5143	0.0007	0.0	0.5059	0.0007	0.0
05prec_2repeat	0.8	0.2557	0.6285	0.0598	0.0042	0.7555	0.3435	0.4722	0.6309	0.5253	0.0103	0.0007	0.6304	0.0012	0.0	0.5752	0.001	0.0
30perc_10repeat	0.7	0.2545	0.5635	0.0598	0.0042	0.6379	0.178	0.2783	0.548	0.5128	0.0093	0.0007	0.5438	0.0009	0.0	0.5098	0.0009	0.0
30perc_2repeat	0.8	0.2459	0.6053	0.0673	0.0048	0.7349	0.2806	0.4061	0.6094	0.5158	0.0112	0.0008	0.5708	0.001	0.0	0.5305	0.0011	0.0
60perc_5repeat	0.7	0.2358	0.6048	0.0606	0.0043	0.6279	0.5861	0.6063	0.6208	0.4994	0.0089	0.0006	0.5236	0.0008	0.0	0.5241	0.0008	0.0
80perc_5repeat	0.7	0.2261	0.6315	0.0504	0.0036	0.5878	0.8092	0.6809	0.6417	0.4909	0.0082	0.0006	0.5432	0.0008	0.0	0.5646	0.0008	0.0
15perc_2repeat	0.8	0.2496	0.6207	0.064	0.0045	0.7669	0.3068	0.4383	0.6208	0.5219	0.0105	0.0007	0.6021	0.001	0.0	0.5519	0.001	0.0
40perc_10repeat	0.7	0.2478	0.5587	0.0548	0.0039	0.6195	0.2209	0.3257	0.5517	0.5073	0.0074	0.0005	0.5258	0.0007	0.0	0.5048	0.0007	0.0
05prec_5repeat	0.8	0.255	0.6297	0.0603	0.0043	0.7697	0.3351	0.4669	0.6405	0.5249	0.0101	0.0007	0.6262	0.001	0.0	0.5709	0.0011	0.0
100perc_5repeat	0.7	0.2342	0.6469	0.0341	0.0024	0.594	0.8238	0.6903	0.6487	0.4813	0.0079	0.0006	0.6002	0.0012	0.0	0.6397	0.0011	0.0
60perc_2repeat	0.8	0.2232	0.6446	0.0551	0.0039	0.7042	0.5075	0.5899	0.6467	0.5038	0.0101	0.0007	0.5481	0.0009	0.0	0.5367	0.0009	0.0
80perc_2repeat	0.7	0.2137	0.6647	0.0349	0.0025	0.6625	0.6504	0.6564	0.6684	0.4987	0.0089	0.0006	0.5661	0.0009	0.0	0.5693	0.0009	0.0
70perc_2repeat	0.8	0.2153	0.6659	0.0433	0.0031	0.6969	0.5748	0.63	0.6688	0.5023	0.0093	0.0007	0.5552	0.0008	0.0	0.5495	0.0009	0.0
30perc_5repeat	0.8	0.248	0.5832	0.0738	0.0052	0.6882	0.2295	0.3442	0.5878	0.5139	0.0092	0.0007	0.552	0.0008	0.0	0.517	0.0009	0.0
90perc_2repeat	0.7	0.2118	0.6738	0.0315	0.0022	0.6442	0.712	0.6764	0.6722	0.4946	0.007	0.0005	0.584	0.0011	0.0	0.5962	0.001	0.0
100perc_2repeat	0.7	0.2121	0.6818	0.0255	0.0018	0.6407	0.749	0.6906	0.6788	0.4907	0.0042	0.0003	0.6092	0.0009	0.0	0.629	0.001	0.0
80perc_2repeat	0.8	0.2083	0.6777	0.0385	0.0027	0.666	0.6804	0.6731	0.6803	0.4977	0.0076	0.0005	0.5654	0.0008	0.0	0.5706	0.0009	0.0
40perc_5repeat	0.8	0.2433	0.5831	0.0692	0.0049	0.6513	0.2689	0.3807	0.5818	0.509	0.0093	0.0007	0.535	0.0009	0.0	0.5103	0.0008	0.0
40perc_2repeat	0.8	0.241	0.6079	0.0749	0.0053	0.7072	0.327	0.4472	0.6174	0.5121	0.0123	0.0009	0.5579	0.0011	0.0	0.5271	0.0011	0.0
70perc_10repeat	0.7	0.2404	0.5812	0.0681	0.0048	0.5565	0.8478	0.672	0.5716	0.4919	0.0075	0.0005	0.5163	0.0008	0.0	0.5367	0.0007	0.0
50perc_2repeat	0.8	0.2364	0.6112	0.0659	0.0047	0.7072	0.3573	0.4748	0.613	0.5096	0.0111	0.0008	0.5515	0.0009	0.0	0.5272	0.001	0.0
90perc_10repeat	0.7	0.2432	0.6146	0.0492	0.0035	0.5668	0.8602	0.6833	0.6141	0.4825	0.0094	0.0007	0.5583	0.001	0.0	0.5979	0.001	0.0
70perc_5repeat	0.7	0.229	0.6232	0.0587	0.0041	0.6118	0.7367	0.6685	0.6362	0.4962	0.008	0.0006	0.5298	0.0008	0.0	0.5408	0.0008	0.0
100perc_10repeat	0.7	0.2462	0.6305	0.0437	0.0031	0.5774	0.8501	0.6877	0.6294	0.4776	0.0102	0.0007	0.5914	0.0013	0.0	0.6398	0.0012	0.0
90perc_5repeat	0.7	0.2297	0.6398	0.0405	0.0029	0.5903	0.832	0.6906	0.6441	0.486	0.0091	0.0006	0.5668	0.001	0.0	0.5996	0.001	0.0
05prec_10repeat	0.8	0.255	0.6296	0.0594	0.0042	0.7592	0.3343	0.4642	0.6385	0.5238	0.0093	0.0007	0.6241	0.001	0.0	0.5701	0.001	0.0
15perc_2repeat	0.9	0.2401	0.6321	0.0686	0.0048	0.7677	0.3389	0.4703	0.642	0.5218	0.0091	0.0006	0.6026	0.0008	0.0	0.5518	0.0008	0.0
05prec_2repeat	0.9	0.2411	0.6452	0.0604	0.0043	0.7484	0.3801	0.5041	0.6502	0.5248	0.0076	0.0005	0.6304	0.0007	0.0	0.5747	0.0008	0.0
15perc_10repeat	0.8	0.2566	0.5981	0.0699	0.0049	0.7532	0.2465	0.3715	0.6023	0.5205	0.0092	0.0006	0.588	0.0009	0.0	0.538	0.001	0.0
15perc_5repeat	0.8	0.252	0.6065	0.0623	0.0044	0.7551	0.2707	0.3986	0.6111	0.5204	0.0095	0.0007	0.5916	0.001	0.0	0.5418	0.0009	0.0
100perc_2repeat	0.8	0.2062	0.6841	0.0363	0.0026	0.6478	0.7278	0.6855	0.6836	0.4908	0.003	0.0002	0.6093	0.0007	0.0	0.628	0.0007	0.0
50perc_10repeat	0.7	0.2442	0.5609	0.0529	0.0037	0.5936	0.4092	0.4844	0.5647	0.5027	0.0068	0.0005	0.5147	0.0007	0.0	0.5079	0.0006	0.0
30perc_2repeat	0.9	0.2387	0.6191	0.0735	0.0052	0.7375	0.3184	0.4448	0.6308	0.5151	0.0096	0.0007	0.5715	0.0009	0.0	0.5325	0.0009	0.0
40perc_10repeat	0.8	0.2456	0.5654	0.0646	0.0046	0.61	0.2346	0.3389	0.5587	0.508	0.0072	0.0005	0.5251	0.0006	0.0	0.5048	0.0007	0.0
90perc_2repeat	0.8	0.2057	0.6844	0.033	0.0023	0.6476	0.7205	0.6821	0.6831	0.4944	0.0067	0.0005	0.5845	0.0007	0.0	0.5972	0.0008	0.0
50perc_5repeat	0.8	0.2385	0.5916	0.0616	0.0044	0.658	0.3712	0.4747	0.5935	0.5048	0.0081	0.0006	0.5258	0.0008	0.0	0.5122	0.0007	0.0
90perc_5repeat	0.8	0.217	0.6621	0.0356	0.0025	0.6093	0.8147	0.6972	0.6631	0.4866	0.0069	0.0005	0.5667	0.0008	0.0	0.5977	0.0007	0.0
80perc_10repeat	0.7	0.2447	0.5867	0.0576	0.0041	0.5487	0.8893	0.6787	0.5762	0.4863	0.0077	0.0005	0.5318	0.0008	0.0	0.5661	0.0008	0.0
50perc_10repeat	0.8	0.2403	0.581	0.0583	0.0041	0.6239	0.3982	0.4861	0.582	0.5033	0.0056	0.0004	0.5143	0.0005	0.0	0.5071	0.0006	0.0
60perc_5repeat	0.8	0.2317	0.6154	0.0591	0.0042	0.6302	0.6091	0.6195	0.626	0.4999	0.0085	0.0006	0.5228	0.0007	0.0	0.5238	0.0008	0.0
60perc_10repeat	0.8	0.2393	0.5879	0.0643	0.0045	0.5802	0.7183	0.6419	0.5953	0.4971	0.0063	0.0004	0.5112	0.0005	0.0	0.5184	0.0006	0.0
15perc_5repeat	0.9	0.2396	0.6266	0.0733	0.0052	0.7662	0.3144	0.4459	0.6325	0.5204	0.0076	0.0005	0.5913	0.0007	0.0	0.5429	0.0007	0.0
70perc_5repeat	0.8	0.2242	0.6372	0.0579	0.0041	0.6132	0.759	0.6784	0.6472	0.4951	0.0079	0.0006	0.5288	0.0007	0.0	0.5416	0.0008	0.0
60perc_10repeat	0.7	0.241	0.5814	0.0593	0.0042	0.577	0.6921	0.6293	0.5918	0.4977	0.0064	0.0005	0.5112	0.0006	0.0	0.5178	0.0006	0.0
70perc_10repeat	0.8	0.2345	0.5998	0.0661	0.0047	0.5616	0.858	0.6789	0.6026	0.4919	0.0065	0.0005	0.5174	0.0006	0.0	0.5381	0.0006	0.0
60perc_2repeat	0.9	0.2215	0.6465	0.063	0.0045	0.7063	0.4923	0.5802	0.6485	0.505	0.0104	0.0007	0.549	0.0008	0.0	0.5355	0.0009	0.0
05prec_5repeat	0.9	0.2467	0.6371	0.062	0.0044	0.767	0.36	0.49	0.6367	0.5257	0.0066	0.0005	0.6277	0.0006	0.0	0.5715	0.0007	0.0
40perc_2repeat	0.9	0.2368	0.6174	0.0796	0.0056	0.7326	0.3074	0.4331	0.619	0.5137	0.0104	0.0007	0.5595	0.0009	0.0	0.5248	0.0009	0.0
30perc_5repeat	0.9	0.2407	0.5942	0.08	0.0057	0.7106	0.2401	0.3589	0.5967	0.5143	0.0083	0.0006	0.5533	0.0007	0.0	0.5171	0.0007	0.0
80perc_5repeat	0.8	0.2212	0.6444	0.0481	0.0034	0.5965	0.8199	0.6906	0.647	0.4897	0.0076	0.0005	0.5426	0.0007	0.0	0.567	0.0008	0.0
80perc_10repeat	0.8	0.2302	0.6186	0.0518	0.0037	0.5678	0.8604	0.6841	0.6171	0.488	0.007	0.0005	0.5338	0.0006	0.0	0.5636	0.0007	0.0
100perc_5repeat	0.8	0.2183	0.6711	0.0324	0.0023	0.6181	0.8049	0.6992	0.6711	0.4812	0.0068	0.0005	0.5983	0.0007	0.0	0.6376	0.0008	0.0
50perc_2repeat	0.9	0.2301	0.6309	0.0765	0.0054	0.7106	0.3945	0.5073	0.6413	0.5095	0.0107	0.0008	0.5508	0.0009	0.0	0.5274	0.001	0.0
40perc_5repeat	0.9	0.237	0.5957	0.0769	0.0054	0.6532	0.2765	0.3885	0.6003	0.509	0.0076	0.0005	0.5353	0.0006	0.0	0.5112	0.0007	0.0
50perc_5repeat	0.9	0.2347	0.6039	0.0748	0.0053	0.6532	0.3882	0.487	0.6069	0.505	0.0076	0.0005	0.5264	0.0006	0.0	0.5127	0.0007	0.0
80perc_2repeat	0.9	0.2042	0.6821	0.0525	0.0037	0.669	0.6752	0.6721	0.6846	0.4982	0.0079	0.0006	0.5656	0.0007	0.0	0.5699	0.0008	0.0
90perc_2repeat	0.9	0.2007	0.6895	0.0504	0.0036	0.6571	0.7252	0.6895	0.6967	0.4938	0.0061	0.0004	0.5832	0.0006	0.0	0.5971	0.0007	0.0
100perc_2repeat	0.9	0.2036	0.6897	0.0574	0.0041	0.6549	0.7281	0.6896	0.6948	0.4908	0.0021	0.0001	0.6093	0.0005	0.0	0.6284	0.0005	0.0
30perc_10repeat	0.8	0.2423	0.5794	0.0624	0.0044	0.7165	0.1968	0.3088	0.5769	0.5119	0.0065	0.0005	0.5432	0.0007	0.0	0.5122	0.0006	0.0
70perc_2repeat	0.9	0.2104	0.6736	0.0537	0.0038	0.6908	0.5973	0.6406	0.6725	0.502	0.0091	0.0006	0.5549	0.0007	0.0	0.5488	0.0008	0.0
05prec_10repeat	0.9	0.2393	0.6432	0.0733	0.0052	0.7562	0.3719	0.4986	0.6531	0.5246	0.0066	0.0005	0.625	0.0006	0.0	0.5697	0.0006	0.0
90perc_10repeat	0.8	0.2289	0.6368	0.0412	0.0029	0.5782	0.8538	0.6895	0.6405	0.4832	0.0075	0.0005	0.5587	0.0008	0.0	0.5984	0.0008	0.0
100perc_10repeat	0.8	0.2292	0.6541	0.0367	0.0026	0.5994	0.8278	0.6953	0.6528	0.4768	0.0083	0.0006	0.5935	0.0009	0.0	0.6417	0.001	0.0
70perc_5repeat	0.9	0.2202	0.6509	0.0638	0.0045	0.6276	0.7328	0.6761	0.6541	0.4963	0.0078	0.0006	0.5298	0.0007	0.0	0.5402	0.0007	0.0
80perc_5repeat	0.9	0.2135	0.663	0.055	0.0039	0.6162	0.7921	0.6932	0.6652	0.491	0.0069	0.0005	0.544	0.0006	0.0	0.5661	0.0007	0.0
40perc_10repeat	0.9	0.2407	0.5753	0.0731	0.0052	0.63	0.2026	0.3066	0.5774	0.5081	0.0058	0.0004	0.5253	0.0005	0.0	0.5041	0.0006	0.0
60perc_5repeat	0.9	0.2269	0.6385	0.0679	0.0048	0.6647	0.6143	0.6385	0.6456	0.4999	0.0072	0.0005	0.5236	0.0006	0.0	0.5236	0.0006	0.0
60perc_10repeat	0.9	0.2361	0.6064	0.0726	0.0051	0.5931	0.731	0.6548	0.6193	0.4969	0.0064	0.0005	0.5108	0.0005	0.0	0.5188	0.0006	0.0
90perc_5repeat	0.9	0.2122	0.6677	0.0498	0.0035	0.6098	0.7908	0.6886	0.6705	0.4869	0.0056	0.0004	0.5675	0.0005	0.0	0.5979	0.0006	0.0
100perc_5repeat	0.9	0.2105	0.6781	0.0498	0.0035	0.628	0.7885	0.6992	0.6777	0.4815	0.0045	0.0003	0.5988	0.0005	0.0	0.6376	0.0006	0.0
70perc_10repeat	0.9	0.2276	0.627	0.069	0.0049	0.5845	0.8408	0.6896	0.6325	0.4926	0.0058	0.0004	0.518	0.0005	0.0	0.5375	0.0006	0.0
15perc_10repeat	0.9	0.2407	0.6203	0.0753	0.0053	0.7696	0.2981	0.4297	0.618	0.5201	0.0062	0.0004	0.5861	0.0006	0.0	0.5382	0.0006	0.0
90perc_10repeat	0.9	0.218	0.657	0.0513	0.0036	0.5978	0.8413	0.6989	0.6577	0.4826	0.0059	0.0004	0.559	0.0006	0.0	0.6001	0.0006	0.0
30perc_10repeat	0.9	0.239	0.5855	0.0792	0.0056	0.6938	0.1992	0.3095	0.5889	0.5128	0.0064	0.0005	0.5439	0.0006	0.0	0.5114	0.0006	0.0
50perc_10repeat	0.9	0.2406	0.5799	0.0707	0.005	0.618	0.4353	0.5108	0.5751	0.5023	0.0059	0.0004	0.5136	0.0005	0.0	0.5073	0.0005	0.0
80perc_10repeat	0.9	0.2215	0.6417	0.0529	0.0037	0.5823	0.8596	0.6943	0.638	0.4878	0.0061	0.0004	0.5336	0.0006	0.0	0.5645	0.0006	0.0
100perc_10repeat	0.9	0.2173	0.6673	0.0514	0.0036	0.6118	0.8109	0.6974	0.6692	0.4773	0.0055	0.0004	0.5937	0.0006	0.0	0.6414	0.0006	0.0
