Label	trainingSize	Accuracy_Mean	Accuracy_SD	Accuracy_SE	Precision_Mean	Recall_Mean	F1
5perc_2flips_Baseline_0	0.05	0.5272	0.0076
5perc_2flips_Baseline_1	0.05	0.4728	0.0076
5perc_2flips	0.05	0.4982	0.0273	0.0055	0.4713	0.4716	0.4715
5perc_5flips_Baseline_0	0.05	0.5289	0.0093
5perc_5flips_Baseline_1	0.05	0.4711	0.0093
5perc_5flips	0.05	0.4898	0.0255	0.0051	0.5951	0.4719	0.5263
5perc_10flips_Baseline_0	0.05	0.5263	0.0085
5perc_10flips_Baseline_1	0.05	0.4737	0.0085
5perc_10flips	0.05	0.5089	0.0252	0.005	0.3003	0.4725	0.3672
10perc_2flips_Baseline_0	0.05	0.5289	0.0076
10perc_2flips_Baseline_1	0.05	0.4711	0.0076
10perc_2flips	0.05	0.4989	0.0276	0.0055	0.4431	0.4721	0.4571
10perc_5flips_Baseline_0	0.05	0.5289	0.0093
10perc_5flips_Baseline_1	0.05	0.4711	0.0093
10perc_5flips	0.05	0.4977	0.0278	0.0056	0.4586	0.4719	0.4651
10perc_10flips_Baseline_0	0.05	0.528	0.0102
10perc_10flips_Baseline_1	0.05	0.472	0.0102
10perc_10flips	0.05	0.5026	0.0282	0.0056	0.3876	0.4723	0.4258
15perc_2flips_Baseline_0	0.05	0.5289	0.0076
15perc_2flips_Baseline_1	0.05	0.4711	0.0076
15perc_2flips	0.05	0.4945	0.0282	0.0056	0.4981	0.4712	0.4843
15perc_5flips_Baseline_0	0.05	0.5297	0.0102
15perc_5flips_Baseline_1	0.05	0.4703	0.0102
15perc_5flips	0.05	0.5016	0.026	0.0052	0.4302	0.4722	0.4502
15perc_10flips_Baseline_0	0.05	0.5289	0.0093
15perc_10flips_Baseline_1	0.05	0.4711	0.0093
15perc_10flips	0.05	0.4917	0.0261	0.0052	0.5549	0.4727	0.5105
20perc_2flips_Baseline_0	0.05	0.5289	0.0093
20perc_2flips_Baseline_1	0.05	0.4711	0.0093
20perc_2flips	0.05	0.5077	0.0263	0.0053	0.2974	0.4727	0.3651
20perc_5flips_Baseline_0	0.05	0.528	0.0068
20perc_5flips_Baseline_1	0.05	0.472	0.0068
20perc_5flips	0.05	0.512	0.0251	0.005	0.2334	0.4729	0.3125
20perc_10flips_Baseline_0	0.05	0.5272	0.0076
20perc_10flips_Baseline_1	0.05	0.4728	0.0076
20perc_10flips	0.05	0.5009	0.0262	0.0052	0.4408	0.4729	0.4563
25perc_2flips_Baseline_0	0.05	0.5263	0.0102
25perc_2flips_Baseline_1	0.05	0.4737	0.0102
25perc_2flips	0.05	0.5082	0.0262	0.0052	0.321	0.4724	0.3823
25perc_5flips_Baseline_0	0.05	0.528	0.0085
25perc_5flips_Baseline_1	0.05	0.472	0.0085
25perc_5flips	0.05	0.5009	0.027	0.0054	0.4405	0.4727	0.456
25perc_10flips_Baseline_0	0.05	0.528	0.0119
25perc_10flips_Baseline_1	0.05	0.472	0.0119
25perc_10flips	0.05	0.496	0.0277	0.0055	0.5397	0.4715	0.5033
30perc_2flips_Baseline_0	0.05	0.5272	0.0076
30perc_2flips_Baseline_1	0.05	0.4728	0.0076
30perc_2flips	0.05	0.4935	0.0272	0.0054	0.5456	0.4719	0.5061
30perc_5flips_Baseline_0	0.05	0.5263	0.0102
30perc_5flips_Baseline_1	0.05	0.4737	0.0102
30perc_5flips	0.05	0.5082	0.0245	0.0049	0.3184	0.4735	0.3807
30perc_10flips_Baseline_0	0.05	0.5306	0.0093
30perc_10flips_Baseline_1	0.05	0.4694	0.0093
30perc_10flips	0.05	0.5028	0.0269	0.0054	0.4125	0.4724	0.4404
5perc_2flips_Baseline_0	0.1	0.5305	0.0161
5perc_2flips_Baseline_1	0.1	0.4695	0.0161
5perc_2flips	0.1	0.5037	0.0299	0.006	0.3714	0.4705	0.4151
5perc_5flips_Baseline_0	0.1	0.5296	0.0099
5perc_5flips_Baseline_1	0.1	0.4704	0.0099
5perc_5flips	0.1	0.5127	0.0256	0.0051	0.2469	0.4722	0.3243
5perc_10flips_Baseline_0	0.1	0.5269	0.0125
5perc_10flips_Baseline_1	0.1	0.4731	0.0125
5perc_10flips	0.1	0.5075	0.0245	0.0049	0.297	0.4746	0.3654
10perc_2flips_Baseline_0	0.1	0.5314	0.017
10perc_2flips_Baseline_1	0.1	0.4686	0.017
10perc_2flips	0.1	0.5149	0.0257	0.0051	0.2025	0.4713	0.2832
10perc_5flips_Baseline_0	0.1	0.5305	0.0108
10perc_5flips_Baseline_1	0.1	0.4695	0.0108
10perc_5flips	0.1	0.4999	0.031	0.0062	0.4662	0.4709	0.4686
10perc_10flips_Baseline_0	0.1	0.5278	0.017
10perc_10flips_Baseline_1	0.1	0.4722	0.017
10perc_10flips	0.1	0.5039	0.0323	0.0065	0.3658	0.4715	0.412
15perc_2flips_Baseline_0	0.1	0.5278	0.0152
15perc_2flips_Baseline_1	0.1	0.4722	0.0152
15perc_2flips	0.1	0.5118	0.0269	0.0054	0.3025	0.4725	0.3689
15perc_5flips_Baseline_0	0.1	0.526	0.017
15perc_5flips_Baseline_1	0.1	0.474	0.017
15perc_5flips	0.1	0.4979	0.0272	0.0054	0.4791	0.4738	0.4764
15perc_10flips_Baseline_0	0.1	0.526	0.0134
15perc_10flips_Baseline_1	0.1	0.474	0.0134
15perc_10flips	0.1	0.5087	0.0266	0.0053	0.2902	0.4724	0.3595
20perc_2flips_Baseline_0	0.1	0.5269	0.0161
20perc_2flips_Baseline_1	0.1	0.4731	0.0161
20perc_2flips	0.1	0.5056	0.0285	0.0057	0.3605	0.4714	0.4086
20perc_5flips_Baseline_0	0.1	0.5296	0.0134
20perc_5flips_Baseline_1	0.1	0.4704	0.0134
20perc_5flips	0.1	0.5085	0.0266	0.0053	0.2868	0.4731	0.3571
20perc_10flips_Baseline_0	0.1	0.5233	0.0125
20perc_10flips_Baseline_1	0.1	0.4767	0.0125
20perc_10flips	0.1	0.503	0.0274	0.0055	0.4141	0.4725	0.4414
25perc_2flips_Baseline_0	0.1	0.5314	0.0152
25perc_2flips_Baseline_1	0.1	0.4686	0.0152
25perc_2flips	0.1	0.501	0.0288	0.0058	0.3789	0.4712	0.4201
25perc_5flips_Baseline_0	0.1	0.526	0.0116
25perc_5flips_Baseline_1	0.1	0.474	0.0116
25perc_5flips	0.1	0.499	0.0278	0.0056	0.4375	0.4725	0.4543
25perc_10flips_Baseline_0	0.1	0.5278	0.0134
25perc_10flips_Baseline_1	0.1	0.4722	0.0134
25perc_10flips	0.1	0.5007	0.0304	0.0061	0.3933	0.4729	0.4295
30perc_2flips_Baseline_0	0.1	0.5269	0.0143
30perc_2flips_Baseline_1	0.1	0.4731	0.0143
30perc_2flips	0.1	0.5035	0.0279	0.0056	0.3973	0.4718	0.4313
30perc_5flips_Baseline_0	0.1	0.5305	0.0161
30perc_5flips_Baseline_1	0.1	0.4695	0.0161
30perc_5flips	0.1	0.5109	0.0308	0.0062	0.2784	0.472	0.3502
30perc_10flips_Baseline_0	0.1	0.5251	0.0143
30perc_10flips_Baseline_1	0.1	0.4749	0.0143
30perc_10flips	0.1	0.5079	0.0261	0.0052	0.3144	0.4736	0.3779
5perc_2flips_Baseline_0	0.2	0.5323	0.0181
5perc_2flips_Baseline_1	0.2	0.4677	0.0181
5perc_2flips	0.2	0.509	0.0324	0.0065	0.3612	0.4721	0.4093
5perc_5flips_Baseline_0	0.2	0.5232	0.0151
5perc_5flips_Baseline_1	0.2	0.4768	0.0151
5perc_5flips	0.2	0.5155	0.026	0.0052	0.2043	0.4739	0.2855
5perc_10flips_Baseline_0	0.2	0.5313	0.0171
5perc_10flips_Baseline_1	0.2	0.4688	0.0171
5perc_10flips	0.2	0.5142	0.0413	0.0083	0.4335	0.4699	0.451
10perc_2flips_Baseline_0	0.2	0.5373	0.0212
10perc_2flips_Baseline_1	0.2	0.4627	0.0212
10perc_2flips	0.2	0.5151	0.0373	0.0075	0.2912	0.4702	0.3596
10perc_5flips_Baseline_0	0.2	0.5232	0.0232
10perc_5flips_Baseline_1	0.2	0.4768	0.0232
10perc_5flips	0.2	0.515	0.0313	0.0063	0.2139	0.474	0.2947
10perc_10flips_Baseline_0	0.2	0.5323	0.0222
10perc_10flips_Baseline_1	0.2	0.4677	0.0222
10perc_10flips	0.2	0.5201	0.0299	0.006	0.1899	0.4757	0.2715
15perc_2flips_Baseline_0	0.2	0.5292	0.0212
15perc_2flips_Baseline_1	0.2	0.4708	0.0212
15perc_2flips	0.2	0.513	0.0422	0.0084	0.3728	0.4716	0.4164
15perc_5flips_Baseline_0	0.2	0.5313	0.0192
15perc_5flips_Baseline_1	0.2	0.4688	0.0192
15perc_5flips	0.2	0.519	0.0307	0.0061	0.2724	0.4712	0.3452
15perc_10flips_Baseline_0	0.2	0.5272	0.0171
15perc_10flips_Baseline_1	0.2	0.4728	0.0171
15perc_10flips	0.2	0.5152	0.0232	0.0046	0.1629	0.4752	0.2426
20perc_2flips_Baseline_0	0.2	0.5313	0.0232
20perc_2flips_Baseline_1	0.2	0.4688	0.0232
20perc_2flips	0.2	0.511	0.0352	0.007	0.2994	0.4737	0.3669
20perc_5flips_Baseline_0	0.2	0.5262	0.0181
20perc_5flips_Baseline_1	0.2	0.4738	0.0181
20perc_5flips	0.2	0.5222	0.0259	0.0052	0.1804	0.4757	0.2616
20perc_10flips_Baseline_0	0.2	0.5383	0.0222
20perc_10flips_Baseline_1	0.2	0.4617	0.0222
20perc_10flips	0.2	0.5057	0.0416	0.0083	0.4283	0.4677	0.4471
25perc_2flips_Baseline_0	0.2	0.5252	0.0212
25perc_2flips_Baseline_1	0.2	0.4748	0.0212
25perc_2flips	0.2	0.514	0.0383	0.0077	0.3447	0.4719	0.3984
25perc_5flips_Baseline_0	0.2	0.5252	0.0151
25perc_5flips_Baseline_1	0.2	0.4748	0.0151
25perc_5flips	0.2	0.5177	0.0224	0.0045	0.1953	0.474	0.2767
25perc_10flips_Baseline_0	0.2	0.5262	0.0161
25perc_10flips_Baseline_1	0.2	0.4738	0.0161
25perc_10flips	0.2	0.5084	0.0304	0.0061	0.3202	0.4726	0.3817
30perc_2flips_Baseline_0	0.2	0.5272	0.0252
30perc_2flips_Baseline_1	0.2	0.4728	0.0252
30perc_2flips	0.2	0.5248	0.0302	0.006	0.1429	0.4741	0.2197
30perc_5flips_Baseline_0	0.2	0.5323	0.0323
30perc_5flips_Baseline_1	0.2	0.4677	0.0323
30perc_5flips	0.2	0.5154	0.0383	0.0077	0.2614	0.4705	0.3361
30perc_10flips_Baseline_0	0.2	0.5313	0.0232
30perc_10flips_Baseline_1	0.2	0.4688	0.0232
30perc_10flips	0.2	0.5033	0.036	0.0072	0.4428	0.4706	0.4563
5perc_2flips_Baseline_0	0.25	0.5323	0.0226
5perc_2flips_Baseline_1	0.25	0.4677	0.0226
5perc_2flips	0.25	0.5254	0.0408	0.0082	0.3156	0.4693	0.3774
5perc_5flips_Baseline_0	0.25	0.5204	0.0172
5perc_5flips_Baseline_1	0.25	0.4796	0.0172
5perc_5flips	0.25	0.5244	0.0221	0.0044	0.1487	0.4773	0.2268
5perc_10flips_Baseline_0	0.25	0.528	0.014
5perc_10flips_Baseline_1	0.25	0.472	0.014
5perc_10flips	0.25	0.5357	0.0397	0.0079	0.1531	0.4729	0.2313
10perc_2flips_Baseline_0	0.25	0.528	0.0269
10perc_2flips_Baseline_1	0.25	0.472	0.0269
10perc_2flips	0.25	0.5276	0.0329	0.0066	0.1719	0.4726	0.2521
10perc_5flips_Baseline_0	0.25	0.5301	0.0226
10perc_5flips_Baseline_1	0.25	0.4699	0.0226
10perc_5flips	0.25	0.5151	0.0381	0.0076	0.3129	0.4692	0.3754
10perc_10flips_Baseline_0	0.25	0.5258	0.0247
10perc_10flips_Baseline_1	0.25	0.4742	0.0247
10perc_10flips	0.25	0.514	0.0302	0.006	0.2847	0.4725	0.3553
15perc_2flips_Baseline_0	0.25	0.5269	0.0258
15perc_2flips_Baseline_1	0.25	0.4731	0.0258
15perc_2flips	0.25	0.5195	0.0478	0.0096	0.3345	0.4691	0.3905
15perc_5flips_Baseline_0	0.25	0.5301	0.0226
15perc_5flips_Baseline_1	0.25	0.4699	0.0226
15perc_5flips	0.25	0.5231	0.0372	0.0074	0.1816	0.474	0.2626
15perc_10flips_Baseline_0	0.25	0.5247	0.0258
15perc_10flips_Baseline_1	0.25	0.4753	0.0258
15perc_10flips	0.25	0.5174	0.0325	0.0065	0.3136	0.4705	0.3764
20perc_2flips_Baseline_0	0.25	0.5204	0.0194
20perc_2flips_Baseline_1	0.25	0.4796	0.0194
20perc_2flips	0.25	0.5269	0.0184	0.0037	0.0746	0.4782	0.1291
20perc_5flips_Baseline_0	0.25	0.529	0.0258
20perc_5flips_Baseline_1	0.25	0.471	0.0258
20perc_5flips	0.25	0.5303	0.0403	0.0081	0.1414	0.4747	0.2179
20perc_10flips_Baseline_0	0.25	0.5237	0.0269
20perc_10flips_Baseline_1	0.25	0.4763	0.0269
20perc_10flips	0.25	0.5135	0.0273	0.0055	0.243	0.4748	0.3214
25perc_2flips_Baseline_0	0.25	0.5301	0.0183
25perc_2flips_Baseline_1	0.25	0.4699	0.0183
25perc_2flips	0.25	0.511	0.031	0.0062	0.3513	0.4698	0.402
25perc_5flips_Baseline_0	0.25	0.5301	0.0226
25perc_5flips_Baseline_1	0.25	0.4699	0.0226
25perc_5flips	0.25	0.5238	0.0399	0.008	0.2993	0.4717	0.3662
25perc_10flips_Baseline_0	0.25	0.5183	0.0237
25perc_10flips_Baseline_1	0.25	0.4817	0.0237
25perc_10flips	0.25	0.5248	0.0317	0.0063	0.1354	0.4757	0.2108
30perc_2flips_Baseline_0	0.25	0.5323	0.0204
30perc_2flips_Baseline_1	0.25	0.4677	0.0204
30perc_2flips	0.25	0.5272	0.0401	0.008	0.2467	0.469	0.3233
30perc_5flips_Baseline_0	0.25	0.5194	0.0247
30perc_5flips_Baseline_1	0.25	0.4806	0.0247
30perc_5flips	0.25	0.5243	0.0353	0.0071	0.3301	0.4723	0.3886
30perc_10flips_Baseline_0	0.25	0.5161	0.0301
30perc_10flips_Baseline_1	0.25	0.4839	0.0301
30perc_10flips	0.25	0.5204	0.0472	0.0094	0.3417	0.472	0.3964
5perc_2flips_Baseline_0	0.3	0.5323	0.0323
5perc_2flips_Baseline_1	0.3	0.4677	0.0323
5perc_2flips	0.3	0.527	0.0483	0.0097	0.2381	0.4742	0.3171
5perc_5flips_Baseline_0	0.3	0.5161	0.023
5perc_5flips_Baseline_1	0.3	0.4839	0.023
5perc_5flips	0.3	0.5399	0.032	0.0064	0.1569	0.4748	0.2358
5perc_10flips_Baseline_0	0.3	0.5334	0.0311
5perc_10flips_Baseline_1	0.3	0.4666	0.0311
5perc_10flips	0.3	0.5249	0.0426	0.0085	0.2217	0.4709	0.3015
10perc_2flips_Baseline_0	0.3	0.53	0.023
10perc_2flips_Baseline_1	0.3	0.47	0.023
10perc_2flips	0.3	0.5332	0.0456	0.0091	0.2339	0.4702	0.3124
10perc_5flips_Baseline_0	0.3	0.5311	0.0288
10perc_5flips_Baseline_1	0.3	0.4689	0.0288
10perc_5flips	0.3	0.5084	0.0426	0.0085	0.4055	0.4676	0.4343
10perc_10flips_Baseline_0	0.3	0.5323	0.0253
10perc_10flips_Baseline_1	0.3	0.4677	0.0253
10perc_10flips	0.3	0.5182	0.0361	0.0072	0.2459	0.4718	0.3233
15perc_2flips_Baseline_0	0.3	0.5311	0.0242
15perc_2flips_Baseline_1	0.3	0.4689	0.0242
15perc_2flips	0.3	0.5185	0.0398	0.008	0.2605	0.4711	0.3355
15perc_5flips_Baseline_0	0.3	0.5334	0.0265
15perc_5flips_Baseline_1	0.3	0.4666	0.0265
15perc_5flips	0.3	0.5251	0.0326	0.0065	0.1798	0.4722	0.2604
15perc_10flips_Baseline_0	0.3	0.53	0.03
15perc_10flips_Baseline_1	0.3	0.47	0.03
15perc_10flips	0.3	0.552	0.0581	0.0116	0.2817	0.4698	0.3522
20perc_2flips_Baseline_0	0.3	0.515	0.0311
20perc_2flips_Baseline_1	0.3	0.485	0.0311
20perc_2flips	0.3	0.5402	0.0481	0.0096	0.1394	0.4744	0.2155
20perc_5flips_Baseline_0	0.3	0.5369	0.0276
20perc_5flips_Baseline_1	0.3	0.4631	0.0276
20perc_5flips	0.3	0.5349	0.0503	0.0101	0.1978	0.4732	0.2789
20perc_10flips_Baseline_0	0.3	0.53	0.0184
20perc_10flips_Baseline_1	0.3	0.47	0.0184
20perc_10flips	0.3	0.5448	0.0497	0.0099	0.2311	0.4704	0.31
25perc_2flips_Baseline_0	0.3	0.5207	0.0276
25perc_2flips_Baseline_1	0.3	0.4793	0.0276
25perc_2flips	0.3	0.5395	0.0582	0.0116	0.2448	0.4704	0.3221
25perc_5flips_Baseline_0	0.3	0.5242	0.0265
25perc_5flips_Baseline_1	0.3	0.4758	0.0265
25perc_5flips	0.3	0.547	0.0423	0.0085	0.1913	0.4733	0.2725
25perc_10flips_Baseline_0	0.3	0.5253	0.0276
25perc_10flips_Baseline_1	0.3	0.4747	0.0276
25perc_10flips	0.3	0.5349	0.0553	0.0111	0.2965	0.4716	0.3641
30perc_2flips_Baseline_0	0.3	0.5334	0.0242
30perc_2flips_Baseline_1	0.3	0.4666	0.0242
30perc_2flips	0.3	0.5279	0.0403	0.0081	0.2532	0.4732	0.3299
30perc_5flips_Baseline_0	0.3	0.5357	0.0311
30perc_5flips_Baseline_1	0.3	0.4643	0.0311
30perc_5flips	0.3	0.5175	0.0414	0.0083	0.2908	0.4683	0.3588
30perc_10flips_Baseline_0	0.3	0.5288	0.0242
30perc_10flips_Baseline_1	0.3	0.4712	0.0242
30perc_10flips	0.3	0.5372	0.0335	0.0067	0.1088	0.4759	0.1771
5perc_2flips_Baseline_0	0.35	0.5285	0.0323
5perc_2flips_Baseline_1	0.35	0.4715	0.0323
5perc_2flips	0.35	0.5414	0.0596	0.0119	0.2883	0.471	0.3577
5perc_5flips_Baseline_0	0.35	0.5236	0.0248
5perc_5flips_Baseline_1	0.35	0.4764	0.0248
5perc_5flips	0.35	0.5573	0.0481	0.0096	0.2576	0.4702	0.3328
5perc_10flips_Baseline_0	0.35	0.5335	0.0323
5perc_10flips_Baseline_1	0.35	0.4665	0.0323
5perc_10flips	0.35	0.5291	0.048	0.0096	0.2747	0.4674	0.346
10perc_2flips_Baseline_0	0.35	0.5223	0.0236
10perc_2flips_Baseline_1	0.35	0.4777	0.0236
10perc_2flips	0.35	0.5484	0.0518	0.0104	0.2036	0.4732	0.2847
10perc_5flips_Baseline_0	0.35	0.5298	0.0236
10perc_5flips_Baseline_1	0.35	0.4702	0.0236
10perc_5flips	0.35	0.5558	0.0397	0.0079	0.1013	0.4692	0.1666
10perc_10flips_Baseline_0	0.35	0.5285	0.0347
10perc_10flips_Baseline_1	0.35	0.4715	0.0347
10perc_10flips	0.35	0.5473	0.054	0.0108	0.1777	0.4726	0.2583
15perc_2flips_Baseline_0	0.35	0.5236	0.0223
15perc_2flips_Baseline_1	0.35	0.4764	0.0223
15perc_2flips	0.35	0.5504	0.0467	0.0093	0.0998	0.4759	0.165
15perc_5flips_Baseline_0	0.35	0.5211	0.0298
15perc_5flips_Baseline_1	0.35	0.4789	0.0298
15perc_5flips	0.35	0.5399	0.043	0.0086	0.1994	0.4736	0.2807
15perc_10flips_Baseline_0	0.35	0.5372	0.0335
15perc_10flips_Baseline_1	0.35	0.4628	0.0335
15perc_10flips	0.35	0.5608	0.0552	0.011	0.1686	0.4705	0.2482
20perc_2flips_Baseline_0	0.35	0.5174	0.0285
20perc_2flips_Baseline_1	0.35	0.4826	0.0285
20perc_2flips	0.35	0.5617	0.059	0.0118	0.1309	0.4755	0.2053
20perc_5flips_Baseline_0	0.35	0.5285	0.0273
20perc_5flips_Baseline_1	0.35	0.4715	0.0273
20perc_5flips	0.35	0.5391	0.0387	0.0077	0.1116	0.4766	0.1808
20perc_10flips_Baseline_0	0.35	0.5273	0.0335
20perc_10flips_Baseline_1	0.35	0.4727	0.0335
20perc_10flips	0.35	0.5335	0.0505	0.0101	0.2082	0.4733	0.2892
25perc_2flips_Baseline_0	0.35	0.5298	0.0335
25perc_2flips_Baseline_1	0.35	0.4702	0.0335
25perc_2flips	0.35	0.5301	0.0384	0.0077	0.218	0.471	0.298
25perc_5flips_Baseline_0	0.35	0.5323	0.031
25perc_5flips_Baseline_1	0.35	0.4677	0.031
25perc_5flips	0.35	0.5511	0.0422	0.0084	0.17	0.4698	0.2497
25perc_10flips_Baseline_0	0.35	0.5161	0.0248
25perc_10flips_Baseline_1	0.35	0.4839	0.0248
25perc_10flips	0.35	0.5416	0.0423	0.0085	0.0515	0.479	0.093
30perc_2flips_Baseline_0	0.35	0.531	0.0248
30perc_2flips_Baseline_1	0.35	0.469	0.0248
30perc_2flips	0.35	0.5418	0.037	0.0074	0.1044	0.4739	0.1712
30perc_5flips_Baseline_0	0.35	0.5211	0.0273
30perc_5flips_Baseline_1	0.35	0.4789	0.0273
30perc_5flips	0.35	0.5407	0.0478	0.0096	0.1583	0.4766	0.2377
30perc_10flips_Baseline_0	0.35	0.5335	0.0372
30perc_10flips_Baseline_1	0.35	0.4665	0.0372
30perc_10flips	0.35	0.5281	0.0347	0.0069	0.1052	0.4759	0.1724
5perc_2flips_Baseline_0	0.4	0.5349	0.0403
5perc_2flips_Baseline_1	0.4	0.4651	0.0403
5perc_2flips	0.4	0.5489	0.0507	0.0101	0.2034	0.4724	0.2843
5perc_5flips_Baseline_0	0.4	0.5309	0.0255
5perc_5flips_Baseline_1	0.4	0.4691	0.0255
5perc_5flips	0.4	0.5501	0.0455	0.0091	0.1519	0.4726	0.2299
5perc_10flips_Baseline_0	0.4	0.5269	0.0349
5perc_10flips_Baseline_1	0.4	0.4731	0.0349
5perc_10flips	0.4	0.5537	0.0561	0.0112	0.1914	0.4686	0.2718
10perc_2flips_Baseline_0	0.4	0.5215	0.0269
10perc_2flips_Baseline_1	0.4	0.4785	0.0269
10perc_2flips	0.4	0.5689	0.0638	0.0128	0.1904	0.4741	0.2717
10perc_5flips_Baseline_0	0.4	0.5296	0.0296
10perc_5flips_Baseline_1	0.4	0.4704	0.0296
10perc_5flips	0.4	0.5543	0.0499	0.01	0.183	0.4716	0.2637
10perc_10flips_Baseline_0	0.4	0.5269	0.0242
10perc_10flips_Baseline_1	0.4	0.4731	0.0242
10perc_10flips	0.4	0.5497	0.0428	0.0086	0.1862	0.4746	0.2675
15perc_2flips_Baseline_0	0.4	0.5215	0.0296
15perc_2flips_Baseline_1	0.4	0.4785	0.0296
15perc_2flips	0.4	0.5339	0.0357	0.0071	0.2268	0.4748	0.307
15perc_5flips_Baseline_0	0.4	0.5282	0.0282
15perc_5flips_Baseline_1	0.4	0.4718	0.0282
15perc_5flips	0.4	0.5623	0.0599	0.012	0.1608	0.4744	0.2402
15perc_10flips_Baseline_0	0.4	0.5309	0.0309
15perc_10flips_Baseline_1	0.4	0.4691	0.0309
15perc_10flips	0.4	0.5545	0.0482	0.0096	0.2538	0.4725	0.3302
20perc_2flips_Baseline_0	0.4	0.5349	0.043
20perc_2flips_Baseline_1	0.4	0.4651	0.043
20perc_2flips	0.4	0.5225	0.0419	0.0084	0.2024	0.4767	0.2842
20perc_5flips_Baseline_0	0.4	0.5336	0.0309
20perc_5flips_Baseline_1	0.4	0.4664	0.0309
20perc_5flips	0.4	0.5439	0.0478	0.0096	0.2137	0.4683	0.2935
20perc_10flips_Baseline_0	0.4	0.5242	0.0296
20perc_10flips_Baseline_1	0.4	0.4758	0.0296
20perc_10flips	0.4	0.5495	0.0499	0.01	0.2137	0.4744	0.2947
25perc_2flips_Baseline_0	0.4	0.5336	0.0336
25perc_2flips_Baseline_1	0.4	0.4664	0.0336
25perc_2flips	0.4	0.5393	0.0448	0.009	0.1612	0.4722	0.2403
25perc_5flips_Baseline_0	0.4	0.5296	0.0323
25perc_5flips_Baseline_1	0.4	0.4704	0.0323
25perc_5flips	0.4	0.5656	0.0458	0.0092	0.1442	0.4719	0.2209
25perc_10flips_Baseline_0	0.4	0.5255	0.0255
25perc_10flips_Baseline_1	0.4	0.4745	0.0255
25perc_10flips	0.4	0.5555	0.0377	0.0075	0.1381	0.4724	0.2137
30perc_2flips_Baseline_0	0.4	0.5363	0.0363
30perc_2flips_Baseline_1	0.4	0.4637	0.0363
30perc_2flips	0.4	0.5555	0.0555	0.0111	0.209	0.4672	0.2888
30perc_5flips_Baseline_0	0.4	0.5188	0.0376
30perc_5flips_Baseline_1	0.4	0.4812	0.0376
30perc_5flips	0.4	0.5286	0.0358	0.0072	0.1379	0.4773	0.214
30perc_10flips_Baseline_0	0.4	0.5309	0.0282
30perc_10flips_Baseline_1	0.4	0.4691	0.0282
30perc_10flips	0.4	0.5626	0.0479	0.0096	0.1516	0.4717	0.2295
5perc_2flips_Baseline_0	0.45	0.5323	0.0279
5perc_2flips_Baseline_1	0.45	0.4677	0.0279
5perc_2flips	0.45	0.5976	0.0606	0.0121	0.2037	0.4664	0.2836
5perc_5flips_Baseline_0	0.45	0.5249	0.0528
5perc_5flips_Baseline_1	0.45	0.4751	0.0528
5perc_5flips	0.45	0.5671	0.0533	0.0107	0.1678	0.4753	0.248
5perc_10flips_Baseline_0	0.45	0.5161	0.044
5perc_10flips_Baseline_1	0.45	0.4839	0.044
5perc_10flips	0.45	0.5462	0.0433	0.0087	0.0964	0.4782	0.1605
10perc_2flips_Baseline_0	0.45	0.5367	0.044
10perc_2flips_Baseline_1	0.45	0.4633	0.044
10perc_2flips	0.45	0.5663	0.0668	0.0134	0.214	0.4692	0.2939
10perc_5flips_Baseline_0	0.45	0.5161	0.0381
10perc_5flips_Baseline_1	0.45	0.4839	0.0381
10perc_5flips	0.45	0.5796	0.0527	0.0105	0.172	0.4714	0.2521
10perc_10flips_Baseline_0	0.45	0.522	0.0293
10perc_10flips_Baseline_1	0.45	0.478	0.0293
10perc_10flips	0.45	0.5545	0.0408	0.0082	0.1591	0.4728	0.2381
15perc_2flips_Baseline_0	0.45	0.5455	0.0381
15perc_2flips_Baseline_1	0.45	0.4545	0.0381
15perc_2flips	0.45	0.561	0.0604	0.0121	0.1962	0.4674	0.2764
15perc_5flips_Baseline_0	0.45	0.5205	0.0367
15perc_5flips_Baseline_1	0.45	0.4795	0.0367
15perc_5flips	0.45	0.5652	0.0544	0.0109	0.1517	0.4706	0.2295
15perc_10flips_Baseline_0	0.45	0.5352	0.0279
15perc_10flips_Baseline_1	0.45	0.4648	0.0279
15perc_10flips	0.45	0.5571	0.0497	0.0099	0.1617	0.4705	0.2406
20perc_2flips_Baseline_0	0.45	0.5323	0.0396
20perc_2flips_Baseline_1	0.45	0.4677	0.0396
20perc_2flips	0.45	0.5723	0.0615	0.0123	0.174	0.4709	0.2541
20perc_5flips_Baseline_0	0.45	0.5249	0.0528
20perc_5flips_Baseline_1	0.45	0.4751	0.0528
20perc_5flips	0.45	0.5712	0.0568	0.0114	0.1805	0.4727	0.2613
20perc_10flips_Baseline_0	0.45	0.5293	0.0396
20perc_10flips_Baseline_1	0.45	0.4707	0.0396
20perc_10flips	0.45	0.5686	0.0802	0.016	0.3287	0.4662	0.3855
25perc_2flips_Baseline_0	0.45	0.522	0.0469
25perc_2flips_Baseline_1	0.45	0.478	0.0469
25perc_2flips	0.45	0.5421	0.0491	0.0098	0.0972	0.4821	0.1618
25perc_5flips_Baseline_0	0.45	0.522	0.0264
25perc_5flips_Baseline_1	0.45	0.478	0.0264
25perc_5flips	0.45	0.5502	0.0461	0.0092	0.1288	0.4758	0.2027
25perc_10flips_Baseline_0	0.45	0.5455	0.044
25perc_10flips_Baseline_1	0.45	0.4545	0.044
25perc_10flips	0.45	0.5739	0.0606	0.0121	0.1624	0.4701	0.2414
30perc_2flips_Baseline_0	0.45	0.5381	0.0337
30perc_2flips_Baseline_1	0.45	0.4619	0.0337
30perc_2flips	0.45	0.5696	0.0561	0.0112	0.2529	0.467	0.3281
30perc_5flips_Baseline_0	0.45	0.5132	0.0381
30perc_5flips_Baseline_1	0.45	0.4868	0.0381
30perc_5flips	0.45	0.5445	0.042	0.0084	0.0894	0.4796	0.1508
30perc_10flips_Baseline_0	0.45	0.5191	0.0411
30perc_10flips_Baseline_1	0.45	0.4809	0.0411
30perc_10flips	0.45	0.548	0.0458	0.0092	0.1714	0.4754	0.252
5perc_2flips_Baseline_0	0.5	0.529	0.0419
5perc_2flips_Baseline_1	0.5	0.471	0.0419
5perc_2flips	0.5	0.5569	0.0566	0.0113	0.2052	0.4728	0.2862
5perc_5flips_Baseline_0	0.5	0.5242	0.0371
5perc_5flips_Baseline_1	0.5	0.4758	0.0371
5perc_5flips	0.5	0.5868	0.0576	0.0115	0.2357	0.4683	0.3136
5perc_10flips_Baseline_0	0.5	0.5145	0.0468
5perc_10flips_Baseline_1	0.5	0.4855	0.0468
5perc_10flips	0.5	0.5509	0.0582	0.0116	0.1181	0.4814	0.1896
10perc_2flips_Baseline_0	0.5	0.529	0.0355
10perc_2flips_Baseline_1	0.5	0.471	0.0355
10perc_2flips	0.5	0.6044	0.0537	0.0107	0.2216	0.4657	0.3003
10perc_5flips_Baseline_0	0.5	0.5177	0.05
10perc_5flips_Baseline_1	0.5	0.4823	0.05
10perc_5flips	0.5	0.5771	0.0602	0.012	0.1782	0.4728	0.2589
10perc_10flips_Baseline_0	0.5	0.5355	0.0387
10perc_10flips_Baseline_1	0.5	0.4645	0.0387
10perc_10flips	0.5	0.5866	0.0639	0.0128	0.2451	0.4644	0.3208
15perc_2flips_Baseline_0	0.5	0.5339	0.0371
15perc_2flips_Baseline_1	0.5	0.4661	0.0371
15perc_2flips	0.5	0.5888	0.0599	0.012	0.216	0.4662	0.2952
15perc_5flips_Baseline_0	0.5	0.5129	0.0581
15perc_5flips_Baseline_1	0.5	0.4871	0.0581
15perc_5flips	0.5	0.5481	0.0631	0.0126	0.1217	0.4841	0.1945
15perc_10flips_Baseline_0	0.5	0.5323	0.0355
15perc_10flips_Baseline_1	0.5	0.4677	0.0355
15perc_10flips	0.5	0.5804	0.0604	0.0121	0.1764	0.471	0.2567
20perc_2flips_Baseline_0	0.5	0.5371	0.0371
20perc_2flips_Baseline_1	0.5	0.4629	0.0371
20perc_2flips	0.5	0.5875	0.053	0.0106	0.1989	0.4692	0.2794
20perc_5flips_Baseline_0	0.5	0.5371	0.0435
20perc_5flips_Baseline_1	0.5	0.4629	0.0435
20perc_5flips	0.5	0.5648	0.0513	0.0103	0.1849	0.472	0.2658
20perc_10flips_Baseline_0	0.5	0.5387	0.0419
20perc_10flips_Baseline_1	0.5	0.4613	0.0419
20perc_10flips	0.5	0.5817	0.0583	0.0117	0.186	0.4668	0.2661
25perc_2flips_Baseline_0	0.5	0.529	0.0355
25perc_2flips_Baseline_1	0.5	0.471	0.0355
25perc_2flips	0.5	0.5902	0.057	0.0114	0.1446	0.4712	0.2213
25perc_5flips_Baseline_0	0.5	0.5177	0.0306
25perc_5flips_Baseline_1	0.5	0.4823	0.0306
25perc_5flips	0.5	0.5656	0.0415	0.0083	0.0876	0.4742	0.1479
25perc_10flips_Baseline_0	0.5	0.521	0.05
25perc_10flips_Baseline_1	0.5	0.479	0.05
25perc_10flips	0.5	0.5878	0.0663	0.0133	0.1875	0.4686	0.2679
30perc_2flips_Baseline_0	0.5	0.5339	0.05
30perc_2flips_Baseline_1	0.5	0.4661	0.05
30perc_2flips	0.5	0.564	0.056	0.0112	0.1476	0.4756	0.2252
30perc_5flips_Baseline_0	0.5	0.5323	0.0484
30perc_5flips_Baseline_1	0.5	0.4677	0.0484
30perc_5flips	0.5	0.5739	0.0743	0.0149	0.1768	0.4732	0.2574
30perc_10flips_Baseline_0	0.5	0.5226	0.0387
30perc_10flips_Baseline_1	0.5	0.4774	0.0387
30perc_10flips	0.5	0.5872	0.0592	0.0118	0.1701	0.4699	0.2498
5perc_2flips_Baseline_0	0.6	0.5403	0.0565
5perc_2flips_Baseline_1	0.6	0.4597	0.0565
5perc_2flips	0.6	0.6094	0.0481	0.0096	0.2143	0.4666	0.2937
5perc_5flips_Baseline_0	0.6	0.5202	0.0444
5perc_5flips_Baseline_1	0.6	0.4798	0.0444
5perc_5flips	0.6	0.5819	0.0544	0.0109	0.1349	0.484	0.211
5perc_10flips_Baseline_0	0.6	0.5282	0.0403
5perc_10flips_Baseline_1	0.6	0.4718	0.0403
5perc_10flips	0.6	0.5852	0.0537	0.0107	0.137	0.4753	0.2127
10perc_2flips_Baseline_0	0.6	0.5343	0.0383
10perc_2flips_Baseline_1	0.6	0.4657	0.0383
10perc_2flips	0.6	0.5963	0.0512	0.0102	0.1634	0.4737	0.243
10perc_5flips_Baseline_0	0.6	0.5262	0.0504
10perc_5flips_Baseline_1	0.6	0.4738	0.0504
10perc_5flips	0.6	0.6059	0.059	0.0118	0.2149	0.4653	0.294
10perc_10flips_Baseline_0	0.6	0.5343	0.0383
10perc_10flips_Baseline_1	0.6	0.4657	0.0383
10perc_10flips	0.6	0.5878	0.0543	0.0109	0.1486	0.474	0.2263
15perc_2flips_Baseline_0	0.6	0.5323	0.0565
15perc_2flips_Baseline_1	0.6	0.4677	0.0565
15perc_2flips	0.6	0.5921	0.0568	0.0114	0.1905	0.4739	0.2718
15perc_5flips_Baseline_0	0.6	0.5181	0.0504
15perc_5flips_Baseline_1	0.6	0.4819	0.0504
15perc_5flips	0.6	0.5863	0.0576	0.0115	0.1437	0.4765	0.2208
15perc_10flips_Baseline_0	0.6	0.5262	0.0423
15perc_10flips_Baseline_1	0.6	0.4738	0.0423
15perc_10flips	0.6	0.5979	0.0524	0.0105	0.1713	0.4747	0.2518
20perc_2flips_Baseline_0	0.6	0.5242	0.0403
20perc_2flips_Baseline_1	0.6	0.4758	0.0403
20perc_2flips	0.6	0.5817	0.0485	0.0097	0.1212	0.4781	0.1934
20perc_5flips_Baseline_0	0.6	0.5484	0.0484
20perc_5flips_Baseline_1	0.6	0.4516	0.0484
20perc_5flips	0.6	0.605	0.0651	0.013	0.2089	0.464	0.2881
20perc_10flips_Baseline_0	0.6	0.5262	0.0464
20perc_10flips_Baseline_1	0.6	0.4738	0.0464
20perc_10flips	0.6	0.5978	0.0604	0.0121	0.1622	0.4748	0.2418
25perc_2flips_Baseline_0	0.6	0.5323	0.0444
25perc_2flips_Baseline_1	0.6	0.4677	0.0444
25perc_2flips	0.6	0.5971	0.0554	0.0111	0.1728	0.4747	0.2533
25perc_5flips_Baseline_0	0.6	0.5383	0.0504
25perc_5flips_Baseline_1	0.6	0.4617	0.0504
25perc_5flips	0.6	0.5996	0.0547	0.0109	0.1973	0.4685	0.2777
25perc_10flips_Baseline_0	0.6	0.5242	0.0363
25perc_10flips_Baseline_1	0.6	0.4758	0.0363
25perc_10flips	0.6	0.5897	0.0581	0.0116	0.148	0.4742	0.2256
30perc_2flips_Baseline_0	0.6	0.5524	0.0524
30perc_2flips_Baseline_1	0.6	0.4476	0.0524
30perc_2flips	0.6	0.6039	0.0494	0.0099	0.2103	0.4666	0.2899
30perc_5flips_Baseline_0	0.6	0.5323	0.0444
30perc_5flips_Baseline_1	0.6	0.4677	0.0444
30perc_5flips	0.6	0.6152	0.0636	0.0127	0.2042	0.4629	0.2834
30perc_10flips_Baseline_0	0.6	0.5383	0.0625
30perc_10flips_Baseline_1	0.6	0.4617	0.0625
30perc_10flips	0.6	0.6114	0.0665	0.0133	0.2303	0.466	0.3083
5perc_2flips_Baseline_0	0.7	0.5484	0.0484
5perc_2flips_Baseline_1	0.7	0.4516	0.0484
5perc_2flips	0.7	0.6275	0.0548	0.011	0.2024	0.4622	0.2815
5perc_5flips_Baseline_0	0.7	0.5296	0.0565
5perc_5flips_Baseline_1	0.7	0.4704	0.0565
5perc_5flips	0.7	0.5953	0.0659	0.0132	0.159	0.4787	0.2388
5perc_10flips_Baseline_0	0.7	0.5349	0.0618
5perc_10flips_Baseline_1	0.7	0.4651	0.0618
5perc_10flips	0.7	0.6252	0.055	0.011	0.23	0.4628	0.3073
10perc_2flips_Baseline_0	0.7	0.5296	0.0672
10perc_2flips_Baseline_1	0.7	0.4704	0.0672
10perc_2flips	0.7	0.6005	0.0659	0.0132	0.1799	0.4796	0.2616
10perc_5flips_Baseline_0	0.7	0.5323	0.043
10perc_5flips_Baseline_1	0.7	0.4677	0.043
10perc_5flips	0.7	0.6193	0.0501	0.01	0.1928	0.4684	0.2732
10perc_10flips_Baseline_0	0.7	0.5457	0.0618
10perc_10flips_Baseline_1	0.7	0.4543	0.0618
10perc_10flips	0.7	0.6014	0.0541	0.0108	0.1611	0.4718	0.2402
15perc_2flips_Baseline_0	0.7	0.5188	0.0726
15perc_2flips_Baseline_1	0.7	0.4812	0.0726
15perc_2flips	0.7	0.624	0.0616	0.0123	0.2065	0.4725	0.2874
15perc_5flips_Baseline_0	0.7	0.5349	0.0511
15perc_5flips_Baseline_1	0.7	0.4651	0.0511
15perc_5flips	0.7	0.6208	0.0528	0.0106	0.1952	0.471	0.276
15perc_10flips_Baseline_0	0.7	0.5296	0.0403
15perc_10flips_Baseline_1	0.7	0.4704	0.0403
15perc_10flips	0.7	0.6234	0.05	0.01	0.1924	0.4665	0.2724
20perc_2flips_Baseline_0	0.7	0.5349	0.0833
20perc_2flips_Baseline_1	0.7	0.4651	0.0833
20perc_2flips	0.7	0.5976	0.0546	0.0109	0.1788	0.4802	0.2606
20perc_5flips_Baseline_0	0.7	0.5215	0.0591
20perc_5flips_Baseline_1	0.7	0.4785	0.0591
20perc_5flips	0.7	0.5998	0.07	0.014	0.165	0.4852	0.2463
20perc_10flips_Baseline_0	0.7	0.5215	0.086
20perc_10flips_Baseline_1	0.7	0.4785	0.086
20perc_10flips	0.7	0.6103	0.0601	0.012	0.2062	0.4686	0.2863
25perc_2flips_Baseline_0	0.7	0.5457	0.0511
25perc_2flips_Baseline_1	0.7	0.4543	0.0511
25perc_2flips	0.7	0.6108	0.0461	0.0092	0.1759	0.4692	0.2559
25perc_5flips_Baseline_0	0.7	0.5215	0.0591
25perc_5flips_Baseline_1	0.7	0.4785	0.0591
25perc_5flips	0.7	0.6148	0.0588	0.0118	0.1861	0.4714	0.2668
25perc_10flips_Baseline_0	0.7	0.5269	0.0645
25perc_10flips_Baseline_1	0.7	0.4731	0.0645
25perc_10flips	0.7	0.6264	0.0558	0.0112	0.2086	0.4682	0.2886
30perc_2flips_Baseline_0	0.7	0.5188	0.0565
30perc_2flips_Baseline_1	0.7	0.4812	0.0565
30perc_2flips	0.7	0.6228	0.0524	0.0105	0.1938	0.4712	0.2746
30perc_5flips_Baseline_0	0.7	0.5296	0.0565
30perc_5flips_Baseline_1	0.7	0.4704	0.0565
30perc_5flips	0.7	0.6216	0.0666	0.0133	0.2047	0.4701	0.2852
30perc_10flips_Baseline_0	0.7	0.5349	0.0511
30perc_10flips_Baseline_1	0.7	0.4651	0.0511
30perc_10flips	0.7	0.6103	0.0469	0.0094	0.196	0.4684	0.2764
5perc_2flips_Baseline_0	0.8	0.5325	0.0772
5perc_2flips_Baseline_1	0.8	0.4675	0.0772
5perc_2flips	0.8	0.6453	0.0727	0.0145	0.2114	0.4748	0.2926
5perc_5flips_Baseline_0	0.8	0.5285	0.0813
5perc_5flips_Baseline_1	0.8	0.4715	0.0813
5perc_5flips	0.8	0.6138	0.0549	0.011	0.2044	0.4777	0.2863
5perc_10flips_Baseline_0	0.8	0.5041	0.0732
5perc_10flips_Baseline_1	0.8	0.4959	0.0732
5perc_10flips	0.8	0.6235	0.0707	0.0141	0.1843	0.4849	0.2671
10perc_2flips_Baseline_0	0.8	0.5081	0.0854
10perc_2flips_Baseline_1	0.8	0.4919	0.0854
10perc_2flips	0.8	0.6245	0.0596	0.0119	0.2089	0.48	0.2912
10perc_5flips_Baseline_0	0.8	0.5122	0.0732
10perc_5flips_Baseline_1	0.8	0.4878	0.0732
10perc_5flips	0.8	0.6212	0.0624	0.0125	0.1965	0.4823	0.2793
10perc_10flips_Baseline_0	0.8	0.5081	0.061
10perc_10flips_Baseline_1	0.8	0.4919	0.061
10perc_10flips	0.8	0.6006	0.0594	0.0119	0.1866	0.4907	0.2704
15perc_2flips_Baseline_0	0.8	0.5081	0.0772
15perc_2flips_Baseline_1	0.8	0.4919	0.0772
15perc_2flips	0.8	0.6327	0.0582	0.0116	0.2181	0.4754	0.2991
15perc_5flips_Baseline_0	0.8	0.5285	0.0813
15perc_5flips_Baseline_1	0.8	0.4715	0.0813
15perc_5flips	0.8	0.6291	0.0536	0.0107	0.217	0.4823	0.2993
15perc_10flips_Baseline_0	0.8	0.5447	0.0894
15perc_10flips_Baseline_1	0.8	0.4553	0.0894
15perc_10flips	0.8	0.6343	0.0531	0.0106	0.2326	0.4751	0.3123
20perc_2flips_Baseline_0	0.8	0.5407	0.0772
20perc_2flips_Baseline_1	0.8	0.4593	0.0772
20perc_2flips	0.8	0.612	0.061	0.0122	0.2023	0.4862	0.2857
20perc_5flips_Baseline_0	0.8	0.5366	0.0569
20perc_5flips_Baseline_1	0.8	0.4634	0.0569
20perc_5flips	0.8	0.6218	0.0373	0.0075	0.2135	0.4761	0.2948
20perc_10flips_Baseline_0	0.8	0.5285	0.0732
20perc_10flips_Baseline_1	0.8	0.4715	0.0732
20perc_10flips	0.8	0.6366	0.055	0.011	0.2185	0.4728	0.2989
25perc_2flips_Baseline_0	0.8	0.5447	0.0732
25perc_2flips_Baseline_1	0.8	0.4553	0.0732
25perc_2flips	0.8	0.6399	0.0488	0.0098	0.2377	0.4611	0.3137
25perc_5flips_Baseline_0	0.8	0.5285	0.0569
25perc_5flips_Baseline_1	0.8	0.4715	0.0569
25perc_5flips	0.8	0.6421	0.055	0.011	0.2294	0.4702	0.3083
25perc_10flips_Baseline_0	0.8	0.5488	0.0772
25perc_10flips_Baseline_1	0.8	0.4512	0.0772
25perc_10flips	0.8	0.6417	0.0514	0.0103	0.2523	0.4615	0.3263
30perc_2flips_Baseline_0	0.8	0.5407	0.0772
30perc_2flips_Baseline_1	0.8	0.4593	0.0772
30perc_2flips	0.8	0.6452	0.055	0.011	0.2336	0.4592	0.3097
30perc_5flips_Baseline_0	0.8	0.5285	0.065
30perc_5flips_Baseline_1	0.8	0.4715	0.065
30perc_5flips	0.8	0.6299	0.0471	0.0094	0.206	0.4836	0.2889
30perc_10flips_Baseline_0	0.8	0.5081	0.0528
30perc_10flips_Baseline_1	0.8	0.4919	0.0528
30perc_10flips	0.8	0.6302	0.043	0.0086	0.2092	0.4813	0.2917
5perc_2flips_Baseline_0	0.9	0.5082	0.0984
5perc_2flips_Baseline_1	0.9	0.4918	0.0984
5perc_2flips	0.9	0.6611	0.0694	0.0139	0.2599	0.4675	0.334
5perc_5flips_Baseline_0	0.9	0.5246	0.1311
5perc_5flips_Baseline_1	0.9	0.4754	0.1311
5perc_5flips	0.9	0.6641	0.062	0.0124	0.2666	0.4702	0.3403
5perc_10flips_Baseline_0	0.9	0.541	0.1148
5perc_10flips_Baseline_1	0.9	0.459	0.1148
5perc_10flips	0.9	0.6603	0.0545	0.0109	0.2399	0.4715	0.318
10perc_2flips_Baseline_0	0.9	0.5328	0.1066
10perc_2flips_Baseline_1	0.9	0.4672	0.1066
10perc_2flips	0.9	0.6609	0.0641	0.0128	0.2507	0.4708	0.3272
10perc_5flips_Baseline_0	0.9	0.4836	0.1393
10perc_5flips_Baseline_1	0.9	0.5164	0.1393
10perc_5flips	0.9	0.6314	0.0542	0.0108	0.2384	0.5023	0.3234
10perc_10flips_Baseline_0	0.9	0.541	0.1475
10perc_10flips_Baseline_1	0.9	0.459	0.1475
10perc_10flips	0.9	0.653	0.0577	0.0115	0.2628	0.4702	0.3371
15perc_2flips_Baseline_0	0.9	0.5328	0.1066
15perc_2flips_Baseline_1	0.9	0.4672	0.1066
15perc_2flips	0.9	0.6442	0.0737	0.0147	0.2321	0.4807	0.3131
15perc_5flips_Baseline_0	0.9	0.5328	0.1721
15perc_5flips_Baseline_1	0.9	0.4672	0.1721
15perc_5flips	0.9	0.6611	0.0821	0.0164	0.2544	0.4734	0.3309
15perc_10flips_Baseline_0	0.9	0.5082	0.1311
15perc_10flips_Baseline_1	0.9	0.4918	0.1311
15perc_10flips	0.9	0.6745	0.0812	0.0162	0.2666	0.457	0.3368
20perc_2flips_Baseline_0	0.9	0.5164	0.1393
20perc_2flips_Baseline_1	0.9	0.4836	0.1393
20perc_2flips	0.9	0.6281	0.0639	0.0128	0.2541	0.4708	0.33
20perc_5flips_Baseline_0	0.9	0.541	0.1475
20perc_5flips_Baseline_1	0.9	0.459	0.1475
20perc_5flips	0.9	0.6489	0.0552	0.011	0.263	0.4695	0.3371
20perc_10flips_Baseline_0	0.9	0.5738	0.1475
20perc_10flips_Baseline_1	0.9	0.4262	0.1475
20perc_10flips	0.9	0.6776	0.0773	0.0155	0.2651	0.4511	0.334
25perc_2flips_Baseline_0	0.9	0.5246	0.1311
25perc_2flips_Baseline_1	0.9	0.4754	0.1311
25perc_2flips	0.9	0.6507	0.0784	0.0157	0.2508	0.4728	0.3277
25perc_5flips_Baseline_0	0.9	0.5492	0.123
25perc_5flips_Baseline_1	0.9	0.4508	0.123
25perc_5flips	0.9	0.6764	0.0639	0.0128	0.2529	0.4603	0.3264
25perc_10flips_Baseline_0	0.9	0.5164	0.1066
25perc_10flips_Baseline_1	0.9	0.4836	0.1066
25perc_10flips	0.9	0.6474	0.0704	0.0141	0.2438	0.4898	0.3256
30perc_2flips_Baseline_0	0.9	0.5164	0.1557
30perc_2flips_Baseline_1	0.9	0.4836	0.1557
30perc_2flips	0.9	0.6425	0.0857	0.0171	0.2537	0.4793	0.3318
30perc_5flips_Baseline_0	0.9	0.541	0.1311
30perc_5flips_Baseline_1	0.9	0.459	0.1311
30perc_5flips	0.9	0.668	0.0778	0.0156	0.2554	0.4675	0.3303
30perc_10flips_Baseline_0	0.9	0.4918	0.0984
30perc_10flips_Baseline_1	0.9	0.5082	0.0984
30perc_10flips	0.9	0.6409	0.0469	0.0094	0.2432	0.5003	0.3273
