Label	trainingSize	SquaredLoss_Mean	Accuracy_Mean	Accuracy_SD	Accuracy_SE	Precision_Mean	Recall_Mean	F1	Accuracy_Median	PriorClass0_Mean	PriorClass0_SD	PriorClass0_SE	ProbabilityEstimate_0given0_Mean 	ProbabilityEstimate_0given0_SD 	ProbabilityEstimate_0given0_SE 	ProbabilityEstimate_1given1_Mean	ProbabilityEstimate_1given1_SD	ProbabilityEstimate_1given1_SE

original	0.9	0.2459	0.6509	0.0641	0.0045	0.7719	0.3963	0.5237	0.6511	0.5277	0.0069	0.0005	0.6462	0.0007	0.0	0.5881	0.0006	0.0
original	0.8	0.2587	0.6339	0.0597	0.0042	0.7508	0.3537	0.4809	0.6351	0.5269	0.0101	0.0007	0.6469	0.001	0.0	0.5889	0.0009	0.0
original	0.35	0.3607	0.5418	0.0452	0.0032	0.5828	0.2017	0.2997	0.5333	0.5295	0.0269	0.0019	0.6455	0.003	0.0	0.5805	0.0033	0.0
original	0.7	0.2759	0.613	0.0531	0.0038	0.7531	0.2959	0.4249	0.6142	0.5269	0.0121	0.0009	0.6463	0.0014	0.0	0.5884	0.0014	0.0
original	0.6	0.2942	0.5953	0.0589	0.0042	0.7372	0.2609	0.3854	0.5889	0.5272	0.0159	0.0011	0.6465	0.0016	0.0	0.5876	0.0018	0.0
original	0.5	0.3216	0.5732	0.0562	0.004	0.7126	0.1906	0.3008	0.5631	0.5295	0.0187	0.0013	0.6463	0.0021	0.0	0.5832	0.0023	0.0
original	0.45	0.3295	0.5682	0.0561	0.004	0.6811	0.2086	0.3194	0.5557	0.5275	0.0213	0.0015	0.6465	0.0023	0.0	0.5854	0.0026	0.0
original	0.4	0.337	0.557	0.0561	0.004	0.6364	0.2581	0.3673	0.5473	0.5233	0.0255	0.0018	0.6376	0.0026	0.0	0.5868	0.003	0.0
original	0.3	0.3801	0.5322	0.0371	0.0026	0.5541	0.1763	0.2674	0.5265	0.5327	0.0296	0.0021	0.649	0.0033	0.0	0.5755	0.0039	0.0
original	0.25	0.3822	0.5264	0.0395	0.0028	0.5296	0.2607	0.3494	0.5263	0.5269	0.0335	0.0024	0.6398	0.0044	0.0	0.583	0.0042	0.0
original	0.2	0.3995	0.5167	0.0338	0.0024	0.4904	0.2658	0.3448	0.522	0.5279	0.0406	0.0029	0.6398	0.0052	0.0	0.5834	0.005	0.0
original	0.1	0.4193	0.5044	0.0278	0.002	0.3773	0.3559	0.3663	0.5214	0.5306	0.0561	0.004	0.6258	0.0092	0.0	0.571	0.0089	0.0
original	0.05	0.42	0.5007	0.0268	0.0019	0.3378	0.4233	0.3758	0.5178	0.5252	0.0885	0.0063	0.5747	0.0141	0.0	0.5387	0.0138	0.0


15perc_2repeat	0.1	0.431	0.5045	0.0279	0.002	0.3566	0.3551	0.3558	0.5197	0.5273	0.0624	0.0044	0.6303	0.009	0.0	0.5652	0.0106	0.0
05perc_5repeat	0.1	0.4237	0.5041	0.0297	0.0021	0.3601	0.3618	0.3609	0.5197	0.5235	0.0584	0.0041	0.6283	0.0088	0.0	0.5641	0.011	0.0
30perc_5repeat	0.1	0.4092	0.5061	0.0285	0.002	0.3486	0.3242	0.3359	0.5215	0.5274	0.0631	0.0045	0.6053	0.0093	0.0	0.5438	0.0098	0.0
15perc_5repeat	0.1	0.4194	0.5057	0.0281	0.002	0.3429	0.3439	0.3434	0.5197	0.5236	0.0627	0.0044	0.6151	0.0094	0.0	0.5548	0.01	0.0
100perc_2repeat	0.05	0.4026	0.5016	0.0278	0.002	0.2862	0.4334	0.3448	0.5187	0.5308	0.0915	0.0065	0.5179	0.0137	0.0	0.4777	0.0122	0.0
90perc_2repeat	0.05	0.4117	0.5036	0.0267	0.0019	0.2813	0.3774	0.3223	0.5213	0.5263	0.082	0.0058	0.5404	0.0136	0.0	0.4834	0.0144	0.0
70perc_2repeat	0.05	0.4173	0.5026	0.0273	0.0019	0.2998	0.3901	0.3391	0.5195	0.5256	0.0896	0.0063	0.5412	0.0148	0.0	0.4878	0.0145	0.0
30perc_2repeat	0.05	0.4308	0.4992	0.0269	0.0019	0.3081	0.4309	0.3593	0.5176	0.5339	0.0896	0.0063	0.5585	0.0165	0.0	0.5088	0.0167	0.0
30perc_10repeat	0.1	0.4091	0.5045	0.0278	0.002	0.3281	0.3664	0.3462	0.5197	0.5301	0.055	0.0039	0.5966	0.008	0.0	0.5352	0.0097	0.0
70perc_5repeat	0.05	0.4127	0.5016	0.0261	0.0018	0.2768	0.3981	0.3266	0.5195	0.5406	0.0805	0.0057	0.5347	0.0149	0.0	0.4705	0.015	0.0
15perc_2repeat	0.05	0.4272	0.5016	0.0263	0.0019	0.3321	0.4092	0.3666	0.5163	0.5279	0.0857	0.0061	0.5777	0.0179	0.0	0.4953	0.0194	0.0
15perc_10repeat	0.1	0.4139	0.5056	0.0287	0.002	0.3229	0.3445	0.3334	0.5197	0.5239	0.0608	0.0043	0.6017	0.0087	0.0	0.5423	0.011	0.0
30perc_5repeat	0.05	0.4345	0.5022	0.0269	0.0019	0.3109	0.4103	0.3538	0.5212	0.525	0.0875	0.0062	0.5481	0.0192	0.0	0.4984	0.018	0.0
100perc_5repeat	0.05	0.3988	0.502	0.0279	0.002	0.2786	0.4015	0.3289	0.5204	0.5245	0.0888	0.0063	0.5128	0.0114	0.0	0.4598	0.0131	0.0
90perc_5repeat	0.05	0.4138	0.4986	0.0276	0.0019	0.2726	0.4407	0.3369	0.5157	0.5223	0.0889	0.0063	0.5222	0.0143	0.0	0.4802	0.0141	0.0
80perc_2repeat	0.05	0.421	0.5038	0.0269	0.0019	0.2893	0.3892	0.3319	0.5213	0.5268	0.0752	0.0053	0.5511	0.0132	0.0	0.5017	0.0151	0.0
15perc_10repeat	0.05	0.4422	0.5042	0.0262	0.0019	0.2999	0.3762	0.3337	0.5212	0.5342	0.0861	0.0061	0.5995	0.0192	0.0	0.5088	0.0219	0.0
80perc_5repeat	0.05	0.4103	0.5035	0.0267	0.0019	0.3022	0.3712	0.3332	0.5195	0.5319	0.0914	0.0065	0.5485	0.0143	0.0	0.4713	0.0145	0.0
40perc_5repeat	0.05	0.4347	0.5053	0.0262	0.0018	0.302	0.3558	0.3267	0.5215	0.5315	0.0841	0.0059	0.5772	0.0164	0.0	0.4813	0.0197	0.0
40perc_10repeat	0.1	0.4133	0.5058	0.0278	0.002	0.304	0.3385	0.3203	0.5215	0.5275	0.0554	0.0039	0.5952	0.008	0.0	0.5243	0.0089	0.0
60perc_10repeat	0.05	0.4225	0.5002	0.0281	0.002	0.3199	0.4372	0.3695	0.5161	0.5174	0.0964	0.0068	0.5288	0.0163	0.0	0.4834	0.0157	0.0
70perc_10repeat	0.05	0.411	0.5049	0.0273	0.0019	0.2793	0.3594	0.3144	0.5229	0.526	0.079	0.0056	0.5435	0.0148	0.0	0.4567	0.0151	0.0
30perc_10repeat	0.05	0.425	0.5025	0.0266	0.0019	0.299	0.3894	0.3382	0.5178	0.5215	0.0867	0.0061	0.53	0.0183	0.0	0.4566	0.0195	0.0
80perc_10repeat	0.05	0.408	0.503	0.0274	0.0019	0.277	0.3779	0.3197	0.5212	0.5218	0.0845	0.006	0.5298	0.0133	0.0	0.4711	0.0129	0.0
50perc_2repeat	0.1	0.4041	0.5048	0.0283	0.002	0.3211	0.3501	0.335	0.5197	0.5239	0.0613	0.0043	0.5822	0.0087	0.0	0.5174	0.0097	0.0
50perc_5repeat	0.1	0.4061	0.506	0.0286	0.002	0.3227	0.3377	0.33	0.5197	0.5306	0.0617	0.0044	0.5919	0.0074	0.0	0.5232	0.0093	0.0
50perc_10repeat	0.1	0.3984	0.5037	0.0302	0.0021	0.3396	0.3742	0.3561	0.5197	0.5233	0.0604	0.0043	0.5804	0.0076	0.0	0.5275	0.0076	0.0
50perc_2repeat	0.05	0.4223	0.5007	0.0275	0.0019	0.3372	0.4368	0.3806	0.5172	0.5176	0.0874	0.0062	0.5311	0.0148	0.0	0.5098	0.0154	0.0
05perc_10repeat	0.05	0.4392	0.5026	0.0269	0.0019	0.3432	0.4003	0.3695	0.5195	0.5223	0.0849	0.006	0.5813	0.0197	0.0	0.5104	0.0219	0.0
05perc_2repeat	0.1	0.4277	0.5051	0.028	0.002	0.3516	0.329	0.34	0.5197	0.5306	0.0643	0.0045	0.6236	0.0105	0.0	0.5507	0.0124	0.0
30perc_2repeat	0.1	0.4112	0.5036	0.0288	0.002	0.3251	0.364	0.3434	0.5188	0.5276	0.0589	0.0042	0.6049	0.0086	0.0	0.5424	0.0098	0.0
40perc_2repeat	0.1	0.4145	0.5038	0.0294	0.0021	0.3493	0.3632	0.3561	0.5197	0.5262	0.06	0.0042	0.5915	0.0094	0.0	0.5483	0.0093	0.0
40perc_5repeat	0.1	0.4131	0.5071	0.0273	0.0019	0.3246	0.3094	0.3168	0.5215	0.5349	0.0545	0.0039	0.6064	0.0077	0.0	0.5303	0.0084	0.0
05perc_2repeat	0.05	0.4339	0.4985	0.0271	0.0019	0.3639	0.4622	0.4072	0.5016	0.515	0.0882	0.0062	0.5847	0.0169	0.0	0.5598	0.018	0.0
40perc_2repeat	0.05	0.4239	0.5019	0.0265	0.0019	0.3285	0.3988	0.3602	0.5187	0.5318	0.0957	0.0068	0.5572	0.0161	0.0	0.5031	0.0164	0.0
05perc_5repeat	0.05	0.4336	0.5002	0.0273	0.0019	0.3227	0.4313	0.3692	0.5149	0.5139	0.0856	0.0061	0.5409	0.021	0.0	0.5025	0.0205	0.0
60perc_2repeat	0.05	0.4308	0.5004	0.0277	0.002	0.3045	0.4464	0.362	0.5195	0.519	0.0778	0.0055	0.5465	0.0154	0.0	0.5267	0.0151	0.0
15perc_5repeat	0.05	0.4366	0.4998	0.0275	0.0019	0.3098	0.4341	0.3616	0.5158	0.5166	0.0941	0.0067	0.5814	0.0205	0.0	0.5378	0.0203	0.0
60perc_5repeat	0.05	0.4213	0.5023	0.0267	0.0019	0.2742	0.3905	0.3222	0.5195	0.5342	0.0953	0.0067	0.5601	0.0151	0.0	0.4546	0.0157	0.0
05perc_10repeat	0.1	0.4203	0.5048	0.0299	0.0021	0.3878	0.3562	0.3713	0.5215	0.5215	0.061	0.0043	0.6092	0.0103	0.0	0.555	0.0111	0.0
50perc_5repeat	0.05	0.4092	0.5005	0.0279	0.002	0.3136	0.4346	0.3643	0.5198	0.5258	0.0765	0.0054	0.5369	0.0141	0.0	0.4744	0.0152	0.0
40perc_10repeat	0.05	0.4221	0.5028	0.0256	0.0018	0.2946	0.3836	0.3333	0.5187	0.5421	0.0846	0.006	0.5268	0.0177	0.0	0.4567	0.0172	0.0
50perc_10repeat	0.05	0.427	0.5007	0.0271	0.0019	0.3296	0.4266	0.3719	0.5178	0.5323	0.087	0.0062	0.5438	0.0161	0.0	0.4841	0.0167	0.0
100perc_10repeat	0.05	0.3946	0.5025	0.0273	0.0019	0.2574	0.3899	0.3101	0.5212	0.5282	0.0811	0.0057	0.5203	0.0111	0.0	0.4423	0.0116	0.0
90perc_10repeat	0.05	0.4067	0.5004	0.0276	0.002	0.2825	0.4268	0.34	0.5178	0.5306	0.0887	0.0063	0.5207	0.0133	0.0	0.4598	0.013	0.0
05perc_2repeat	0.2	0.4063	0.5146	0.0332	0.0023	0.4585	0.2882	0.3539	0.5215	0.5266	0.0392	0.0028	0.6384	0.0052	0.0	0.5777	0.0058	0.0
15perc_2repeat	0.2	0.4015	0.5147	0.0299	0.0021	0.4288	0.2443	0.3113	0.5221	0.5293	0.0409	0.0029	0.6281	0.0052	0.0	0.5653	0.0056	0.0
30perc_2repeat	0.2	0.3911	0.5134	0.0306	0.0022	0.4384	0.2745	0.3376	0.522	0.5299	0.0376	0.0027	0.6181	0.0048	0.0	0.5628	0.0047	0.0
60perc_2repeat	0.1	0.4018	0.5056	0.0297	0.0021	0.328	0.3543	0.3406	0.5211	0.5234	0.0556	0.0039	0.5669	0.0089	0.0	0.5272	0.0087	0.0
05perc_5repeat	0.2	0.4026	0.5133	0.0327	0.0023	0.494	0.308	0.3794	0.524	0.5244	0.0408	0.0029	0.6348	0.005	0.0	0.5832	0.0056	0.0
15perc_5repeat	0.2	0.3946	0.5125	0.0372	0.0026	0.4645	0.3241	0.3818	0.5202	0.5249	0.0404	0.0029	0.6177	0.0055	0.0	0.5708	0.0048	0.0
70perc_2repeat	0.1	0.3991	0.5022	0.0288	0.002	0.3199	0.3922	0.3524	0.5179	0.5219	0.0583	0.0041	0.5766	0.0086	0.0	0.5144	0.009	0.0
30perc_5repeat	0.2	0.3883	0.5166	0.0305	0.0022	0.427	0.2408	0.308	0.5223	0.5287	0.0407	0.0029	0.615	0.0042	0.0	0.5447	0.0053	0.0
60perc_5repeat	0.1	0.4065	0.5007	0.0286	0.002	0.3029	0.413	0.3495	0.5179	0.5233	0.0636	0.0045	0.5723	0.0076	0.0	0.5239	0.0083	0.0
80perc_2repeat	0.1	0.4	0.502	0.0295	0.0021	0.3267	0.3839	0.353	0.5179	0.5268	0.0596	0.0042	0.5715	0.0077	0.0	0.5176	0.0081	0.0
90perc_2repeat	0.1	0.3917	0.5051	0.0279	0.002	0.2731	0.3412	0.3033	0.5197	0.5302	0.058	0.0041	0.5772	0.0078	0.0	0.5068	0.0074	0.0
100perc_2repeat	0.1	0.3867	0.5013	0.03	0.0021	0.3066	0.4007	0.3474	0.5197	0.5209	0.0612	0.0043	0.5494	0.0077	0.0	0.4965	0.0079	0.0
70perc_5repeat	0.1	0.3861	0.5049	0.0278	0.002	0.3115	0.3541	0.3314	0.5197	0.5261	0.0589	0.0042	0.5595	0.0077	0.0	0.5044	0.0073	0.0
60perc_10repeat	0.1	0.3952	0.5046	0.0285	0.002	0.2756	0.347	0.3072	0.5197	0.5306	0.0622	0.0044	0.5776	0.0072	0.0	0.5011	0.0078	0.0
05perc_10repeat	0.2	0.4078	0.5157	0.0349	0.0025	0.4578	0.2779	0.3459	0.5217	0.5276	0.0423	0.003	0.6452	0.0052	0.0	0.5839	0.006	0.0
80perc_5repeat	0.1	0.3869	0.5047	0.0282	0.002	0.2849	0.3401	0.3101	0.5215	0.5276	0.054	0.0038	0.5534	0.0078	0.0	0.491	0.0072	0.0
90perc_5repeat	0.1	0.3832	0.503	0.028	0.002	0.2748	0.3716	0.3159	0.5197	0.5278	0.0617	0.0044	0.5486	0.007	0.0	0.4902	0.0075	0.0
100perc_5repeat	0.1	0.3813	0.5041	0.0278	0.002	0.2206	0.3385	0.2671	0.5197	0.5353	0.0592	0.0042	0.5475	0.0071	0.0	0.471	0.0072	0.0
15perc_10repeat	0.2	0.4014	0.5151	0.0321	0.0023	0.4245	0.2438	0.3097	0.522	0.5299	0.0414	0.0029	0.6287	0.0048	0.0	0.5609	0.0057	0.0
30perc_10repeat	0.2	0.3829	0.5167	0.0316	0.0022	0.4102	0.2539	0.3136	0.523	0.5262	0.0384	0.0027	0.6102	0.0043	0.0	0.5457	0.005	0.0
70perc_10repeat	0.1	0.3844	0.5074	0.0282	0.002	0.2724	0.3157	0.2925	0.5215	0.5302	0.0578	0.0041	0.5621	0.0072	0.0	0.4878	0.0075	0.0
80perc_10repeat	0.1	0.388	0.5042	0.0292	0.0021	0.2763	0.3712	0.3168	0.5197	0.5277	0.0619	0.0044	0.5594	0.007	0.0	0.5018	0.0069	0.0
90perc_10repeat	0.1	0.3747	0.5052	0.0291	0.0021	0.2529	0.3496	0.2935	0.5215	0.5262	0.0566	0.004	0.5376	0.0063	0.0	0.4831	0.0069	0.0
100perc_10repeat	0.1	0.3659	0.5068	0.0277	0.002	0.2325	0.307	0.2646	0.5197	0.5318	0.0622	0.0044	0.5376	0.0068	0.0	0.4603	0.0064	0.0
40perc_2repeat	0.2	0.3836	0.5152	0.0356	0.0025	0.4428	0.2901	0.3506	0.5222	0.5247	0.0413	0.0029	0.6122	0.005	0.0	0.5542	0.0051	0.0
40perc_5repeat	0.2	0.387	0.5153	0.0298	0.0021	0.3644	0.2465	0.2941	0.5216	0.5314	0.0361	0.0026	0.6065	0.0046	0.0	0.5398	0.0047	0.0
50perc_2repeat	0.2	0.3838	0.5176	0.0307	0.0022	0.3625	0.2328	0.2835	0.5222	0.5301	0.0356	0.0025	0.6088	0.0041	0.0	0.5369	0.0049	0.0
50perc_5repeat	0.2	0.3789	0.5137	0.0349	0.0025	0.3817	0.3194	0.3478	0.5217	0.5226	0.0404	0.0029	0.5937	0.0045	0.0	0.5393	0.0046	0.0
40perc_10repeat	0.2	0.3797	0.5136	0.0349	0.0025	0.3766	0.2922	0.3291	0.5202	0.5299	0.0407	0.0029	0.5971	0.0048	0.0	0.5347	0.0051	0.0
05perc_2repeat	0.25	0.3903	0.5211	0.0366	0.0026	0.5059	0.2333	0.3193	0.5209	0.5335	0.0372	0.0026	0.6395	0.0045	0.0	0.5718	0.0045	0.0
15perc_2repeat	0.25	0.3925	0.5203	0.0364	0.0026	0.5036	0.2524	0.3363	0.5236	0.5279	0.0395	0.0028	0.6354	0.0043	0.0	0.5765	0.0046	0.0
05perc_5repeat	0.25	0.3872	0.5248	0.035	0.0025	0.5117	0.2269	0.3144	0.5237	0.531	0.0345	0.0024	0.6414	0.0041	0.0	0.5774	0.0046	0.0
30perc_2repeat	0.25	0.3811	0.5201	0.038	0.0027	0.4577	0.2584	0.3303	0.5221	0.529	0.0374	0.0026	0.6198	0.0044	0.0	0.5549	0.0042	0.0
40perc_2repeat	0.25	0.3714	0.521	0.0369	0.0026	0.4677	0.2337	0.3117	0.5228	0.5274	0.0341	0.0024	0.6096	0.0039	0.0	0.5511	0.0043	0.0
15perc_5repeat	0.25	0.3878	0.5207	0.0352	0.0025	0.5086	0.2467	0.3322	0.5234	0.5298	0.0341	0.0024	0.6333	0.0043	0.0	0.5674	0.0042	0.0
60perc_2repeat	0.2	0.3781	0.5082	0.0328	0.0023	0.3723	0.3466	0.3589	0.5192	0.5247	0.0423	0.003	0.59	0.0047	0.0	0.5338	0.005	0.0
50perc_2repeat	0.25	0.3722	0.5195	0.0348	0.0025	0.4233	0.2491	0.3137	0.5221	0.5289	0.0328	0.0023	0.6037	0.004	0.0	0.5397	0.0043	0.0
30perc_5repeat	0.25	0.3799	0.5192	0.0366	0.0026	0.4468	0.2613	0.3297	0.5226	0.5259	0.0359	0.0025	0.6145	0.0037	0.0	0.553	0.004	0.0
60perc_2repeat	0.25	0.3678	0.5185	0.0384	0.0027	0.4247	0.2934	0.347	0.5223	0.5257	0.035	0.0025	0.5965	0.0041	0.0	0.5443	0.0039	0.0
70perc_2repeat	0.25	0.3554	0.5184	0.0379	0.0027	0.402	0.2838	0.3327	0.5225	0.526	0.0318	0.0022	0.5856	0.0041	0.0	0.5299	0.0037	0.0
40perc_5repeat	0.25	0.3698	0.523	0.0334	0.0024	0.4258	0.218	0.2883	0.5243	0.5302	0.0314	0.0022	0.6092	0.0036	0.0	0.5386	0.004	0.0
70perc_2repeat	0.2	0.3777	0.5137	0.0323	0.0023	0.3577	0.2703	0.3079	0.5212	0.5264	0.0419	0.003	0.5943	0.0043	0.0	0.523	0.0053	0.0
80perc_2repeat	0.25	0.3563	0.5166	0.0363	0.0026	0.3746	0.2749	0.3171	0.5216	0.5245	0.033	0.0023	0.5774	0.0036	0.0	0.5179	0.0041	0.0
50perc_5repeat	0.25	0.3567	0.5208	0.04	0.0028	0.4234	0.2874	0.3424	0.5229	0.5225	0.034	0.0024	0.591	0.0036	0.0	0.5368	0.0038	0.0
05perc_10repeat	0.25	0.3807	0.5271	0.0394	0.0028	0.5655	0.2522	0.3489	0.5291	0.5231	0.0348	0.0025	0.6355	0.0043	0.0	0.5859	0.0043	0.0
60perc_5repeat	0.25	0.3585	0.5193	0.0371	0.0026	0.3434	0.2482	0.2881	0.5209	0.5282	0.0353	0.0025	0.5868	0.0039	0.0	0.5214	0.0038	0.0
80perc_2repeat	0.2	0.3721	0.5162	0.0362	0.0026	0.3305	0.2684	0.2962	0.519	0.5304	0.0455	0.0032	0.5864	0.0045	0.0	0.5179	0.0046	0.0
90perc_2repeat	0.2	0.3598	0.5145	0.029	0.002	0.2859	0.2496	0.2665	0.5204	0.5327	0.0348	0.0025	0.5732	0.0041	0.0	0.5024	0.0047	0.0
60perc_5repeat	0.2	0.366	0.5157	0.0327	0.0023	0.3437	0.2713	0.3033	0.5213	0.5277	0.039	0.0028	0.5862	0.0043	0.0	0.5265	0.0044	0.0
70perc_5repeat	0.25	0.3506	0.5203	0.0386	0.0027	0.3603	0.2449	0.2916	0.5226	0.5266	0.0367	0.0026	0.5728	0.0039	0.0	0.511	0.0036	0.0
15perc_10repeat	0.25	0.384	0.5191	0.0389	0.0028	0.4748	0.2837	0.3552	0.5224	0.5258	0.0374	0.0026	0.6211	0.0041	0.0	0.5638	0.0041	0.0
80perc_5repeat	0.25	0.3457	0.5183	0.0327	0.0023	0.3092	0.2245	0.2601	0.522	0.5305	0.0318	0.0022	0.572	0.0032	0.0	0.5058	0.0034	0.0
30perc_10repeat	0.25	0.3741	0.5185	0.0364	0.0026	0.4677	0.2804	0.3506	0.519	0.5282	0.0356	0.0025	0.611	0.0038	0.0	0.5547	0.0038	0.0
100perc_2repeat	0.2	0.3676	0.5063	0.0323	0.0023	0.2997	0.3241	0.3114	0.5181	0.5247	0.0406	0.0029	0.5602	0.0046	0.0	0.5086	0.0048	0.0
70perc_5repeat	0.2	0.3601	0.5137	0.0375	0.0027	0.3475	0.3218	0.3342	0.5202	0.5255	0.0426	0.003	0.5739	0.004	0.0	0.5197	0.0046	0.0
40perc_10repeat	0.25	0.3737	0.5144	0.0356	0.0025	0.3852	0.2764	0.3219	0.5204	0.5277	0.0379	0.0027	0.5999	0.0038	0.0	0.539	0.004	0.0
90perc_5repeat	0.2	0.3514	0.5107	0.0338	0.0024	0.2794	0.3134	0.2954	0.5202	0.5241	0.0414	0.0029	0.5554	0.0042	0.0	0.4964	0.0044	0.0
80perc_5repeat	0.2	0.3601	0.5151	0.0328	0.0023	0.2765	0.2289	0.2505	0.5202	0.5315	0.0422	0.003	0.5698	0.0043	0.0	0.4963	0.0041	0.0
50perc_10repeat	0.25	0.3557	0.521	0.0389	0.0028	0.4299	0.2757	0.336	0.5226	0.5246	0.0322	0.0023	0.5874	0.0034	0.0	0.5329	0.0036	0.0
60perc_10repeat	0.25	0.3585	0.5237	0.0371	0.0026	0.3483	0.1943	0.2494	0.5226	0.5332	0.0352	0.0025	0.5854	0.0036	0.0	0.5131	0.0037	0.0
50perc_10repeat	0.2	0.375	0.513	0.0327	0.0023	0.3406	0.2768	0.3054	0.5203	0.5278	0.0417	0.0029	0.589	0.0046	0.0	0.5248	0.0042	0.0
60perc_10repeat	0.2	0.363	0.5146	0.0326	0.0023	0.3365	0.254	0.2895	0.5222	0.5251	0.0383	0.0027	0.5774	0.0041	0.0	0.5165	0.0043	0.0
70perc_10repeat	0.25	0.3413	0.5198	0.0353	0.0025	0.3255	0.2155	0.2593	0.5232	0.5288	0.0341	0.0024	0.5697	0.0033	0.0	0.5074	0.0033	0.0
100perc_5repeat	0.2	0.3481	0.5107	0.0319	0.0023	0.2626	0.2801	0.271	0.5202	0.5279	0.0421	0.003	0.5511	0.004	0.0	0.4845	0.0044	0.0
80perc_10repeat	0.25	0.347	0.5143	0.0334	0.0024	0.2636	0.2289	0.245	0.5184	0.532	0.0357	0.0025	0.5637	0.0033	0.0	0.4926	0.0035	0.0
80perc_10repeat	0.2	0.3527	0.5118	0.032	0.0023	0.2869	0.2642	0.2751	0.5202	0.5277	0.0394	0.0028	0.5607	0.0041	0.0	0.4965	0.0041	0.0
70perc_10repeat	0.2	0.3598	0.516	0.0319	0.0023	0.2922	0.225	0.2542	0.5204	0.5325	0.0385	0.0027	0.5743	0.004	0.0	0.5036	0.004	0.0
90perc_10repeat	0.2	0.3398	0.518	0.0263	0.0019	0.2393	0.1733	0.201	0.5222	0.5333	0.0377	0.0027	0.5602	0.0033	0.0	0.4753	0.0035	0.0
100perc_10repeat	0.2	0.3345	0.5065	0.0322	0.0023	0.2674	0.3237	0.2929	0.5181	0.524	0.0398	0.0028	0.5338	0.0039	0.0	0.4803	0.0038	0.0
90perc_2repeat	0.25	0.3587	0.513	0.0368	0.0026	0.3656	0.2962	0.3272	0.5183	0.5259	0.0409	0.0029	0.5741	0.004	0.0	0.5192	0.004	0.0
90perc_5repeat	0.25	0.3407	0.5181	0.0359	0.0025	0.2758	0.2233	0.2468	0.5224	0.5272	0.0356	0.0025	0.5607	0.0033	0.0	0.4923	0.0034	0.0
100perc_2repeat	0.25	0.3454	0.5189	0.0334	0.0024	0.3025	0.1978	0.2391	0.5219	0.5325	0.0346	0.0024	0.5731	0.0036	0.0	0.4948	0.0037	0.0
100perc_5repeat	0.25	0.3333	0.5158	0.0311	0.0022	0.2391	0.2188	0.2285	0.5204	0.5291	0.0342	0.0024	0.5521	0.0032	0.0	0.4796	0.0035	0.0
90perc_10repeat	0.25	0.3373	0.5119	0.0329	0.0023	0.2545	0.2392	0.2466	0.5204	0.529	0.0357	0.0025	0.5529	0.0034	0.0	0.4843	0.0034	0.0
05perc_2repeat	0.3	0.3801	0.5272	0.0388	0.0027	0.5592	0.2635	0.3582	0.5271	0.5264	0.0303	0.0021	0.6422	0.0037	0.0	0.5852	0.0038	0.0
15perc_2repeat	0.3	0.3694	0.5286	0.045	0.0032	0.5338	0.2491	0.3397	0.5248	0.5241	0.032	0.0023	0.6223	0.0039	0.0	0.5705	0.0037	0.0
30perc_2repeat	0.3	0.362	0.5299	0.0407	0.0029	0.4993	0.2404	0.3245	0.5264	0.5265	0.0304	0.0022	0.617	0.0035	0.0	0.5606	0.0036	0.0
40perc_2repeat	0.3	0.3609	0.528	0.0365	0.0026	0.4666	0.2161	0.2954	0.525	0.5285	0.0301	0.0021	0.6152	0.0031	0.0	0.5496	0.0036	0.0
05perc_5repeat	0.3	0.3718	0.5316	0.0409	0.0029	0.5535	0.268	0.3611	0.5262	0.5263	0.0284	0.002	0.6372	0.0032	0.0	0.5804	0.0038	0.0
50perc_2repeat	0.3	0.3604	0.5284	0.0389	0.0028	0.483	0.2036	0.2864	0.5247	0.5297	0.0313	0.0022	0.6114	0.0032	0.0	0.5432	0.0033	0.0
15perc_5repeat	0.3	0.3694	0.5306	0.0441	0.0031	0.5196	0.2635	0.3497	0.5251	0.5273	0.0308	0.0022	0.6262	0.0037	0.0	0.571	0.0038	0.0
60perc_2repeat	0.3	0.3611	0.5247	0.0381	0.0027	0.4414	0.1869	0.2627	0.5246	0.5307	0.0309	0.0022	0.6019	0.0034	0.0	0.5318	0.0033	0.0
30perc_5repeat	0.3	0.3579	0.5328	0.0453	0.0032	0.526	0.252	0.3407	0.5259	0.5253	0.0303	0.0021	0.6152	0.0034	0.0	0.5629	0.0035	0.0
100perc_10repeat	0.25	0.3302	0.5095	0.031	0.0022	0.2405	0.2426	0.2416	0.5183	0.5276	0.0373	0.0026	0.5399	0.0035	0.0	0.476	0.0033	0.0
80perc_2repeat	0.3	0.35	0.5239	0.0362	0.0026	0.4193	0.1893	0.2609	0.5248	0.5273	0.0303	0.0021	0.5875	0.0032	0.0	0.5191	0.0032	0.0
40perc_5repeat	0.3	0.348	0.534	0.0435	0.0031	0.536	0.2192	0.3112	0.5292	0.5236	0.0276	0.002	0.603	0.003	0.0	0.547	0.0031	0.0
50perc_5repeat	0.3	0.3449	0.5313	0.0427	0.003	0.4807	0.2364	0.3169	0.5279	0.5234	0.0299	0.0021	0.593	0.0033	0.0	0.5355	0.0033	0.0
05perc_10repeat	0.3	0.3688	0.5324	0.0421	0.003	0.5677	0.2228	0.32	0.5285	0.5282	0.029	0.0021	0.6329	0.0034	0.0	0.575	0.0034	0.0
70perc_5repeat	0.3	0.3341	0.5298	0.042	0.003	0.3775	0.2095	0.2694	0.5241	0.5265	0.03	0.0021	0.5777	0.0028	0.0	0.5162	0.003	0.0
80perc_5repeat	0.3	0.3316	0.5225	0.041	0.0029	0.3446	0.2383	0.2818	0.5222	0.5243	0.0293	0.0021	0.5641	0.0027	0.0	0.5072	0.0031	0.0
30perc_10repeat	0.3	0.3651	0.5276	0.039	0.0028	0.4841	0.217	0.2997	0.5233	0.5316	0.03	0.0021	0.6171	0.0033	0.0	0.5499	0.0034	0.0
90perc_5repeat	0.3	0.3387	0.517	0.0367	0.0026	0.2743	0.2127	0.2396	0.5207	0.5292	0.0342	0.0024	0.56	0.0031	0.0	0.4944	0.0031	0.0
100perc_5repeat	0.3	0.3295	0.5175	0.0335	0.0024	0.2601	0.186	0.2169	0.5206	0.5297	0.0321	0.0023	0.5524	0.0029	0.0	0.4817	0.003	0.0
15perc_5repeat	0.35	0.3563	0.5378	0.0453	0.0032	0.5931	0.2143	0.3148	0.5312	0.5286	0.0266	0.0019	0.631	0.003	0.0	0.5731	0.003	0.0
50perc_10repeat	0.3	0.3396	0.5328	0.0435	0.0031	0.4457	0.2056	0.2814	0.5275	0.5244	0.0288	0.002	0.5908	0.0029	0.0	0.5305	0.003	0.0
70perc_10repeat	0.3	0.3425	0.5174	0.0351	0.0025	0.3479	0.2355	0.2808	0.5209	0.5262	0.0328	0.0023	0.5696	0.0031	0.0	0.5095	0.0034	0.0
05perc_10repeat	0.35	0.3579	0.5388	0.0458	0.0032	0.6072	0.2504	0.3545	0.5322	0.5266	0.0279	0.002	0.6354	0.0032	0.0	0.5822	0.0032	0.0
100perc_10repeat	0.3	0.3173	0.5129	0.0319	0.0023	0.2455	0.205	0.2234	0.5207	0.5278	0.0313	0.0022	0.5387	0.0028	0.0	0.4759	0.0028	0.0
70perc_2repeat	0.3	0.3548	0.5291	0.0413	0.0029	0.4067	0.1908	0.2598	0.5232	0.5306	0.03	0.0021	0.5989	0.0032	0.0	0.5265	0.0035	0.0
05perc_2repeat	0.35	0.3696	0.5369	0.0457	0.0032	0.6105	0.205	0.3069	0.5297	0.5293	0.029	0.0021	0.6454	0.003	0.0	0.5773	0.0033	0.0
15perc_2repeat	0.35	0.3615	0.5362	0.0449	0.0032	0.5708	0.2354	0.3334	0.5265	0.5279	0.028	0.002	0.6353	0.003	0.0	0.5757	0.0034	0.0
40perc_2repeat	0.35	0.3446	0.5391	0.0422	0.003	0.5484	0.1865	0.2784	0.5317	0.5286	0.0279	0.002	0.6139	0.0029	0.0	0.5516	0.0028	0.0
60perc_5repeat	0.3	0.3535	0.5224	0.0336	0.0024	0.3555	0.1892	0.247	0.5208	0.531	0.0298	0.0021	0.5914	0.0028	0.0	0.5197	0.0031	0.0
100perc_2repeat	0.3	0.3408	0.5235	0.0353	0.0025	0.3194	0.1937	0.2412	0.5209	0.5305	0.0297	0.0021	0.5737	0.0029	0.0	0.5035	0.0031	0.0
90perc_2repeat	0.3	0.3362	0.5281	0.0405	0.0029	0.3949	0.2126	0.2764	0.5253	0.5245	0.0298	0.0021	0.5776	0.0031	0.0	0.5182	0.0029	0.0
30perc_2repeat	0.35	0.3571	0.5362	0.0462	0.0033	0.559	0.2044	0.2994	0.5279	0.5272	0.0288	0.002	0.6227	0.0029	0.0	0.5611	0.0033	0.0
05perc_5repeat	0.35	0.3522	0.546	0.055	0.0039	0.6066	0.2659	0.3698	0.5362	0.5252	0.0285	0.002	0.6351	0.0033	0.0	0.5834	0.0035	0.0
15perc_10repeat	0.3	0.3702	0.5282	0.0424	0.003	0.5427	0.256	0.3479	0.5252	0.529	0.0302	0.0021	0.6254	0.0036	0.0	0.5683	0.0037	0.0
30perc_5repeat	0.35	0.352	0.5383	0.0443	0.0031	0.5321	0.1736	0.2618	0.5267	0.5295	0.0281	0.002	0.6206	0.003	0.0	0.5481	0.003	0.0
40perc_10repeat	0.3	0.3514	0.5335	0.0437	0.0031	0.4689	0.1906	0.271	0.5247	0.5303	0.0323	0.0023	0.6066	0.003	0.0	0.5377	0.0033	0.0
60perc_10repeat	0.3	0.3522	0.5182	0.0394	0.0028	0.3549	0.2447	0.2897	0.5205	0.5277	0.0321	0.0023	0.5788	0.0032	0.0	0.5159	0.0034	0.0
40perc_5repeat	0.35	0.3385	0.5404	0.0487	0.0034	0.5204	0.2072	0.2963	0.5291	0.5306	0.0278	0.002	0.6046	0.0027	0.0	0.5417	0.0031	0.0
80perc_10repeat	0.3	0.3297	0.5217	0.0365	0.0026	0.2863	0.2128	0.2441	0.523	0.5264	0.029	0.002	0.5607	0.0027	0.0	0.497	0.0028	0.0
50perc_2repeat	0.35	0.3468	0.5335	0.0472	0.0033	0.5207	0.2395	0.3281	0.5291	0.5262	0.027	0.0019	0.6023	0.0032	0.0	0.5464	0.003	0.0
90perc_10repeat	0.3	0.3253	0.5204	0.0363	0.0026	0.2568	0.2095	0.2308	0.5207	0.527	0.0302	0.0021	0.5515	0.0029	0.0	0.4882	0.0028	0.0
60perc_2repeat	0.35	0.3398	0.5341	0.05	0.0035	0.4901	0.2732	0.3509	0.5269	0.5232	0.0285	0.002	0.5966	0.0029	0.0	0.5447	0.0029	0.0
15perc_10repeat	0.35	0.342	0.5499	0.0472	0.0033	0.6093	0.2154	0.3183	0.5386	0.5264	0.0249	0.0018	0.6281	0.0029	0.0	0.5729	0.0032	0.0
70perc_2repeat	0.35	0.3423	0.5337	0.0451	0.0032	0.4313	0.2152	0.2871	0.5235	0.5297	0.0264	0.0019	0.5949	0.0027	0.0	0.5278	0.003	0.0
80perc_2repeat	0.35	0.3386	0.5312	0.0464	0.0033	0.4119	0.2103	0.2784	0.5233	0.5279	0.0288	0.002	0.5867	0.0028	0.0	0.5214	0.0031	0.0
60perc_5repeat	0.35	0.33	0.5355	0.0472	0.0033	0.4537	0.2616	0.3319	0.5264	0.5253	0.0281	0.002	0.5864	0.0028	0.0	0.5303	0.0029	0.0
40perc_10repeat	0.35	0.3466	0.5352	0.049	0.0035	0.4921	0.2281	0.3117	0.5278	0.5259	0.0284	0.002	0.6024	0.0029	0.0	0.5398	0.0032	0.0
30perc_10repeat	0.35	0.3409	0.5441	0.0541	0.0038	0.5585	0.2503	0.3457	0.5304	0.5239	0.0272	0.0019	0.6126	0.0029	0.0	0.557	0.0029	0.0
90perc_2repeat	0.35	0.3258	0.5305	0.04	0.0028	0.4395	0.1924	0.2677	0.5264	0.5267	0.0263	0.0019	0.5758	0.0025	0.0	0.5177	0.0027	0.0
70perc_5repeat	0.35	0.3251	0.5345	0.046	0.0033	0.4092	0.2087	0.2764	0.526	0.5273	0.0258	0.0018	0.5762	0.0024	0.0	0.5143	0.0028	0.0
50perc_10repeat	0.35	0.3358	0.5351	0.0429	0.003	0.4736	0.1955	0.2768	0.5265	0.5264	0.027	0.0019	0.593	0.0024	0.0	0.5304	0.0028	0.0
05perc_2repeat	0.4	0.3421	0.5571	0.0571	0.004	0.645	0.2391	0.3489	0.5423	0.5272	0.0252	0.0018	0.6393	0.0029	0.0	0.5841	0.0029	0.0
100perc_2repeat	0.35	0.3295	0.5256	0.0414	0.0029	0.3553	0.184	0.2425	0.5242	0.5277	0.0274	0.0019	0.5695	0.0028	0.0	0.5049	0.0027	0.0
80perc_5repeat	0.35	0.3264	0.5299	0.0364	0.0026	0.3679	0.1417	0.2046	0.5267	0.529	0.0256	0.0018	0.5731	0.0025	0.0	0.5028	0.0026	0.0
50perc_5repeat	0.35	0.3441	0.5395	0.0455	0.0032	0.4732	0.1721	0.2524	0.526	0.5312	0.0272	0.0019	0.6029	0.0028	0.0	0.5327	0.0028	0.0
15perc_2repeat	0.4	0.3498	0.5462	0.0522	0.0037	0.6209	0.2308	0.3366	0.5324	0.5283	0.0254	0.0018	0.6356	0.0029	0.0	0.5745	0.003	0.0
90perc_5repeat	0.35	0.324	0.5223	0.0375	0.0027	0.3017	0.2012	0.2414	0.5215	0.5287	0.0274	0.0019	0.5579	0.0026	0.0	0.4955	0.0027	0.0
60perc_10repeat	0.35	0.3302	0.5339	0.0445	0.0031	0.4354	0.1951	0.2695	0.5255	0.528	0.0276	0.0019	0.5815	0.0025	0.0	0.5199	0.0027	0.0
100perc_5repeat	0.35	0.3225	0.5173	0.0348	0.0025	0.2553	0.1768	0.2089	0.5211	0.5276	0.0278	0.002	0.55	0.0027	0.0	0.4847	0.0026	0.0
05perc_5repeat	0.4	0.3416	0.5543	0.0498	0.0035	0.6418	0.2286	0.3371	0.5457	0.5284	0.0246	0.0017	0.6406	0.0025	0.0	0.5854	0.0028	0.0
70perc_10repeat	0.35	0.3302	0.5267	0.0377	0.0027	0.3737	0.1687	0.2325	0.5239	0.528	0.027	0.0019	0.5729	0.0025	0.0	0.5076	0.0026	0.0
15perc_5repeat	0.4	0.3449	0.5473	0.0493	0.0035	0.6006	0.2002	0.3003	0.5381	0.5288	0.0233	0.0016	0.6314	0.0027	0.0	0.5718	0.003	0.0
30perc_2repeat	0.4	0.3448	0.5442	0.0474	0.0033	0.5783	0.1742	0.2677	0.5347	0.5297	0.0238	0.0017	0.6249	0.0027	0.0	0.5567	0.0026	0.0
80perc_10repeat	0.35	0.3136	0.5282	0.0406	0.0029	0.3637	0.205	0.2622	0.5259	0.5257	0.0251	0.0018	0.5573	0.0024	0.0	0.5021	0.0024	0.0
90perc_10repeat	0.35	0.3204	0.5198	0.0304	0.0022	0.2536	0.1486	0.1874	0.5233	0.5296	0.0267	0.0019	0.5536	0.0023	0.0	0.4845	0.0024	0.0
30perc_5repeat	0.4	0.3397	0.543	0.0481	0.0034	0.6028	0.1827	0.2804	0.5365	0.5274	0.025	0.0018	0.6158	0.0026	0.0	0.5537	0.0025	0.0
100perc_10repeat	0.35	0.3204	0.5167	0.0298	0.0021	0.2276	0.1525	0.1827	0.5212	0.5274	0.0266	0.0019	0.543	0.0024	0.0	0.4747	0.0024	0.0
05perc_10repeat	0.4	0.3375	0.5613	0.055	0.0039	0.6513	0.2047	0.3114	0.5509	0.5259	0.0241	0.0017	0.6425	0.0027	0.0	0.5825	0.0028	0.0
15perc_10repeat	0.4	0.3396	0.5491	0.0514	0.0036	0.6198	0.2291	0.3346	0.5375	0.5269	0.0246	0.0017	0.6259	0.0026	0.0	0.568	0.0027	0.0
100perc_2repeat	0.4	0.3228	0.5266	0.04	0.0028	0.3606	0.1862	0.2456	0.524	0.5272	0.025	0.0018	0.5676	0.0024	0.0	0.5054	0.0025	0.0
90perc_5repeat	0.4	0.3115	0.5306	0.0382	0.0027	0.3365	0.1674	0.2235	0.5255	0.5255	0.0235	0.0017	0.5592	0.0022	0.0	0.4973	0.0022	0.0
15perc_2repeat	0.45	0.3293	0.5622	0.0538	0.0038	0.6534	0.2049	0.312	0.5511	0.5302	0.0226	0.0016	0.6353	0.0026	0.0	0.5716	0.0024	0.0
30perc_2repeat	0.45	0.3313	0.5546	0.0566	0.004	0.6356	0.1987	0.3027	0.542	0.528	0.0229	0.0016	0.6215	0.0024	0.0	0.5579	0.0025	0.0
80perc_2repeat	0.4	0.3283	0.5397	0.0441	0.0031	0.4465	0.1373	0.2101	0.5291	0.5317	0.0229	0.0016	0.5888	0.0023	0.0	0.5177	0.0025	0.0
40perc_2repeat	0.4	0.3388	0.5478	0.0535	0.0038	0.5605	0.2009	0.2957	0.5351	0.5273	0.0254	0.0018	0.6185	0.0026	0.0	0.5534	0.0029	0.0
40perc_2repeat	0.45	0.3273	0.553	0.0525	0.0037	0.5961	0.1848	0.2821	0.5358	0.5282	0.0223	0.0016	0.6154	0.0022	0.0	0.5504	0.0024	0.0
40perc_10repeat	0.4	0.3312	0.5466	0.0536	0.0038	0.5392	0.1985	0.2902	0.5317	0.5274	0.0249	0.0018	0.6034	0.0025	0.0	0.543	0.0025	0.0
100perc_5repeat	0.4	0.3101	0.5268	0.0369	0.0026	0.2916	0.2058	0.2413	0.5244	0.5254	0.0228	0.0016	0.5474	0.0021	0.0	0.4888	0.0024	0.0
15perc_5repeat	0.45	0.3272	0.5589	0.0508	0.0036	0.6556	0.2074	0.3151	0.5483	0.5279	0.0208	0.0015	0.6279	0.0025	0.0	0.5681	0.0024	0.0
50perc_2repeat	0.4	0.3376	0.5415	0.0451	0.0032	0.534	0.1729	0.2612	0.5296	0.5292	0.0241	0.0017	0.6098	0.0025	0.0	0.5418	0.0025	0.0
50perc_2repeat	0.45	0.3212	0.5496	0.0483	0.0034	0.6044	0.2128	0.3147	0.5357	0.5262	0.0214	0.0015	0.6056	0.0025	0.0	0.5475	0.0023	0.0
05perc_2repeat	0.45	0.326	0.5696	0.0607	0.0043	0.6828	0.2252	0.3387	0.5528	0.5275	0.0218	0.0015	0.6425	0.0023	0.0	0.5865	0.0027	0.0
30perc_5repeat	0.45	0.3223	0.5587	0.0554	0.0039	0.6243	0.1865	0.2872	0.5418	0.5261	0.0217	0.0015	0.6168	0.0021	0.0	0.5539	0.0022	0.0
60perc_2repeat	0.4	0.3253	0.5481	0.05	0.0035	0.5601	0.1999	0.2946	0.5333	0.5276	0.0231	0.0016	0.5995	0.0024	0.0	0.5404	0.0023	0.0
40perc_5repeat	0.45	0.3242	0.553	0.0523	0.0037	0.5902	0.1753	0.2703	0.5366	0.5283	0.0219	0.0015	0.6095	0.0023	0.0	0.5441	0.0022	0.0
60perc_2repeat	0.45	0.3303	0.5434	0.0495	0.0035	0.5371	0.1569	0.2428	0.5296	0.5311	0.0227	0.0016	0.6042	0.0022	0.0	0.5345	0.0023	0.0
40perc_5repeat	0.4	0.3399	0.5372	0.0473	0.0033	0.5362	0.1972	0.2884	0.5277	0.5272	0.0248	0.0018	0.6073	0.0026	0.0	0.5461	0.0025	0.0
70perc_2repeat	0.45	0.3155	0.5504	0.0541	0.0038	0.537	0.1939	0.2849	0.5359	0.5265	0.0226	0.0016	0.5916	0.0022	0.0	0.5299	0.0023	0.0
50perc_5repeat	0.45	0.3235	0.5449	0.0518	0.0037	0.5564	0.1888	0.282	0.5306	0.5282	0.0235	0.0017	0.5978	0.0023	0.0	0.5355	0.0022	0.0
100perc_10repeat	0.4	0.3168	0.5164	0.031	0.0022	0.2242	0.1522	0.1813	0.5215	0.5286	0.0264	0.0019	0.5427	0.0023	0.0	0.476	0.0024	0.0
50perc_5repeat	0.4	0.3219	0.5451	0.0528	0.0037	0.5427	0.2183	0.3114	0.5325	0.5261	0.0231	0.0016	0.5932	0.0025	0.0	0.5367	0.0025	0.0
05perc_10repeat	0.45	0.3343	0.5606	0.058	0.0041	0.6654	0.2419	0.3548	0.5425	0.5282	0.0234	0.0017	0.6392	0.0024	0.0	0.583	0.0028	0.0
60perc_5repeat	0.45	0.3181	0.544	0.0491	0.0035	0.5146	0.1663	0.2513	0.5294	0.5265	0.0208	0.0015	0.589	0.002	0.0	0.5261	0.0021	0.0
80perc_2repeat	0.45	0.3194	0.5426	0.0507	0.0036	0.4618	0.1868	0.266	0.5276	0.5266	0.0237	0.0017	0.5859	0.0022	0.0	0.5227	0.0023	0.0
70perc_2repeat	0.4	0.3302	0.5368	0.045	0.0032	0.4814	0.1832	0.2654	0.526	0.5283	0.025	0.0018	0.5939	0.0023	0.0	0.5311	0.0024	0.0
15perc_10repeat	0.45	0.3292	0.5598	0.0546	0.0039	0.6509	0.1872	0.2908	0.5469	0.5279	0.0226	0.0016	0.6309	0.0023	0.0	0.5675	0.0024	0.0
60perc_5repeat	0.4	0.3136	0.5484	0.0477	0.0034	0.5176	0.1854	0.273	0.5353	0.5257	0.0225	0.0016	0.5868	0.0022	0.0	0.5284	0.0021	0.0
80perc_10repeat	0.4	0.316	0.5327	0.0426	0.003	0.3548	0.1416	0.2024	0.5256	0.5286	0.024	0.0017	0.563	0.0021	0.0	0.4981	0.0021	0.0
90perc_2repeat	0.4	0.3224	0.5365	0.0448	0.0032	0.4011	0.1734	0.2421	0.5269	0.5287	0.0242	0.0017	0.5776	0.0024	0.0	0.5098	0.0027	0.0
70perc_5repeat	0.45	0.3233	0.5365	0.0529	0.0037	0.4409	0.2072	0.2819	0.5229	0.5275	0.0246	0.0017	0.5804	0.0024	0.0	0.5182	0.0023	0.0
40perc_10repeat	0.45	0.3214	0.5473	0.0533	0.0038	0.5935	0.2004	0.2997	0.5329	0.5272	0.0224	0.0016	0.6011	0.0023	0.0	0.5435	0.0022	0.0
30perc_10repeat	0.4	0.334	0.5475	0.05	0.0035	0.5857	0.2041	0.3027	0.5361	0.5276	0.0245	0.0017	0.6125	0.0025	0.0	0.5515	0.0026	0.0
50perc_10repeat	0.45	0.3246	0.5438	0.0524	0.0037	0.5397	0.1787	0.2685	0.5311	0.5285	0.0236	0.0017	0.5947	0.0022	0.0	0.5319	0.0023	0.0
70perc_5repeat	0.4	0.3191	0.5389	0.0435	0.0031	0.4211	0.1591	0.231	0.5271	0.5276	0.0227	0.0016	0.5786	0.002	0.0	0.516	0.0024	0.0
60perc_10repeat	0.45	0.3144	0.5456	0.0494	0.0035	0.4793	0.1573	0.2369	0.5281	0.5293	0.0216	0.0015	0.5846	0.0021	0.0	0.5208	0.0021	0.0
80perc_5repeat	0.45	0.3131	0.5365	0.0461	0.0033	0.3892	0.1461	0.2125	0.5256	0.527	0.0212	0.0015	0.5703	0.002	0.0	0.5061	0.002	0.0
80perc_5repeat	0.4	0.3219	0.5284	0.0423	0.003	0.365	0.1864	0.2468	0.5225	0.5285	0.0248	0.0018	0.5691	0.0024	0.0	0.5049	0.0025	0.0
50perc_10repeat	0.4	0.3257	0.5426	0.0492	0.0035	0.5291	0.2026	0.293	0.5318	0.5256	0.0247	0.0017	0.5939	0.0023	0.0	0.5336	0.0024	0.0
60perc_10repeat	0.4	0.3254	0.5359	0.0434	0.0031	0.4573	0.1785	0.2568	0.5252	0.5286	0.0227	0.0016	0.5837	0.0024	0.0	0.5197	0.0023	0.0
70perc_10repeat	0.45	0.3129	0.5413	0.0458	0.0032	0.4242	0.1481	0.2195	0.5281	0.5276	0.0207	0.0015	0.5734	0.0019	0.0	0.5093	0.002	0.0
05perc_5repeat	0.45	0.3297	0.5633	0.0572	0.004	0.6741	0.2295	0.3424	0.5493	0.5273	0.0225	0.0016	0.6403	0.0025	0.0	0.584	0.0025	0.0
30perc_10repeat	0.45	0.3169	0.5612	0.0564	0.004	0.6286	0.2111	0.3161	0.5457	0.5266	0.0212	0.0015	0.6133	0.0021	0.0	0.555	0.0023	0.0
70perc_10repeat	0.4	0.3209	0.5333	0.0407	0.0029	0.4006	0.1419	0.2095	0.5283	0.5289	0.0232	0.0016	0.5727	0.0021	0.0	0.5063	0.0022	0.0
90perc_10repeat	0.4	0.3148	0.5223	0.0397	0.0028	0.2784	0.1908	0.2264	0.5241	0.5253	0.0255	0.0018	0.5481	0.0024	0.0	0.49	0.0024	0.0
90perc_2repeat	0.45	0.3152	0.5427	0.046	0.0033	0.4231	0.1446	0.2156	0.5262	0.5269	0.0219	0.0015	0.5787	0.0019	0.0	0.5123	0.0022	0.0
30perc_2repeat	0.5	0.3192	0.5627	0.0541	0.0038	0.6703	0.1929	0.2995	0.5513	0.5285	0.02	0.0014	0.6245	0.002	0.0	0.5626	0.0022	0.0
90perc_5repeat	0.45	0.3072	0.5347	0.039	0.0028	0.3539	0.14	0.2007	0.5285	0.5254	0.0209	0.0015	0.56	0.002	0.0	0.4959	0.002	0.0
40perc_2repeat	0.5	0.3134	0.561	0.0568	0.004	0.6321	0.2184	0.3247	0.5471	0.5268	0.0205	0.0014	0.6142	0.0021	0.0	0.5563	0.0023	0.0
05perc_5repeat	0.5	0.3188	0.5719	0.0575	0.0041	0.704	0.2097	0.3231	0.5582	0.5294	0.0189	0.0013	0.6399	0.0021	0.0	0.5781	0.0021	0.0
100perc_2repeat	0.45	0.322	0.534	0.0427	0.003	0.3761	0.1136	0.1745	0.5251	0.5293	0.0198	0.0014	0.5754	0.0021	0.0	0.5038	0.002	0.0
05perc_2repeat	0.5	0.3154	0.576	0.059	0.0042	0.6847	0.2508	0.3671	0.5721	0.5261	0.0203	0.0014	0.64	0.0022	0.0	0.5844	0.0024	0.0
50perc_2repeat	0.5	0.313	0.5589	0.0505	0.0036	0.6596	0.1524	0.2476	0.5438	0.5288	0.0169	0.0012	0.6089	0.0019	0.0	0.5458	0.002	0.0
15perc_5repeat	0.5	0.3182	0.5671	0.0574	0.0041	0.6847	0.227	0.341	0.5558	0.5291	0.0213	0.0015	0.6302	0.0022	0.0	0.5715	0.0023	0.0
60perc_2repeat	0.5	0.314	0.5543	0.0567	0.004	0.6089	0.1949	0.2953	0.54	0.526	0.0214	0.0015	0.5981	0.0021	0.0	0.5385	0.0022	0.0
80perc_10repeat	0.45	0.3153	0.5301	0.0401	0.0028	0.3387	0.125	0.1826	0.5252	0.5273	0.0212	0.0015	0.5636	0.002	0.0	0.4984	0.0018	0.0
90perc_10repeat	0.45	0.3175	0.5238	0.0376	0.0027	0.2557	0.1485	0.1879	0.5221	0.5272	0.0229	0.0016	0.5528	0.0021	0.0	0.4878	0.0021	0.0
50perc_5repeat	0.5	0.2983	0.5647	0.0546	0.0039	0.6683	0.1708	0.2721	0.5537	0.5267	0.0179	0.0013	0.5952	0.0017	0.0	0.5399	0.0017	0.0
90perc_2repeat	0.5	0.3032	0.5489	0.0538	0.0038	0.5337	0.1642	0.2511	0.5331	0.5264	0.02	0.0014	0.576	0.0019	0.0	0.5177	0.0019	0.0
60perc_5repeat	0.5	0.3133	0.5492	0.0534	0.0038	0.5373	0.1526	0.2377	0.5351	0.5284	0.0214	0.0015	0.5914	0.002	0.0	0.5246	0.0019	0.0
100perc_10repeat	0.45	0.313	0.5188	0.0301	0.0021	0.2056	0.101	0.1355	0.522	0.5284	0.0215	0.0015	0.5434	0.0018	0.0	0.4754	0.0018	0.0
70perc_5repeat	0.5	0.3056	0.5441	0.0464	0.0033	0.4938	0.1535	0.2342	0.5328	0.5276	0.019	0.0013	0.5779	0.0019	0.0	0.5173	0.0019	0.0
05perc_10repeat	0.5	0.3143	0.577	0.0616	0.0044	0.7107	0.2469	0.3665	0.5679	0.5263	0.0215	0.0015	0.6399	0.0021	0.0	0.5845	0.0023	0.0
15perc_2repeat	0.6	0.2999	0.586	0.0585	0.0041	0.7358	0.2329	0.3538	0.5792	0.5279	0.0155	0.0011	0.6354	0.0017	0.0	0.5738	0.0018	0.0
30perc_10repeat	0.5	0.3179	0.561	0.055	0.0039	0.6726	0.1792	0.283	0.5434	0.5292	0.0188	0.0013	0.6167	0.002	0.0	0.5531	0.002	0.0
80perc_2repeat	0.5	0.3219	0.5396	0.0476	0.0034	0.487	0.124	0.1977	0.5255	0.5304	0.0202	0.0014	0.5887	0.002	0.0	0.5173	0.002	0.0
40perc_10repeat	0.5	0.311	0.5583	0.0588	0.0042	0.6174	0.1943	0.2956	0.5445	0.5276	0.0205	0.0014	0.6019	0.002	0.0	0.5421	0.0021	0.0
15perc_2repeat	0.5	0.3106	0.5756	0.0577	0.0041	0.6941	0.227	0.3421	0.5677	0.5255	0.0196	0.0014	0.6315	0.0019	0.0	0.5746	0.0023	0.0
100perc_5repeat	0.5	0.3052	0.5297	0.0367	0.0026	0.2766	0.1081	0.1555	0.5261	0.5273	0.0183	0.0013	0.5505	0.0017	0.0	0.4859	0.0019	0.0
60perc_10repeat	0.5	0.3041	0.5513	0.0565	0.004	0.5485	0.1725	0.2625	0.5362	0.5257	0.0201	0.0014	0.5808	0.0019	0.0	0.5227	0.0019	0.0
15perc_10repeat	0.5	0.3201	0.5669	0.0586	0.0041	0.6951	0.1916	0.3004	0.5606	0.5287	0.0209	0.0015	0.6301	0.0021	0.0	0.5676	0.0021	0.0
80perc_10repeat	0.5	0.3071	0.5363	0.048	0.0034	0.3651	0.1645	0.2268	0.5266	0.5263	0.0216	0.0015	0.5609	0.0019	0.0	0.5003	0.0019	0.0
05perc_2repeat	0.6	0.2965	0.5912	0.0586	0.0041	0.7428	0.2448	0.3683	0.5828	0.5285	0.0159	0.0011	0.6418	0.0016	0.0	0.5827	0.0019	0.0
90perc_10repeat	0.5	0.3069	0.5339	0.044	0.0031	0.2769	0.1331	0.1798	0.5256	0.5281	0.0217	0.0015	0.5517	0.0019	0.0	0.4873	0.0019	0.0
100perc_5repeat	0.45	0.3201	0.5149	0.0359	0.0025	0.2328	0.1629	0.1917	0.5191	0.5287	0.0249	0.0018	0.5505	0.0023	0.0	0.4839	0.0023	0.0
70perc_2repeat	0.5	0.3111	0.5545	0.0554	0.0039	0.5507	0.1773	0.2682	0.5385	0.5274	0.0196	0.0014	0.5933	0.0019	0.0	0.5309	0.002	0.0
30perc_5repeat	0.5	0.3208	0.5594	0.0505	0.0036	0.684	0.1558	0.2538	0.549	0.5302	0.0174	0.0012	0.6213	0.0019	0.0	0.5554	0.0019	0.0
100perc_10repeat	0.5	0.3052	0.5237	0.0311	0.0022	0.2255	0.0907	0.1294	0.5257	0.5271	0.019	0.0013	0.5419	0.0017	0.0	0.477	0.0017	0.0
40perc_5repeat	0.5	0.3084	0.5663	0.0608	0.0043	0.6411	0.2061	0.3119	0.5529	0.5268	0.0202	0.0014	0.6081	0.002	0.0	0.549	0.0021	0.0
100perc_2repeat	0.5	0.3057	0.5378	0.0454	0.0032	0.4265	0.1307	0.2001	0.5291	0.5254	0.0187	0.0013	0.5675	0.0018	0.0	0.5058	0.0019	0.0
30perc_2repeat	0.6	0.2849	0.5961	0.0644	0.0046	0.7189	0.2613	0.3832	0.595	0.5246	0.0168	0.0012	0.6201	0.0018	0.0	0.5648	0.0017	0.0
40perc_2repeat	0.6	0.2902	0.5823	0.0616	0.0044	0.6991	0.2174	0.3316	0.5748	0.5259	0.0163	0.0011	0.6141	0.0016	0.0	0.5556	0.0018	0.0
05perc_5repeat	0.6	0.2915	0.5959	0.056	0.004	0.7407	0.255	0.3794	0.5931	0.526	0.0148	0.001	0.6398	0.0017	0.0	0.5822	0.0017	0.0
50perc_2repeat	0.6	0.2975	0.5717	0.0582	0.0041	0.6832	0.201	0.3106	0.5646	0.5268	0.0164	0.0012	0.608	0.0016	0.0	0.5474	0.0018	0.0
60perc_2repeat	0.6	0.2969	0.5663	0.0616	0.0044	0.658	0.1682	0.2679	0.5502	0.5285	0.0151	0.0011	0.5998	0.0015	0.0	0.5374	0.0017	0.0
80perc_5repeat	0.5	0.3069	0.5394	0.0416	0.0029	0.3992	0.1011	0.1613	0.5263	0.5288	0.0177	0.0013	0.5711	0.0016	0.0	0.5057	0.0017	0.0
90perc_5repeat	0.5	0.3004	0.5414	0.0461	0.0033	0.3767	0.116	0.1774	0.5289	0.5265	0.0191	0.0013	0.5606	0.0017	0.0	0.4988	0.0018	0.0
15perc_5repeat	0.6	0.2941	0.5902	0.0613	0.0043	0.7284	0.2607	0.384	0.5817	0.5274	0.0162	0.0011	0.6308	0.0018	0.0	0.5744	0.0019	0.0
70perc_2repeat	0.6	0.2929	0.5665	0.0618	0.0044	0.6139	0.1838	0.283	0.5535	0.5266	0.0169	0.0012	0.5909	0.0016	0.0	0.5314	0.0017	0.0
40perc_5repeat	0.6	0.2951	0.5762	0.0659	0.0047	0.7039	0.1966	0.3074	0.5609	0.5282	0.0165	0.0012	0.6069	0.0016	0.0	0.5457	0.0016	0.0
80perc_2repeat	0.6	0.3072	0.5466	0.0509	0.0036	0.5697	0.1251	0.2051	0.5341	0.5286	0.0164	0.0012	0.5885	0.0015	0.0	0.5202	0.0017	0.0
60perc_5repeat	0.6	0.2938	0.5602	0.0592	0.0042	0.5978	0.1604	0.2529	0.546	0.5272	0.0173	0.0012	0.5869	0.0015	0.0	0.526	0.0016	0.0
50perc_10repeat	0.5	0.3051	0.5604	0.0562	0.004	0.6004	0.179	0.2757	0.5424	0.5266	0.0186	0.0013	0.5939	0.0018	0.0	0.5354	0.0019	0.0
15perc_10repeat	0.6	0.2972	0.5849	0.0633	0.0045	0.7281	0.2383	0.3591	0.5794	0.527	0.0183	0.0013	0.6312	0.0017	0.0	0.5716	0.0018	0.0
30perc_10repeat	0.6	0.2946	0.5786	0.0576	0.0041	0.7112	0.2104	0.3247	0.5731	0.527	0.0155	0.0011	0.6142	0.0016	0.0	0.5541	0.0016	0.0
90perc_2repeat	0.6	0.3039	0.5434	0.0497	0.0035	0.4956	0.1073	0.1764	0.5335	0.5292	0.0159	0.0011	0.5801	0.0016	0.0	0.5122	0.0016	0.0
30perc_5repeat	0.6	0.2983	0.5731	0.0582	0.0041	0.7257	0.1884	0.2991	0.5633	0.5293	0.0148	0.001	0.6176	0.0016	0.0	0.555	0.0016	0.0
70perc_10repeat	0.5	0.3108	0.5426	0.0501	0.0035	0.4245	0.1347	0.2045	0.5239	0.5296	0.0205	0.0014	0.5751	0.002	0.0	0.508	0.0018	0.0
100perc_2repeat	0.6	0.2968	0.5451	0.0539	0.0038	0.4756	0.1201	0.1918	0.5323	0.5273	0.0164	0.0012	0.5696	0.0015	0.0	0.5082	0.0017	0.0
70perc_5repeat	0.6	0.2931	0.5552	0.0542	0.0038	0.5699	0.1369	0.2207	0.5394	0.5269	0.015	0.0011	0.5786	0.0014	0.0	0.5184	0.0015	0.0
50perc_5repeat	0.6	0.2927	0.5712	0.0601	0.0043	0.6559	0.1964	0.3023	0.559	0.5265	0.0157	0.0011	0.5981	0.0016	0.0	0.5394	0.0016	0.0
40perc_10repeat	0.6	0.3013	0.5644	0.0561	0.004	0.6621	0.1588	0.2561	0.5554	0.5288	0.0162	0.0011	0.6057	0.0015	0.0	0.5395	0.0017	0.0
80perc_5repeat	0.6	0.2963	0.5451	0.0529	0.0037	0.4556	0.1196	0.1894	0.5338	0.5267	0.0171	0.0012	0.5687	0.0016	0.0	0.5061	0.0016	0.0
05perc_10repeat	0.6	0.2921	0.5951	0.0569	0.004	0.7483	0.2408	0.3644	0.5937	0.5274	0.0145	0.001	0.6378	0.0017	0.0	0.5786	0.0017	0.0
90perc_5repeat	0.6	0.3017	0.5385	0.0509	0.0036	0.3339	0.1092	0.1645	0.5248	0.5285	0.0168	0.0012	0.5603	0.0016	0.0	0.495	0.0016	0.0
30perc_2repeat	0.7	0.2833	0.5948	0.0673	0.0048	0.7553	0.2441	0.369	0.5945	0.5289	0.0136	0.001	0.6254	0.0014	0.0	0.5631	0.0014	0.0
05perc_5repeat	0.7	0.2784	0.6089	0.0623	0.0044	0.75	0.3023	0.4309	0.6199	0.5277	0.0145	0.001	0.6423	0.0013	0.0	0.5843	0.0015	0.0
60perc_10repeat	0.6	0.3025	0.5509	0.0581	0.0041	0.5392	0.1304	0.21	0.5373	0.5293	0.0174	0.0012	0.5866	0.0016	0.0	0.5201	0.0016	0.0
15perc_2repeat	0.7	0.2798	0.6038	0.0641	0.0045	0.7456	0.2787	0.4057	0.6009	0.5281	0.0132	0.0009	0.6339	0.0014	0.0	0.5753	0.0016	0.0
05perc_2repeat	0.7	0.2768	0.6118	0.061	0.0043	0.7535	0.298	0.427	0.6154	0.5284	0.0127	0.0009	0.6424	0.0014	0.0	0.5836	0.0014	0.0
15perc_5repeat	0.7	0.2833	0.5973	0.0619	0.0044	0.759	0.2534	0.3799	0.5998	0.529	0.0134	0.001	0.6334	0.0014	0.0	0.5702	0.0013	0.0
70perc_10repeat	0.6	0.2989	0.5476	0.0549	0.0039	0.4581	0.1041	0.1697	0.5305	0.5288	0.015	0.0011	0.5742	0.0013	0.0	0.5091	0.0014	0.0
100perc_5repeat	0.6	0.2988	0.532	0.0394	0.0028	0.2662	0.0673	0.1074	0.5251	0.528	0.0155	0.0011	0.5513	0.0014	0.0	0.4863	0.0014	0.0
50perc_10repeat	0.6	0.2948	0.562	0.0576	0.0041	0.6398	0.1787	0.2794	0.5498	0.5258	0.0169	0.0012	0.5926	0.0015	0.0	0.5332	0.0016	0.0
80perc_10repeat	0.6	0.3017	0.5402	0.0472	0.0033	0.3743	0.0972	0.1543	0.5294	0.5278	0.0169	0.0012	0.5649	0.0015	0.0	0.4979	0.0016	0.0
90perc_10repeat	0.6	0.2982	0.5349	0.0388	0.0027	0.2955	0.0602	0.1001	0.529	0.5268	0.0158	0.0011	0.552	0.0014	0.0	0.4873	0.0014	0.0
40perc_5repeat	0.7	0.2776	0.5872	0.0644	0.0046	0.7193	0.226	0.3439	0.5818	0.5266	0.0137	0.001	0.6059	0.0012	0.0	0.5481	0.0013	0.0
05perc_10repeat	0.7	0.2736	0.6122	0.06	0.0042	0.7402	0.3004	0.4273	0.6165	0.5266	0.0138	0.001	0.641	0.0014	0.0	0.5846	0.0013	0.0
80perc_2repeat	0.7	0.2871	0.5623	0.0612	0.0043	0.6378	0.1356	0.2237	0.5502	0.5281	0.0126	0.0009	0.5857	0.0013	0.0	0.5219	0.0013	0.0
100perc_10repeat	0.6	0.3102	0.5236	0.0322	0.0023	0.1763	0.0489	0.0766	0.5239	0.5301	0.0156	0.0011	0.5457	0.0014	0.0	0.474	0.0014	0.0
40perc_2repeat	0.7	0.2746	0.5994	0.0642	0.0045	0.7494	0.2482	0.3729	0.5996	0.5263	0.0133	0.0009	0.6142	0.0014	0.0	0.5555	0.0013	0.0
60perc_5repeat	0.7	0.281	0.5691	0.0613	0.0043	0.6989	0.1603	0.2608	0.557	0.5266	0.0128	0.0009	0.5889	0.0012	0.0	0.5286	0.0012	0.0
90perc_2repeat	0.7	0.2782	0.5645	0.0619	0.0044	0.6154	0.1337	0.2197	0.5522	0.5257	0.0131	0.0009	0.5758	0.0012	0.0	0.5174	0.0012	0.0
100perc_2repeat	0.7	0.2868	0.5512	0.0573	0.004	0.4989	0.0844	0.1444	0.541	0.5268	0.0134	0.0009	0.5696	0.0013	0.0	0.5056	0.0013	0.0
50perc_2repeat	0.7	0.2888	0.5786	0.066	0.0047	0.7536	0.1945	0.3091	0.5758	0.5299	0.0135	0.001	0.6115	0.0013	0.0	0.5461	0.0014	0.0
80perc_5repeat	0.7	0.2943	0.5427	0.0525	0.0037	0.463	0.0841	0.1423	0.5322	0.5287	0.0134	0.0009	0.5712	0.0012	0.0	0.5051	0.0013	0.0
60perc_2repeat	0.7	0.2753	0.5851	0.0647	0.0046	0.7044	0.2055	0.3182	0.5778	0.5258	0.0133	0.0009	0.5987	0.0012	0.0	0.5404	0.0014	0.0
15perc_2repeat	0.8	0.2595	0.6277	0.0611	0.0043	0.7706	0.3275	0.4597	0.6278	0.5275	0.0099	0.0007	0.6343	0.001	0.0	0.5743	0.0011	0.0
40perc_2repeat	0.8	0.2632	0.6116	0.066	0.0047	0.7725	0.278	0.4089	0.6096	0.5272	0.0102	0.0007	0.615	0.0011	0.0	0.5546	0.001	0.0
30perc_5repeat	0.7	0.2814	0.5895	0.0653	0.0046	0.736	0.2356	0.357	0.5855	0.5275	0.0139	0.001	0.6177	0.0013	0.0	0.5572	0.0014	0.0
05perc_5repeat	0.8	0.2636	0.625	0.056	0.004	0.758	0.336	0.4656	0.6259	0.5282	0.0098	0.0007	0.6429	0.0011	0.0	0.5836	0.0011	0.0
70perc_2repeat	0.7	0.2885	0.5676	0.0652	0.0046	0.6754	0.1571	0.2549	0.5589	0.5281	0.0137	0.001	0.5947	0.0013	0.0	0.5293	0.0014	0.0
05perc_2repeat	0.8	0.2578	0.6309	0.0575	0.0041	0.7524	0.3472	0.4752	0.6416	0.5268	0.01	0.0007	0.6415	0.001	0.0	0.5846	0.0011	0.0
50perc_10repeat	0.7	0.2873	0.5675	0.0622	0.0044	0.6861	0.1641	0.2648	0.5654	0.5283	0.0136	0.001	0.5947	0.0012	0.0	0.5314	0.0013	0.0
100perc_5repeat	0.7	0.2944	0.534	0.0472	0.0033	0.2708	0.0599	0.0981	0.5275	0.5269	0.0132	0.0009	0.5518	0.0012	0.0	0.4874	0.0012	0.0
15perc_5repeat	0.8	0.2601	0.6241	0.0585	0.0041	0.7563	0.3226	0.4523	0.6278	0.5268	0.0096	0.0007	0.6317	0.0009	0.0	0.5739	0.0011	0.0
30perc_5repeat	0.8	0.2614	0.6131	0.0644	0.0046	0.7686	0.285	0.4158	0.6156	0.5266	0.0106	0.0007	0.6161	0.0009	0.0	0.558	0.0011	0.0
50perc_5repeat	0.7	0.2872	0.57	0.0593	0.0042	0.7132	0.1592	0.2603	0.5653	0.5281	0.0123	0.0009	0.6001	0.0011	0.0	0.5348	0.0013	0.0
30perc_2repeat	0.8	0.2609	0.6172	0.0613	0.0043	0.7587	0.2964	0.4263	0.6207	0.5269	0.0096	0.0007	0.6231	0.001	0.0	0.564	0.0011	0.0
60perc_10repeat	0.7	0.292	0.5545	0.0615	0.0044	0.6175	0.1217	0.2033	0.5429	0.5293	0.0136	0.001	0.5858	0.0013	0.0	0.5196	0.0013	0.0
40perc_5repeat	0.8	0.2653	0.5986	0.0675	0.0048	0.7721	0.2372	0.3629	0.605	0.5276	0.0103	0.0007	0.6067	0.0009	0.0	0.5459	0.001	0.0
70perc_2repeat	0.8	0.2693	0.5822	0.0706	0.005	0.7359	0.191	0.3032	0.5776	0.5272	0.0102	0.0007	0.5923	0.001	0.0	0.5318	0.001	0.0
60perc_2repeat	0.8	0.2684	0.5932	0.0686	0.0049	0.7566	0.2188	0.3394	0.5932	0.5269	0.0103	0.0007	0.6008	0.001	0.0	0.5401	0.001	0.0
70perc_5repeat	0.7	0.2844	0.5562	0.0564	0.004	0.6091	0.1086	0.1844	0.5432	0.5278	0.0117	0.0008	0.5791	0.0011	0.0	0.5167	0.0012	0.0
80perc_2repeat	0.8	0.2741	0.5707	0.0711	0.005	0.7143	0.1461	0.2426	0.5595	0.5281	0.0098	0.0007	0.5854	0.001	0.0	0.5227	0.0009	0.0
50perc_5repeat	0.8	0.2728	0.5864	0.0718	0.0051	0.759	0.2097	0.3286	0.5813	0.5279	0.0106	0.0007	0.5998	0.0009	0.0	0.5371	0.001	0.0
80perc_10repeat	0.7	0.2931	0.5395	0.0549	0.0039	0.3988	0.0697	0.1186	0.528	0.529	0.0133	0.0009	0.5634	0.0012	0.0	0.4982	0.0012	0.0
50perc_2repeat	0.8	0.27	0.5936	0.0684	0.0048	0.7641	0.2287	0.352	0.593	0.5279	0.0102	0.0007	0.6075	0.001	0.0	0.5454	0.0011	0.0
05perc_10repeat	0.8	0.2622	0.628	0.0606	0.0043	0.7584	0.3407	0.4702	0.6302	0.528	0.0101	0.0007	0.6411	0.0011	0.0	0.5819	0.001	0.0
90perc_2repeat	0.8	0.2795	0.5589	0.0685	0.0048	0.6057	0.1141	0.1921	0.5486	0.5274	0.0106	0.0008	0.5775	0.001	0.0	0.5132	0.0011	0.0
15perc_2repeat	0.9	0.2453	0.6416	0.0657	0.0046	0.7615	0.3703	0.4983	0.6433	0.5274	0.0069	0.0005	0.6347	0.0007	0.0	0.5764	0.0008	0.0
15perc_10repeat	0.7	0.2786	0.6021	0.0605	0.0043	0.7448	0.2683	0.3945	0.6075	0.5274	0.0126	0.0009	0.6305	0.0013	0.0	0.5715	0.0014	0.0
15perc_10repeat	0.8	0.2606	0.625	0.0628	0.0044	0.7738	0.3173	0.4501	0.632	0.5272	0.0106	0.0007	0.6304	0.001	0.0	0.5708	0.001	0.0
05perc_2repeat	0.9	0.2456	0.6431	0.0647	0.0046	0.7617	0.3873	0.5135	0.6495	0.5279	0.007	0.0005	0.6423	0.0007	0.0	0.5836	0.0007	0.0
70perc_5repeat	0.8	0.2787	0.5573	0.0692	0.0049	0.6402	0.1148	0.1947	0.5467	0.5283	0.0101	0.0007	0.5795	0.001	0.0	0.5162	0.001	0.0
90perc_5repeat	0.7	0.2915	0.5433	0.0522	0.0037	0.363	0.0771	0.1272	0.5281	0.5268	0.0135	0.001	0.5607	0.0012	0.0	0.4968	0.0012	0.0
30perc_10repeat	0.7	0.2746	0.5952	0.0628	0.0044	0.7493	0.243	0.3669	0.5983	0.5261	0.0138	0.001	0.6127	0.0012	0.0	0.5547	0.0013	0.0
30perc_2repeat	0.9	0.2499	0.6305	0.0696	0.0049	0.7625	0.336	0.4664	0.6367	0.5273	0.0065	0.0005	0.6242	0.0007	0.0	0.5638	0.0007	0.0
60perc_5repeat	0.8	0.2757	0.5745	0.072	0.0051	0.7334	0.1618	0.2651	0.5597	0.5272	0.0101	0.0007	0.591	0.001	0.0	0.5266	0.001	0.0
30perc_10repeat	0.8	0.2662	0.6063	0.0659	0.0047	0.7788	0.2584	0.388	0.612	0.5279	0.0098	0.0007	0.6155	0.0009	0.0	0.5539	0.0009	0.0
40perc_10repeat	0.7	0.2776	0.585	0.0617	0.0044	0.7327	0.207	0.3227	0.5786	0.5267	0.0127	0.0009	0.6037	0.0011	0.0	0.5447	0.0014	0.0
80perc_5repeat	0.8	0.2738	0.5557	0.0623	0.0044	0.5561	0.0861	0.1491	0.5441	0.5262	0.0095	0.0007	0.5694	0.0008	0.0	0.5078	0.0009	0.0
40perc_2repeat	0.9	0.2543	0.6188	0.0771	0.0054	0.7659	0.3045	0.4357	0.619	0.5275	0.0071	0.0005	0.6163	0.0007	0.0	0.5559	0.0008	0.0
50perc_2repeat	0.9	0.2502	0.6205	0.0752	0.0053	0.7858	0.2886	0.4221	0.6243	0.5274	0.0067	0.0005	0.6073	0.0007	0.0	0.5464	0.0007	0.0
05perc_5repeat	0.9	0.2458	0.6476	0.0685	0.0048	0.7654	0.3932	0.5195	0.643	0.5278	0.0063	0.0004	0.6416	0.0006	0.0	0.5811	0.0007	0.0
90perc_5repeat	0.8	0.2822	0.5401	0.0524	0.0037	0.3829	0.0495	0.0876	0.5293	0.527	0.0095	0.0007	0.5599	0.0009	0.0	0.4974	0.0009	0.0
50perc_10repeat	0.8	0.272	0.5782	0.0686	0.0049	0.741	0.1813	0.2913	0.5772	0.528	0.01	0.0007	0.5942	0.0009	0.0	0.5317	0.001	0.0
40perc_10repeat	0.8	0.268	0.5953	0.0684	0.0048	0.7556	0.2315	0.3544	0.5963	0.5277	0.0099	0.0007	0.6041	0.0009	0.0	0.5439	0.001	0.0
100perc_5repeat	0.8	0.2899	0.5336	0.0506	0.0036	0.2262	0.0301	0.0531	0.5221	0.5273	0.01	0.0007	0.5517	0.0009	0.0	0.4874	0.0009	0.0
90perc_10repeat	0.7	0.2981	0.5348	0.048	0.0034	0.2629	0.0542	0.0899	0.527	0.5281	0.0135	0.001	0.5541	0.0012	0.0	0.4877	0.0012	0.0
60perc_2repeat	0.9	0.2563	0.606	0.0765	0.0054	0.7791	0.2514	0.3802	0.6066	0.5274	0.0064	0.0005	0.6011	0.0007	0.0	0.5397	0.0007	0.0
30perc_5repeat	0.9	0.251	0.6258	0.0726	0.0051	0.7727	0.3194	0.452	0.6236	0.5275	0.0066	0.0005	0.6175	0.0007	0.0	0.557	0.0007	0.0
100perc_2repeat	0.8	0.279	0.5543	0.0661	0.0047	0.5542	0.0957	0.1632	0.548	0.5272	0.0106	0.0008	0.5706	0.001	0.0	0.5078	0.0011	0.0
70perc_10repeat	0.7	0.2792	0.5618	0.0626	0.0044	0.5665	0.1191	0.1969	0.5466	0.5255	0.0127	0.0009	0.5714	0.0011	0.0	0.5122	0.0012	0.0
70perc_2repeat	0.9	0.2608	0.5866	0.0814	0.0058	0.7497	0.2055	0.3226	0.582	0.5275	0.0068	0.0005	0.5935	0.0007	0.0	0.5307	0.0008	0.0
60perc_10repeat	0.8	0.276	0.5703	0.0742	0.0052	0.6742	0.1496	0.2448	0.5652	0.5272	0.0109	0.0008	0.5842	0.001	0.0	0.5205	0.001	0.0
80perc_2repeat	0.9	0.2624	0.581	0.0797	0.0056	0.7389	0.1657	0.2706	0.5872	0.5267	0.0073	0.0005	0.5848	0.0007	0.0	0.5231	0.0008	0.0
70perc_10repeat	0.8	0.272	0.563	0.0677	0.0048	0.6015	0.1166	0.1953	0.5473	0.5261	0.0099	0.0007	0.5725	0.0009	0.0	0.5125	0.0009	0.0
50perc_5repeat	0.9	0.2588	0.5972	0.0781	0.0055	0.7943	0.2299	0.3566	0.5967	0.5279	0.0068	0.0005	0.5982	0.0006	0.0	0.536	0.0007	0.0
100perc_2repeat	0.9	0.274	0.5484	0.0731	0.0052	0.5324	0.0714	0.126	0.5393	0.5273	0.0064	0.0005	0.5707	0.0007	0.0	0.5071	0.0007	0.0
15perc_5repeat	0.9	0.2516	0.633	0.0651	0.0046	0.7685	0.3514	0.4823	0.6361	0.528	0.0063	0.0004	0.6324	0.0006	0.0	0.5732	0.0007	0.0
100perc_10repeat	0.7	0.3065	0.5247	0.0391	0.0028	0.1709	0.028	0.0482	0.5217	0.5294	0.014	0.001	0.5455	0.0013	0.0	0.4753	0.0013	0.0
70perc_5repeat	0.9	0.2676	0.564	0.0826	0.0058	0.6989	0.1251	0.2122	0.5544	0.5276	0.0065	0.0005	0.5801	0.0007	0.0	0.5158	0.0006	0.0
90perc_10repeat	0.8	0.293	0.5313	0.0506	0.0036	0.2499	0.0261	0.0473	0.5259	0.5278	0.0104	0.0007	0.5541	0.0009	0.0	0.4876	0.0009	0.0
90perc_2repeat	0.9	0.2667	0.5639	0.0793	0.0056	0.6657	0.1236	0.2085	0.5689	0.5276	0.0064	0.0005	0.5784	0.0007	0.0	0.5156	0.0007	0.0
80perc_5repeat	0.9	0.2738	0.5459	0.0762	0.0054	0.5477	0.0741	0.1305	0.5325	0.5277	0.0064	0.0005	0.5708	0.0006	0.0	0.507	0.0006	0.0
40perc_5repeat	0.9	0.2508	0.6174	0.0687	0.0049	0.7902	0.277	0.4102	0.619	0.5275	0.0058	0.0004	0.6082	0.0006	0.0	0.5475	0.0007	0.0
90perc_5repeat	0.9	0.2698	0.5471	0.0669	0.0047	0.3422	0.038	0.0683	0.5423	0.5262	0.0064	0.0005	0.5592	0.0006	0.0	0.4981	0.0007	0.0
30perc_10repeat	0.9	0.2549	0.6204	0.076	0.0054	0.7778	0.3066	0.4398	0.6246	0.5277	0.0072	0.0005	0.6152	0.0006	0.0	0.5536	0.0007	0.0
60perc_5repeat	0.9	0.2557	0.5926	0.078	0.0055	0.7601	0.1972	0.3132	0.5938	0.5266	0.0065	0.0005	0.5878	0.0007	0.0	0.5278	0.0007	0.0
50perc_10repeat	0.9	0.2592	0.5977	0.0814	0.0058	0.7688	0.2238	0.3467	0.5993	0.5271	0.0071	0.0005	0.5944	0.0007	0.0	0.5331	0.0006	0.0
90perc_10repeat	0.9	0.2813	0.5313	0.0605	0.0043	0.1581	0.0132	0.0244	0.5266	0.5273	0.0062	0.0004	0.5529	0.0006	0.0	0.4891	0.0006	0.0
60perc_10repeat	0.9	0.2615	0.5798	0.0808	0.0057	0.7541	0.1611	0.2655	0.58	0.527	0.0067	0.0005	0.5837	0.0006	0.0	0.5218	0.0006	0.0
80perc_10repeat	0.8	0.2826	0.5403	0.0522	0.0037	0.4203	0.0504	0.0899	0.5361	0.5271	0.0095	0.0007	0.5629	0.0009	0.0	0.4993	0.0009	0.0
05perc_10repeat	0.9	0.2462	0.6447	0.0662	0.0047	0.7629	0.391	0.517	0.6459	0.5279	0.0067	0.0005	0.6414	0.0006	0.0	0.5819	0.0007	0.0
100perc_5repeat	0.9	0.2864	0.5266	0.0567	0.004	0.1389	0.0079	0.015	0.5262	0.5277	0.006	0.0004	0.5526	0.0006	0.0	0.4875	0.0006	0.0
80perc_10repeat	0.9	0.2789	0.5335	0.0726	0.0051	0.3501	0.0384	0.0693	0.5269	0.5279	0.0067	0.0005	0.5633	0.0006	0.0	0.4991	0.0006	0.0
15perc_10repeat	0.9	0.2481	0.6377	0.0645	0.0046	0.7771	0.3552	0.4875	0.6361	0.5276	0.0066	0.0005	0.6306	0.0006	0.0	0.5715	0.0007	0.0
100perc_10repeat	0.8	0.2953	0.5281	0.042	0.003	0.1385	0.014	0.0255	0.5281	0.5275	0.0099	0.0007	0.5428	0.0009	0.0	0.4773	0.0009	0.0
40perc_10repeat	0.9	0.2518	0.6148	0.0811	0.0057	0.7774	0.2718	0.4028	0.6167	0.5269	0.0068	0.0005	0.6047	0.0006	0.0	0.5444	0.0007	0.0
70perc_10repeat	0.9	0.2712	0.5521	0.0774	0.0055	0.5768	0.0917	0.1582	0.5521	0.5275	0.0065	0.0005	0.5738	0.0006	0.0	0.5106	0.0007	0.0
100perc_10repeat	0.9	0.2908	0.5323	0.0519	0.0037	0.0577	0.0026	0.005	0.5262	0.5269	0.0057	0.0004	0.5425	0.0006	0.0	0.4773	0.0006	0.0
