Label	trainingSize	Accuracy_Mean	Accuracy_SD	Accuracy_SE	Precision_Mean	Recall_Mean	F1	Accuracy_Median	PriorClass0_Mean	PriorClass0_SD	PriorClass0_SE	ProbabilityEstimate_0given0_Mean 	ProbabilityEstimate_0given0_SD 	ProbabilityEstimate_0given0_SE 	ProbabilityEstimate_1given1_Mean	ProbabilityEstimate_1given1_SD	ProbabilityEstimate_1given1_SE

original	0.9	0.2393	0.0428	0.003	0.0	0.0	0.0	0.2361	0.527	0.0063	0.0004	0.6451	0.0006	0.0	0.5876	0.0007	0.0
original	0.8	0.2636	0.0466	0.0033	0.0	0.0	0.0	0.2607	0.5293	0.01	0.0007	0.647	0.001	0.0	0.5858	0.001	0.0
original	0.7	0.2687	0.0507	0.0036	0.0	0.0	0.0	0.2609	0.5264	0.0132	0.0009	0.6441	0.0013	0.0	0.5905	0.0014	0.0
original	0.6	0.3031	0.0594	0.0042	0.0	0.0	0.0	0.3068	0.5293	0.0158	0.0011	0.6464	0.0015	0.0	0.5829	0.0019	0.0
original	0.5	0.3244	0.0636	0.0045	0.0	0.0	0.0	0.3282	0.528	0.0218	0.0015	0.6446	0.0021	0.0	0.5867	0.0023	0.0
original	0.45	0.3351	0.0645	0.0046	0.0	0.0	0.0	0.3398	0.5289	0.0228	0.0016	0.6459	0.0025	0.0	0.5843	0.0025	0.0
original	0.4	0.3446	0.0671	0.0047	0.0	0.0	0.0	0.3493	0.5268	0.0236	0.0017	0.6413	0.0029	0.0	0.5854	0.0028	0.0
original	0.35	0.3569	0.0625	0.0044	0.0	0.0	0.0	0.367	0.5271	0.0238	0.0017	0.6424	0.003	0.0	0.5867	0.003	0.0
original	0.3	0.3806	0.0647	0.0046	0.0	0.0	0.0	0.3966	0.5287	0.0328	0.0023	0.641	0.0037	0.0	0.5832	0.004	0.0
original	0.25	0.3916	0.0648	0.0046	0.0	0.0	0.0	0.4059	0.5283	0.0369	0.0026	0.6429	0.0042	0.0	0.5772	0.0048	0.0
original	0.2	0.4004	0.0624	0.0044	0.0	0.0	0.0	0.407	0.5248	0.0422	0.003	0.6334	0.0049	0.0	0.583	0.0054	0.0
original	0.1	0.4209	0.0668	0.0047	0.0	0.0	0.0	0.4367	0.5206	0.0558	0.0039	0.6175	0.0086	0.0	0.5748	0.01	0.0
original	0.05	0.4187	0.0767	0.0054	0.0	0.0	0.0	0.4475	0.5369	0.0887	0.0063	0.5694	0.0137	0.0	0.5149	0.014	0.0


05perc_10repeat	0.05	0.4406	0.0686	0.0049	0.0	0.0	0.0	0.4578	0.5239	0.0828	0.0059	0.5774	0.0197	0.0	0.5189	0.0213	0.0
40perc_2repeat	0.1	0.4109	0.0685	0.0048	0.0	0.0	0.0	0.4293	0.5205	0.0593	0.0042	0.5897	0.0081	0.0	0.5468	0.009	0.0
15perc_2repeat	0.1	0.4201	0.0656	0.0046	0.0	0.0	0.0	0.4335	0.5205	0.0593	0.0042	0.6057	0.0085	0.0	0.5665	0.0093	0.0
05perc_2repeat	0.1	0.4221	0.0667	0.0047	0.0	0.0	0.0	0.4353	0.5205	0.0593	0.0042	0.6141	0.0086	0.0	0.5749	0.0095	0.0
05perc_5repeat	0.1	0.4229	0.0656	0.0046	0.0	0.0	0.0	0.4351	0.5205	0.0594	0.0042	0.6145	0.0088	0.0	0.5735	0.0097	0.0
100perc_2repeat	0.05	0.4166	0.0731	0.0052	0.0	0.0	0.0	0.4401	0.5238	0.0831	0.0059	0.5265	0.0134	0.0	0.4823	0.0137	0.0
70perc_2repeat	0.05	0.428	0.0698	0.0049	0.0	0.0	0.0	0.4503	0.5238	0.0831	0.0059	0.5505	0.0152	0.0	0.4912	0.0158	0.0
15perc_10repeat	0.1	0.4192	0.0666	0.0047	0.0	0.0	0.0	0.432	0.5205	0.0594	0.0042	0.6072	0.0084	0.0	0.5643	0.0094	0.0
30perc_2repeat	0.05	0.4363	0.0656	0.0046	0.0	0.0	0.0	0.4503	0.5238	0.0831	0.0059	0.5675	0.0171	0.0	0.5226	0.0171	0.0
80perc_2repeat	0.05	0.4219	0.0763	0.0054	0.0	0.0	0.0	0.4455	0.5238	0.0831	0.0059	0.5504	0.0137	0.0	0.4957	0.0146	0.0
30perc_5repeat	0.05	0.4369	0.067	0.0047	0.0	0.0	0.0	0.4503	0.5239	0.0829	0.0059	0.5653	0.0173	0.0	0.5096	0.0187	0.0
80perc_5repeat	0.05	0.4156	0.0721	0.0051	0.0	0.0	0.0	0.4362	0.5239	0.0829	0.0059	0.5304	0.0137	0.0	0.4817	0.0142	0.0
90perc_2repeat	0.05	0.4212	0.0718	0.0051	0.0	0.0	0.0	0.4433	0.5238	0.0831	0.0059	0.5344	0.0142	0.0	0.4882	0.0149	0.0
40perc_5repeat	0.05	0.43	0.0728	0.0051	0.0	0.0	0.0	0.4497	0.5239	0.0829	0.0059	0.5548	0.0163	0.0	0.5029	0.0171	0.0
90perc_5repeat	0.05	0.4088	0.0786	0.0056	0.0	0.0	0.0	0.4348	0.5239	0.0829	0.0059	0.5346	0.0136	0.0	0.4608	0.0146	0.0
15perc_2repeat	0.05	0.4366	0.0688	0.0049	0.0	0.0	0.0	0.4544	0.5238	0.0831	0.0059	0.576	0.0173	0.0	0.5273	0.0179	0.0
60perc_5repeat	0.05	0.4296	0.0703	0.005	0.0	0.0	0.0	0.4514	0.5239	0.0829	0.0059	0.5425	0.015	0.0	0.4903	0.0161	0.0
30perc_10repeat	0.1	0.4138	0.0674	0.0048	0.0	0.0	0.0	0.4285	0.5205	0.0594	0.0042	0.593	0.008	0.0	0.5507	0.0086	0.0
70perc_5repeat	0.05	0.4206	0.0716	0.0051	0.0	0.0	0.0	0.4424	0.5239	0.0829	0.0059	0.5468	0.0137	0.0	0.4735	0.0148	0.0
80perc_10repeat	0.05	0.4169	0.0761	0.0054	0.0	0.0	0.0	0.4413	0.5239	0.0828	0.0059	0.5327	0.0135	0.0	0.4764	0.0147	0.0
70perc_10repeat	0.05	0.4222	0.0732	0.0052	0.0	0.0	0.0	0.4436	0.5239	0.0828	0.0059	0.5412	0.014	0.0	0.4867	0.0152	0.0
30perc_10repeat	0.05	0.4384	0.0667	0.0047	0.0	0.0	0.0	0.4533	0.5239	0.0828	0.0059	0.5653	0.018	0.0	0.5057	0.0196	0.0
15perc_10repeat	0.05	0.4405	0.068	0.0048	0.0	0.0	0.0	0.4571	0.5239	0.0828	0.0059	0.5753	0.0192	0.0	0.5138	0.0211	0.0
50perc_2repeat	0.05	0.4287	0.0678	0.0048	0.0	0.0	0.0	0.444	0.5238	0.0831	0.0059	0.5485	0.0156	0.0	0.4931	0.0162	0.0
40perc_5repeat	0.1	0.4055	0.0695	0.0049	0.0	0.0	0.0	0.4227	0.5205	0.0594	0.0042	0.5836	0.0077	0.0	0.5405	0.0081	0.0
30perc_2repeat	0.1	0.4144	0.0688	0.0049	0.0	0.0	0.0	0.4336	0.5205	0.0593	0.0042	0.5983	0.0082	0.0	0.5528	0.0093	0.0
15perc_5repeat	0.1	0.4186	0.0676	0.0048	0.0	0.0	0.0	0.4328	0.5205	0.0594	0.0042	0.6055	0.0086	0.0	0.5661	0.0094	0.0
30perc_5repeat	0.1	0.4122	0.0712	0.005	0.0	0.0	0.0	0.4319	0.5205	0.0594	0.0042	0.5931	0.0079	0.0	0.55	0.0089	0.0
60perc_2repeat	0.05	0.4283	0.067	0.0047	0.0	0.0	0.0	0.4459	0.5238	0.0831	0.0059	0.5606	0.0156	0.0	0.5074	0.0154	0.0
05perc_5repeat	0.05	0.4394	0.0688	0.0049	0.0	0.0	0.0	0.4581	0.5239	0.0829	0.0059	0.5774	0.0189	0.0	0.522	0.0201	0.0
40perc_2repeat	0.05	0.436	0.0673	0.0048	0.0	0.0	0.0	0.454	0.5238	0.0831	0.0059	0.5665	0.0162	0.0	0.5144	0.0166	0.0
05perc_2repeat	0.05	0.4367	0.0691	0.0049	0.0	0.0	0.0	0.4553	0.5238	0.0831	0.0059	0.5767	0.0174	0.0	0.5268	0.0181	0.0
15perc_5repeat	0.05	0.4399	0.0683	0.0048	0.0	0.0	0.0	0.4569	0.5239	0.0829	0.0059	0.5767	0.0186	0.0	0.5185	0.02	0.0
100perc_5repeat	0.05	0.4039	0.0735	0.0052	0.0	0.0	0.0	0.4243	0.5239	0.0829	0.0059	0.5135	0.0117	0.0	0.4566	0.012	0.0
100perc_10repeat	0.05	0.4031	0.0723	0.0051	0.0	0.0	0.0	0.4167	0.5239	0.0828	0.0059	0.5031	0.0121	0.0	0.4542	0.0117	0.0
40perc_10repeat	0.05	0.4335	0.0686	0.0049	0.0	0.0	0.0	0.4527	0.5239	0.0828	0.0059	0.558	0.0168	0.0	0.5026	0.0181	0.0
50perc_10repeat	0.05	0.427	0.0726	0.0051	0.0	0.0	0.0	0.4488	0.5239	0.0828	0.0059	0.5422	0.0154	0.0	0.494	0.0157	0.0
05perc_10repeat	0.1	0.4242	0.0647	0.0046	0.0	0.0	0.0	0.4377	0.5205	0.0594	0.0042	0.6153	0.0088	0.0	0.5749	0.0097	0.0
60perc_10repeat	0.05	0.424	0.0726	0.0051	0.0	0.0	0.0	0.4467	0.5239	0.0828	0.0059	0.5394	0.0146	0.0	0.4808	0.0159	0.0
50perc_5repeat	0.05	0.426	0.0693	0.0049	0.0	0.0	0.0	0.4496	0.5239	0.0829	0.0059	0.5517	0.0153	0.0	0.488	0.0166	0.0
90perc_10repeat	0.05	0.409	0.079	0.0056	0.0	0.0	0.0	0.4307	0.5239	0.0828	0.0059	0.524	0.0126	0.0	0.4618	0.0144	0.0
15perc_2repeat	0.2	0.3923	0.0612	0.0043	0.0	0.0	0.0	0.402	0.5283	0.04	0.0028	0.6333	0.0049	0.0	0.5712	0.0052	0.0
05perc_2repeat	0.2	0.3958	0.0612	0.0043	0.0	0.0	0.0	0.4038	0.5283	0.04	0.0028	0.6398	0.0051	0.0	0.5786	0.0055	0.0
50perc_2repeat	0.1	0.4062	0.0695	0.0049	0.0	0.0	0.0	0.4219	0.5205	0.0593	0.0042	0.5816	0.0081	0.0	0.5415	0.0085	0.0
05perc_5repeat	0.2	0.3967	0.0597	0.0042	0.0	0.0	0.0	0.4064	0.5282	0.0399	0.0028	0.6402	0.0051	0.0	0.5785	0.0054	0.0
50perc_5repeat	0.1	0.4023	0.073	0.0052	0.0	0.0	0.0	0.4184	0.5205	0.0594	0.0042	0.5763	0.0074	0.0	0.5362	0.008	0.0
60perc_2repeat	0.1	0.4061	0.0703	0.005	0.0	0.0	0.0	0.4213	0.5205	0.0593	0.0042	0.5799	0.0078	0.0	0.5385	0.0085	0.0
70perc_2repeat	0.1	0.3974	0.0719	0.0051	0.0	0.0	0.0	0.4116	0.5205	0.0593	0.0042	0.5657	0.008	0.0	0.5265	0.0081	0.0
80perc_2repeat	0.1	0.3947	0.0722	0.0051	0.0	0.0	0.0	0.4052	0.5205	0.0593	0.0042	0.5606	0.0072	0.0	0.5195	0.0079	0.0
100perc_2repeat	0.1	0.3852	0.0727	0.0051	0.0	0.0	0.0	0.3955	0.5205	0.0593	0.0042	0.5465	0.0074	0.0	0.504	0.0075	0.0
40perc_10repeat	0.1	0.4051	0.0706	0.005	0.0	0.0	0.0	0.4165	0.5205	0.0594	0.0042	0.5824	0.0074	0.0	0.5395	0.0083	0.0
90perc_2repeat	0.1	0.3875	0.0746	0.0053	0.0	0.0	0.0	0.4025	0.5205	0.0593	0.0042	0.5624	0.0068	0.0	0.5091	0.0078	0.0
70perc_5repeat	0.1	0.3881	0.0751	0.0053	0.0	0.0	0.0	0.4029	0.5205	0.0594	0.0042	0.5563	0.0069	0.0	0.5151	0.0074	0.0
60perc_5repeat	0.1	0.3995	0.0695	0.0049	0.0	0.0	0.0	0.4175	0.5205	0.0594	0.0042	0.572	0.0074	0.0	0.5257	0.008	0.0
90perc_5repeat	0.1	0.3736	0.0739	0.0052	0.0	0.0	0.0	0.3809	0.5205	0.0594	0.0042	0.5404	0.0063	0.0	0.4924	0.0071	0.0
80perc_5repeat	0.1	0.3822	0.0719	0.0051	0.0	0.0	0.0	0.3952	0.5205	0.0594	0.0042	0.5468	0.007	0.0	0.5013	0.0067	0.0
100perc_5repeat	0.1	0.3718	0.0738	0.0052	0.0	0.0	0.0	0.3889	0.5205	0.0594	0.0042	0.536	0.0066	0.0	0.492	0.0065	0.0
60perc_10repeat	0.1	0.3944	0.0707	0.005	0.0	0.0	0.0	0.4062	0.5205	0.0594	0.0042	0.5648	0.0068	0.0	0.5196	0.0075	0.0
70perc_10repeat	0.1	0.3848	0.073	0.0052	0.0	0.0	0.0	0.3939	0.5205	0.0594	0.0042	0.5544	0.0068	0.0	0.5098	0.0069	0.0
50perc_10repeat	0.1	0.4009	0.0705	0.005	0.0	0.0	0.0	0.4221	0.5205	0.0594	0.0042	0.5706	0.007	0.0	0.529	0.0077	0.0
80perc_10repeat	0.1	0.3807	0.0722	0.0051	0.0	0.0	0.0	0.3908	0.5205	0.0594	0.0042	0.5448	0.0061	0.0	0.4986	0.007	0.0
90perc_10repeat	0.1	0.3743	0.0729	0.0052	0.0	0.0	0.0	0.3829	0.5205	0.0594	0.0042	0.5373	0.0064	0.0	0.4917	0.0064	0.0
100perc_10repeat	0.1	0.3634	0.0721	0.0051	0.0	0.0	0.0	0.3646	0.5205	0.0594	0.0042	0.5246	0.0061	0.0	0.4802	0.006	0.0
70perc_10repeat	0.2	0.3555	0.0672	0.0047	0.0	0.0	0.0	0.357	0.5282	0.0399	0.0028	0.5764	0.0039	0.0	0.5099	0.0039	0.0
05perc_10repeat	0.2	0.3955	0.0604	0.0043	0.0	0.0	0.0	0.4039	0.5282	0.0399	0.0028	0.64	0.0051	0.0	0.5784	0.0054	0.0
50perc_2repeat	0.25	0.3732	0.0651	0.0046	0.0	0.0	0.0	0.3821	0.5285	0.0368	0.0026	0.6043	0.0043	0.0	0.5423	0.0039	0.0
80perc_2repeat	0.2	0.3624	0.0662	0.0047	0.0	0.0	0.0	0.3659	0.5283	0.04	0.0028	0.5823	0.0043	0.0	0.5161	0.0046	0.0
05perc_2repeat	0.25	0.3909	0.0631	0.0045	0.0	0.0	0.0	0.4036	0.5285	0.0368	0.0026	0.6355	0.0048	0.0	0.577	0.0043	0.0
30perc_2repeat	0.2	0.3891	0.0598	0.0042	0.0	0.0	0.0	0.3985	0.5283	0.04	0.0028	0.6254	0.0048	0.0	0.5609	0.0051	0.0
15perc_2repeat	0.25	0.3873	0.0638	0.0045	0.0	0.0	0.0	0.4001	0.5285	0.0368	0.0026	0.6285	0.0046	0.0	0.5694	0.0042	0.0
30perc_2repeat	0.25	0.3796	0.0674	0.0048	0.0	0.0	0.0	0.3925	0.5285	0.0368	0.0026	0.6164	0.0045	0.0	0.5554	0.0041	0.0
90perc_2repeat	0.2	0.3524	0.0688	0.0049	0.0	0.0	0.0	0.3608	0.5283	0.04	0.0028	0.5792	0.0042	0.0	0.5117	0.0042	0.0
80perc_5repeat	0.2	0.3506	0.0684	0.0048	0.0	0.0	0.0	0.3497	0.5282	0.0399	0.0028	0.57	0.0041	0.0	0.5047	0.004	0.0
100perc_2repeat	0.2	0.3511	0.0695	0.0049	0.0	0.0	0.0	0.3544	0.5283	0.04	0.0028	0.5688	0.0041	0.0	0.5047	0.0043	0.0
15perc_5repeat	0.2	0.3913	0.0623	0.0044	0.0	0.0	0.0	0.3983	0.5282	0.0399	0.0028	0.6302	0.005	0.0	0.5689	0.0052	0.0
05perc_5repeat	0.25	0.3913	0.0628	0.0044	0.0	0.0	0.0	0.4075	0.5285	0.0369	0.0026	0.6358	0.0047	0.0	0.5767	0.0043	0.0
40perc_2repeat	0.25	0.3774	0.067	0.0047	0.0	0.0	0.0	0.3924	0.5285	0.0368	0.0026	0.6082	0.0044	0.0	0.5487	0.0041	0.0
40perc_2repeat	0.2	0.3836	0.0627	0.0044	0.0	0.0	0.0	0.3914	0.5283	0.04	0.0028	0.6159	0.0046	0.0	0.5504	0.0048	0.0
15perc_5repeat	0.25	0.3855	0.0645	0.0046	0.0	0.0	0.0	0.3985	0.5285	0.0369	0.0026	0.6258	0.0045	0.0	0.5655	0.0041	0.0
90perc_5repeat	0.2	0.3412	0.0675	0.0048	0.0	0.0	0.0	0.3414	0.5282	0.0399	0.0028	0.5591	0.004	0.0	0.494	0.0039	0.0
30perc_5repeat	0.25	0.3792	0.0671	0.0047	0.0	0.0	0.0	0.3943	0.5285	0.0369	0.0026	0.614	0.0044	0.0	0.5533	0.0039	0.0
100perc_5repeat	0.2	0.3375	0.0646	0.0046	0.0	0.0	0.0	0.3336	0.5282	0.0399	0.0028	0.5482	0.0037	0.0	0.4827	0.0041	0.0
50perc_2repeat	0.2	0.3747	0.066	0.0047	0.0	0.0	0.0	0.3859	0.5283	0.04	0.0028	0.6048	0.0046	0.0	0.5427	0.0046	0.0
70perc_2repeat	0.2	0.3666	0.0637	0.0045	0.0	0.0	0.0	0.3782	0.5283	0.04	0.0028	0.5901	0.0044	0.0	0.5265	0.0044	0.0
40perc_5repeat	0.2	0.3758	0.0655	0.0046	0.0	0.0	0.0	0.3846	0.5282	0.0399	0.0028	0.6065	0.0044	0.0	0.5439	0.0048	0.0
30perc_5repeat	0.2	0.3828	0.061	0.0043	0.0	0.0	0.0	0.3892	0.5282	0.0399	0.0028	0.6182	0.0046	0.0	0.5555	0.0049	0.0
60perc_2repeat	0.2	0.3736	0.064	0.0045	0.0	0.0	0.0	0.378	0.5283	0.04	0.0028	0.603	0.0044	0.0	0.5367	0.0046	0.0
50perc_10repeat	0.25	0.3634	0.0686	0.0049	0.0	0.0	0.0	0.3757	0.5285	0.0369	0.0026	0.59	0.0041	0.0	0.5271	0.0035	0.0
40perc_5repeat	0.25	0.3741	0.0666	0.0047	0.0	0.0	0.0	0.3847	0.5285	0.0369	0.0026	0.6046	0.0044	0.0	0.5416	0.0039	0.0
50perc_5repeat	0.2	0.3724	0.0658	0.0047	0.0	0.0	0.0	0.379	0.5282	0.0399	0.0028	0.597	0.0044	0.0	0.5312	0.0045	0.0
80perc_10repeat	0.2	0.3442	0.0665	0.0047	0.0	0.0	0.0	0.3423	0.5282	0.0399	0.0028	0.5617	0.0037	0.0	0.4957	0.0039	0.0
05perc_10repeat	0.25	0.3905	0.0629	0.0044	0.0	0.0	0.0	0.4053	0.5285	0.0369	0.0026	0.6353	0.0047	0.0	0.576	0.0043	0.0
90perc_10repeat	0.2	0.3365	0.0676	0.0048	0.0	0.0	0.0	0.33	0.5282	0.0399	0.0028	0.5528	0.0036	0.0	0.4862	0.0038	0.0
100perc_10repeat	0.2	0.3312	0.0623	0.0044	0.0	0.0	0.0	0.3214	0.5282	0.0399	0.0028	0.5385	0.0036	0.0	0.4707	0.0038	0.0
60perc_5repeat	0.2	0.363	0.0675	0.0048	0.0	0.0	0.0	0.3688	0.5282	0.0399	0.0028	0.5877	0.0042	0.0	0.5218	0.0044	0.0
15perc_10repeat	0.25	0.385	0.0644	0.0046	0.0	0.0	0.0	0.3987	0.5285	0.0369	0.0026	0.6256	0.0045	0.0	0.5654	0.0042	0.0
15perc_10repeat	0.2	0.3902	0.0628	0.0044	0.0	0.0	0.0	0.401	0.5282	0.0399	0.0028	0.6304	0.0049	0.0	0.5685	0.0052	0.0
70perc_5repeat	0.2	0.358	0.0669	0.0047	0.0	0.0	0.0	0.3645	0.5282	0.0399	0.0028	0.5822	0.0039	0.0	0.5155	0.0042	0.0
30perc_10repeat	0.25	0.3774	0.0677	0.0048	0.0	0.0	0.0	0.3933	0.5285	0.0369	0.0026	0.6111	0.0043	0.0	0.5502	0.0039	0.0
30perc_10repeat	0.2	0.3799	0.0653	0.0046	0.0	0.0	0.0	0.3909	0.5282	0.0399	0.0028	0.615	0.0046	0.0	0.5511	0.0048	0.0
40perc_10repeat	0.2	0.3736	0.0655	0.0046	0.0	0.0	0.0	0.3849	0.5282	0.0399	0.0028	0.6021	0.0044	0.0	0.5373	0.0045	0.0
40perc_10repeat	0.25	0.3696	0.0692	0.0049	0.0	0.0	0.0	0.3868	0.5285	0.0369	0.0026	0.6016	0.0042	0.0	0.5393	0.0037	0.0
50perc_10repeat	0.2	0.368	0.0671	0.0047	0.0	0.0	0.0	0.378	0.5282	0.0399	0.0028	0.5947	0.0042	0.0	0.5301	0.0044	0.0
60perc_10repeat	0.2	0.3592	0.0669	0.0047	0.0	0.0	0.0	0.3643	0.5282	0.0399	0.0028	0.5822	0.0041	0.0	0.5171	0.0042	0.0
30perc_2repeat	0.3	0.3706	0.0578	0.0041	0.0	0.0	0.0	0.379	0.5285	0.0304	0.0021	0.6213	0.0033	0.0	0.5625	0.0036	0.0
50perc_5repeat	0.25	0.368	0.07	0.005	0.0	0.0	0.0	0.3816	0.5285	0.0369	0.0026	0.5951	0.0043	0.0	0.5335	0.0039	0.0
60perc_2repeat	0.25	0.3707	0.0664	0.0047	0.0	0.0	0.0	0.3809	0.5285	0.0368	0.0026	0.5956	0.0044	0.0	0.5326	0.0039	0.0
70perc_2repeat	0.25	0.3653	0.0679	0.0048	0.0	0.0	0.0	0.3758	0.5285	0.0368	0.0026	0.5891	0.0041	0.0	0.526	0.004	0.0
80perc_10repeat	0.3	0.3346	0.0607	0.0043	0.0	0.0	0.0	0.3418	0.5285	0.0303	0.0021	0.5616	0.0028	0.0	0.4979	0.003	0.0
80perc_2repeat	0.25	0.3593	0.0695	0.0049	0.0	0.0	0.0	0.3715	0.5285	0.0368	0.0026	0.5834	0.004	0.0	0.5205	0.0039	0.0
05perc_2repeat	0.3	0.3796	0.057	0.004	0.0	0.0	0.0	0.3879	0.5285	0.0304	0.0021	0.6404	0.0035	0.0	0.5843	0.0038	0.0
90perc_2repeat	0.25	0.3566	0.0678	0.0048	0.0	0.0	0.0	0.3624	0.5285	0.0368	0.0026	0.5779	0.0041	0.0	0.5143	0.0038	0.0
60perc_5repeat	0.25	0.3606	0.0717	0.0051	0.0	0.0	0.0	0.3699	0.5285	0.0369	0.0026	0.5866	0.004	0.0	0.523	0.0038	0.0
100perc_2repeat	0.25	0.3531	0.0672	0.0048	0.0	0.0	0.0	0.3587	0.5285	0.0368	0.0026	0.5673	0.0038	0.0	0.5014	0.0039	0.0
70perc_5repeat	0.25	0.3552	0.0695	0.0049	0.0	0.0	0.0	0.3665	0.5285	0.0369	0.0026	0.5769	0.0039	0.0	0.5124	0.0037	0.0
40perc_2repeat	0.3	0.3681	0.0583	0.0041	0.0	0.0	0.0	0.378	0.5285	0.0304	0.0021	0.616	0.0033	0.0	0.5568	0.0035	0.0
80perc_5repeat	0.25	0.3506	0.0682	0.0048	0.0	0.0	0.0	0.3584	0.5285	0.0369	0.0026	0.5669	0.0037	0.0	0.5011	0.0036	0.0
90perc_5repeat	0.25	0.3439	0.068	0.0048	0.0	0.0	0.0	0.345	0.5285	0.0369	0.0026	0.5589	0.0037	0.0	0.4936	0.0036	0.0
50perc_2repeat	0.3	0.3591	0.0622	0.0044	0.0	0.0	0.0	0.3684	0.5285	0.0304	0.0021	0.6075	0.0033	0.0	0.5471	0.0033	0.0
100perc_5repeat	0.25	0.3408	0.067	0.0047	0.0	0.0	0.0	0.3443	0.5285	0.0369	0.0026	0.5492	0.0036	0.0	0.4844	0.0036	0.0
30perc_5repeat	0.3	0.3651	0.0634	0.0045	0.0	0.0	0.0	0.3799	0.5285	0.0303	0.0021	0.6168	0.0032	0.0	0.5578	0.0034	0.0
40perc_5repeat	0.3	0.3622	0.0592	0.0042	0.0	0.0	0.0	0.3693	0.5285	0.0303	0.0021	0.6072	0.0032	0.0	0.5484	0.0034	0.0
70perc_10repeat	0.25	0.3511	0.0694	0.0049	0.0	0.0	0.0	0.3534	0.5285	0.0369	0.0026	0.5704	0.0037	0.0	0.506	0.0036	0.0
100perc_10repeat	0.25	0.3365	0.0655	0.0046	0.0	0.0	0.0	0.3313	0.5285	0.0369	0.0026	0.5418	0.0035	0.0	0.4749	0.0035	0.0
40perc_10repeat	0.3	0.3586	0.0625	0.0044	0.0	0.0	0.0	0.3705	0.5285	0.0303	0.0021	0.6044	0.0031	0.0	0.5451	0.0033	0.0
50perc_10repeat	0.3	0.3523	0.0629	0.0044	0.0	0.0	0.0	0.3628	0.5285	0.0303	0.0021	0.593	0.0029	0.0	0.5315	0.0033	0.0
60perc_10repeat	0.3	0.3459	0.0631	0.0045	0.0	0.0	0.0	0.3529	0.5285	0.0303	0.0021	0.5835	0.0028	0.0	0.5213	0.003	0.0
70perc_10repeat	0.3	0.3401	0.0616	0.0044	0.0	0.0	0.0	0.3492	0.5285	0.0303	0.0021	0.5721	0.0028	0.0	0.5092	0.003	0.0
100perc_2repeat	0.3	0.3405	0.061	0.0043	0.0	0.0	0.0	0.3485	0.5285	0.0304	0.0021	0.5691	0.003	0.0	0.5063	0.0032	0.0
15perc_2repeat	0.3	0.3766	0.0573	0.0041	0.0	0.0	0.0	0.3827	0.5285	0.0304	0.0021	0.6328	0.0034	0.0	0.5747	0.0038	0.0
05perc_5repeat	0.3	0.3785	0.0574	0.0041	0.0	0.0	0.0	0.3879	0.5285	0.0303	0.0021	0.6396	0.0035	0.0	0.5827	0.0038	0.0
60perc_2repeat	0.3	0.3566	0.0615	0.0043	0.0	0.0	0.0	0.3715	0.5285	0.0304	0.0021	0.5985	0.0032	0.0	0.5383	0.0034	0.0
15perc_5repeat	0.3	0.376	0.0555	0.0039	0.0	0.0	0.0	0.3845	0.5285	0.0303	0.0021	0.6305	0.0034	0.0	0.572	0.0036	0.0
70perc_2repeat	0.3	0.3508	0.0626	0.0044	0.0	0.0	0.0	0.3625	0.5285	0.0304	0.0021	0.5908	0.0031	0.0	0.5296	0.0033	0.0
80perc_2repeat	0.3	0.3482	0.0634	0.0045	0.0	0.0	0.0	0.3568	0.5285	0.0304	0.0021	0.5849	0.0031	0.0	0.5243	0.0032	0.0
50perc_5repeat	0.3	0.3546	0.0641	0.0045	0.0	0.0	0.0	0.3666	0.5285	0.0303	0.0021	0.597	0.0031	0.0	0.5355	0.0032	0.0
60perc_5repeat	0.3	0.3507	0.063	0.0045	0.0	0.0	0.0	0.3611	0.5285	0.0303	0.0021	0.5878	0.0031	0.0	0.5266	0.0033	0.0
60perc_10repeat	0.25	0.3586	0.0706	0.005	0.0	0.0	0.0	0.3676	0.5285	0.0369	0.0026	0.5818	0.0039	0.0	0.517	0.0037	0.0
70perc_5repeat	0.3	0.3457	0.0604	0.0043	0.0	0.0	0.0	0.3585	0.5285	0.0303	0.0021	0.5781	0.0029	0.0	0.515	0.0032	0.0
80perc_10repeat	0.25	0.3473	0.0671	0.0047	0.0	0.0	0.0	0.3491	0.5285	0.0369	0.0026	0.5623	0.0037	0.0	0.4975	0.0036	0.0
90perc_10repeat	0.25	0.3403	0.0669	0.0047	0.0	0.0	0.0	0.3459	0.5285	0.0369	0.0026	0.5522	0.0035	0.0	0.4843	0.0035	0.0
80perc_5repeat	0.3	0.3398	0.0604	0.0043	0.0	0.0	0.0	0.3464	0.5285	0.0303	0.0021	0.569	0.0029	0.0	0.5059	0.0031	0.0
15perc_10repeat	0.3	0.3731	0.0592	0.0042	0.0	0.0	0.0	0.3825	0.5285	0.0303	0.0021	0.6295	0.0034	0.0	0.5718	0.0036	0.0
05perc_10repeat	0.3	0.3788	0.0563	0.004	0.0	0.0	0.0	0.3869	0.5285	0.0303	0.0021	0.6399	0.0035	0.0	0.5827	0.0038	0.0
30perc_10repeat	0.3	0.3657	0.0601	0.0043	0.0	0.0	0.0	0.3783	0.5285	0.0303	0.0021	0.6146	0.0032	0.0	0.5554	0.0034	0.0
60perc_10repeat	0.35	0.3369	0.0626	0.0044	0.0	0.0	0.0	0.3415	0.5261	0.0269	0.0019	0.5803	0.0027	0.0	0.5174	0.0027	0.0
05perc_2repeat	0.35	0.3618	0.0641	0.0045	0.0	0.0	0.0	0.3775	0.5262	0.0269	0.0019	0.6382	0.0032	0.0	0.5793	0.0032	0.0
15perc_2repeat	0.35	0.3581	0.0648	0.0046	0.0	0.0	0.0	0.3697	0.5262	0.0269	0.0019	0.6302	0.0032	0.0	0.5709	0.0033	0.0
90perc_5repeat	0.3	0.335	0.0593	0.0042	0.0	0.0	0.0	0.3418	0.5285	0.0303	0.0021	0.5602	0.0029	0.0	0.4972	0.003	0.0
30perc_2repeat	0.35	0.3544	0.0643	0.0045	0.0	0.0	0.0	0.3682	0.5262	0.0269	0.0019	0.6194	0.0031	0.0	0.5593	0.0031	0.0
05perc_5repeat	0.35	0.3615	0.0638	0.0045	0.0	0.0	0.0	0.3798	0.5262	0.0269	0.0019	0.6371	0.0032	0.0	0.5784	0.0032	0.0
40perc_2repeat	0.35	0.3515	0.0643	0.0045	0.0	0.0	0.0	0.3629	0.5262	0.0269	0.0019	0.6132	0.003	0.0	0.5525	0.003	0.0
90perc_2repeat	0.3	0.3433	0.0623	0.0044	0.0	0.0	0.0	0.3542	0.5285	0.0304	0.0021	0.5771	0.0031	0.0	0.515	0.0032	0.0
100perc_5repeat	0.3	0.3263	0.0588	0.0042	0.0	0.0	0.0	0.3292	0.5285	0.0303	0.0021	0.5498	0.0028	0.0	0.4844	0.0029	0.0
15perc_5repeat	0.35	0.3575	0.0648	0.0046	0.0	0.0	0.0	0.3706	0.5262	0.0269	0.0019	0.6277	0.0031	0.0	0.5684	0.003	0.0
30perc_5repeat	0.35	0.3523	0.0642	0.0045	0.0	0.0	0.0	0.3615	0.5262	0.0269	0.0019	0.6149	0.003	0.0	0.5547	0.003	0.0
40perc_5repeat	0.35	0.3483	0.064	0.0045	0.0	0.0	0.0	0.3582	0.5262	0.0269	0.0019	0.6051	0.0029	0.0	0.5435	0.003	0.0
50perc_2repeat	0.35	0.3485	0.0648	0.0046	0.0	0.0	0.0	0.3623	0.5262	0.0269	0.0019	0.605	0.003	0.0	0.5444	0.003	0.0
90perc_10repeat	0.3	0.3306	0.0594	0.0042	0.0	0.0	0.0	0.3404	0.5285	0.0303	0.0021	0.5532	0.0028	0.0	0.4882	0.0029	0.0
100perc_10repeat	0.3	0.3227	0.0564	0.004	0.0	0.0	0.0	0.322	0.5285	0.0303	0.0021	0.5412	0.0027	0.0	0.4772	0.0028	0.0
05perc_10repeat	0.35	0.3609	0.0645	0.0046	0.0	0.0	0.0	0.3758	0.5261	0.0269	0.0019	0.6368	0.0032	0.0	0.578	0.0032	0.0
15perc_10repeat	0.35	0.357	0.0647	0.0046	0.0	0.0	0.0	0.3736	0.5261	0.0269	0.0019	0.6272	0.003	0.0	0.5676	0.0031	0.0
60perc_2repeat	0.35	0.3442	0.0642	0.0045	0.0	0.0	0.0	0.3515	0.5262	0.0269	0.0019	0.5965	0.0031	0.0	0.5354	0.0029	0.0
30perc_10repeat	0.35	0.3506	0.0646	0.0046	0.0	0.0	0.0	0.3608	0.5261	0.0269	0.0019	0.6119	0.0029	0.0	0.5514	0.0029	0.0
50perc_5repeat	0.35	0.3443	0.0641	0.0045	0.0	0.0	0.0	0.3516	0.5262	0.0269	0.0019	0.5964	0.0028	0.0	0.5357	0.0028	0.0
40perc_10repeat	0.35	0.3463	0.0633	0.0045	0.0	0.0	0.0	0.3557	0.5261	0.0269	0.0019	0.6026	0.0028	0.0	0.5413	0.0028	0.0
60perc_5repeat	0.35	0.3389	0.0632	0.0045	0.0	0.0	0.0	0.348	0.5262	0.0269	0.0019	0.5867	0.0027	0.0	0.5254	0.0027	0.0
15perc_5repeat	0.4	0.3365	0.0679	0.0048	0.0	0.0	0.0	0.3458	0.5256	0.0256	0.0018	0.6269	0.0027	0.0	0.5733	0.0029	0.0
50perc_10repeat	0.35	0.341	0.0645	0.0046	0.0	0.0	0.0	0.3517	0.5261	0.0269	0.0019	0.5916	0.0028	0.0	0.5294	0.0027	0.0
90perc_10repeat	0.4	0.3121	0.0585	0.0041	0.0	0.0	0.0	0.3106	0.5256	0.0256	0.0018	0.5494	0.0022	0.0	0.4896	0.0024	0.0
30perc_2repeat	0.4	0.334	0.0677	0.0048	0.0	0.0	0.0	0.3486	0.5256	0.0256	0.0018	0.6175	0.0027	0.0	0.563	0.0029	0.0
40perc_2repeat	0.4	0.331	0.0675	0.0048	0.0	0.0	0.0	0.339	0.5256	0.0256	0.0018	0.6096	0.0026	0.0	0.5546	0.0028	0.0
50perc_2repeat	0.4	0.3288	0.0674	0.0048	0.0	0.0	0.0	0.3438	0.5256	0.0256	0.0018	0.6018	0.0026	0.0	0.547	0.0027	0.0
30perc_5repeat	0.4	0.3329	0.0671	0.0047	0.0	0.0	0.0	0.3418	0.5256	0.0256	0.0018	0.6122	0.0026	0.0	0.5567	0.0028	0.0
70perc_2repeat	0.35	0.341	0.063	0.0045	0.0	0.0	0.0	0.3449	0.5262	0.0269	0.0019	0.5889	0.0027	0.0	0.5256	0.0029	0.0
60perc_2repeat	0.4	0.3246	0.0673	0.0048	0.0	0.0	0.0	0.3344	0.5256	0.0256	0.0018	0.595	0.0026	0.0	0.5392	0.0027	0.0
40perc_5repeat	0.4	0.3303	0.0668	0.0047	0.0	0.0	0.0	0.3373	0.5256	0.0256	0.0018	0.6036	0.0026	0.0	0.5471	0.0027	0.0
50perc_5repeat	0.4	0.326	0.0658	0.0047	0.0	0.0	0.0	0.3312	0.5256	0.0256	0.0018	0.5936	0.0025	0.0	0.537	0.0026	0.0
70perc_2repeat	0.4	0.3245	0.0661	0.0047	0.0	0.0	0.0	0.332	0.5256	0.0256	0.0018	0.5877	0.0024	0.0	0.5317	0.0027	0.0
80perc_2repeat	0.35	0.3377	0.0624	0.0044	0.0	0.0	0.0	0.3411	0.5262	0.0269	0.0019	0.5828	0.0029	0.0	0.5202	0.0029	0.0
15perc_10repeat	0.4	0.3363	0.0682	0.0048	0.0	0.0	0.0	0.3473	0.5256	0.0256	0.0018	0.6252	0.0027	0.0	0.5709	0.003	0.0
80perc_2repeat	0.4	0.322	0.0654	0.0046	0.0	0.0	0.0	0.327	0.5256	0.0256	0.0018	0.5813	0.0025	0.0	0.5242	0.0026	0.0
60perc_5repeat	0.4	0.3237	0.0654	0.0046	0.0	0.0	0.0	0.3302	0.5256	0.0256	0.0018	0.585	0.0025	0.0	0.5278	0.0025	0.0
05perc_2repeat	0.4	0.3399	0.0678	0.0048	0.0	0.0	0.0	0.3525	0.5256	0.0256	0.0018	0.6363	0.0029	0.0	0.5831	0.003	0.0
30perc_10repeat	0.4	0.3317	0.0681	0.0048	0.0	0.0	0.0	0.3422	0.5256	0.0256	0.0018	0.6101	0.0026	0.0	0.5546	0.0027	0.0
90perc_2repeat	0.35	0.3347	0.0617	0.0044	0.0	0.0	0.0	0.3366	0.5262	0.0269	0.0019	0.5767	0.0027	0.0	0.513	0.0027	0.0
15perc_2repeat	0.4	0.337	0.0679	0.0048	0.0	0.0	0.0	0.3537	0.5256	0.0256	0.0018	0.6288	0.0027	0.0	0.5749	0.003	0.0
100perc_2repeat	0.35	0.3322	0.0611	0.0043	0.0	0.0	0.0	0.3319	0.5262	0.0269	0.0019	0.5683	0.0027	0.0	0.5052	0.0027	0.0
70perc_5repeat	0.4	0.3187	0.0654	0.0046	0.0	0.0	0.0	0.3268	0.5256	0.0256	0.0018	0.5754	0.0023	0.0	0.5177	0.0025	0.0
70perc_5repeat	0.35	0.3322	0.0625	0.0044	0.0	0.0	0.0	0.3313	0.5262	0.0269	0.0019	0.577	0.0026	0.0	0.5146	0.0026	0.0
80perc_5repeat	0.35	0.3303	0.0609	0.0043	0.0	0.0	0.0	0.3338	0.5262	0.0269	0.0019	0.567	0.0026	0.0	0.504	0.0026	0.0
90perc_2repeat	0.4	0.3201	0.0655	0.0046	0.0	0.0	0.0	0.3217	0.5256	0.0256	0.0018	0.5738	0.0025	0.0	0.5165	0.0025	0.0
100perc_5repeat	0.4	0.3125	0.0578	0.0041	0.0	0.0	0.0	0.3063	0.5256	0.0256	0.0018	0.5468	0.0023	0.0	0.489	0.0023	0.0
50perc_10repeat	0.4	0.3239	0.0667	0.0047	0.0	0.0	0.0	0.3301	0.5256	0.0256	0.0018	0.5895	0.0024	0.0	0.5324	0.0026	0.0
80perc_5repeat	0.4	0.3174	0.0614	0.0043	0.0	0.0	0.0	0.3231	0.5256	0.0256	0.0018	0.567	0.0022	0.0	0.5083	0.0025	0.0
90perc_5repeat	0.35	0.3266	0.0596	0.0042	0.0	0.0	0.0	0.3275	0.5262	0.0269	0.0019	0.5596	0.0026	0.0	0.4972	0.0026	0.0
05perc_5repeat	0.4	0.3399	0.0677	0.0048	0.0	0.0	0.0	0.3523	0.5256	0.0256	0.0018	0.6354	0.0028	0.0	0.5821	0.0031	0.0
60perc_10repeat	0.4	0.3214	0.0647	0.0046	0.0	0.0	0.0	0.321	0.5256	0.0256	0.0018	0.5795	0.0024	0.0	0.5225	0.0025	0.0
100perc_5repeat	0.35	0.3235	0.0572	0.004	0.0	0.0	0.0	0.3262	0.5262	0.0269	0.0019	0.5502	0.0025	0.0	0.4853	0.0026	0.0
100perc_2repeat	0.4	0.3172	0.0621	0.0044	0.0	0.0	0.0	0.3172	0.5256	0.0256	0.0018	0.5662	0.0024	0.0	0.5077	0.0024	0.0
90perc_5repeat	0.4	0.3141	0.0591	0.0042	0.0	0.0	0.0	0.3154	0.5256	0.0256	0.0018	0.5565	0.0022	0.0	0.4974	0.0024	0.0
70perc_10repeat	0.4	0.3163	0.0631	0.0045	0.0	0.0	0.0	0.3184	0.5256	0.0256	0.0018	0.5696	0.0022	0.0	0.5123	0.0024	0.0
70perc_10repeat	0.35	0.3323	0.0615	0.0043	0.0	0.0	0.0	0.3374	0.5261	0.0269	0.0019	0.5721	0.0025	0.0	0.5091	0.0026	0.0
80perc_10repeat	0.4	0.3139	0.0609	0.0043	0.0	0.0	0.0	0.3136	0.5256	0.0256	0.0018	0.5592	0.0022	0.0	0.5011	0.0023	0.0
80perc_10repeat	0.35	0.3261	0.0603	0.0043	0.0	0.0	0.0	0.3242	0.5261	0.0269	0.0019	0.5599	0.0026	0.0	0.4976	0.0025	0.0
05perc_10repeat	0.4	0.3396	0.068	0.0048	0.0	0.0	0.0	0.3527	0.5256	0.0256	0.0018	0.6355	0.0028	0.0	0.5821	0.0031	0.0
90perc_10repeat	0.35	0.3247	0.0568	0.004	0.0	0.0	0.0	0.3246	0.5261	0.0269	0.0019	0.5508	0.0026	0.0	0.4867	0.0024	0.0
40perc_10repeat	0.4	0.3278	0.0677	0.0048	0.0	0.0	0.0	0.3341	0.5256	0.0256	0.0018	0.6008	0.0025	0.0	0.5451	0.0027	0.0
100perc_10repeat	0.35	0.3197	0.0544	0.0038	0.0	0.0	0.0	0.314	0.5261	0.0269	0.0019	0.5412	0.0024	0.0	0.4763	0.0025	0.0
80perc_2repeat	0.45	0.3123	0.065	0.0046	0.0	0.0	0.0	0.3098	0.5265	0.0212	0.0015	0.5825	0.0022	0.0	0.5212	0.0022	0.0
05perc_2repeat	0.45	0.3269	0.0669	0.0047	0.0	0.0	0.0	0.3316	0.5265	0.0212	0.0015	0.6392	0.0023	0.0	0.5812	0.0027	0.0
05perc_5repeat	0.45	0.3267	0.0671	0.0047	0.0	0.0	0.0	0.3345	0.5265	0.0212	0.0015	0.6386	0.0023	0.0	0.5808	0.0027	0.0
30perc_2repeat	0.45	0.3233	0.0669	0.0047	0.0	0.0	0.0	0.3281	0.5265	0.0212	0.0015	0.6206	0.0023	0.0	0.5611	0.0025	0.0
40perc_2repeat	0.45	0.3215	0.0662	0.0047	0.0	0.0	0.0	0.3223	0.5265	0.0212	0.0015	0.6136	0.0023	0.0	0.5544	0.0025	0.0
15perc_5repeat	0.45	0.3241	0.0669	0.0047	0.0	0.0	0.0	0.3275	0.5265	0.0212	0.0015	0.6289	0.0022	0.0	0.5705	0.0026	0.0
30perc_5repeat	0.45	0.3206	0.067	0.0047	0.0	0.0	0.0	0.3229	0.5265	0.0212	0.0015	0.6147	0.0021	0.0	0.5553	0.0025	0.0
100perc_10repeat	0.4	0.3093	0.0538	0.0038	0.0	0.0	0.0	0.3038	0.5256	0.0256	0.0018	0.539	0.0021	0.0	0.4794	0.0022	0.0
40perc_5repeat	0.45	0.3186	0.0668	0.0047	0.0	0.0	0.0	0.3195	0.5265	0.0212	0.0015	0.6055	0.0022	0.0	0.5452	0.0024	0.0
50perc_5repeat	0.45	0.3168	0.0666	0.0047	0.0	0.0	0.0	0.3193	0.5265	0.0212	0.0015	0.5972	0.0022	0.0	0.5365	0.0023	0.0
30perc_10repeat	0.5	0.3054	0.0654	0.0046	0.0	0.0	0.0	0.2994	0.5245	0.0212	0.0015	0.6113	0.002	0.0	0.558	0.0022	0.0
05perc_10repeat	0.45	0.3266	0.0672	0.0047	0.0	0.0	0.0	0.3335	0.5265	0.0212	0.0015	0.638	0.0023	0.0	0.5801	0.0026	0.0
05perc_2repeat	0.5	0.3086	0.0668	0.0047	0.0	0.0	0.0	0.3042	0.5246	0.0212	0.0015	0.6386	0.0021	0.0	0.5872	0.0024	0.0
15perc_10repeat	0.45	0.3243	0.0675	0.0048	0.0	0.0	0.0	0.3266	0.5265	0.0212	0.0015	0.6284	0.0023	0.0	0.5698	0.0026	0.0
80perc_5repeat	0.45	0.3101	0.0628	0.0044	0.0	0.0	0.0	0.3058	0.5265	0.0212	0.0015	0.5686	0.002	0.0	0.5054	0.0021	0.0
40perc_10repeat	0.45	0.3172	0.0663	0.0047	0.0	0.0	0.0	0.3208	0.5265	0.0212	0.0015	0.6024	0.0021	0.0	0.5425	0.0024	0.0
100perc_5repeat	0.45	0.3084	0.0562	0.004	0.0	0.0	0.0	0.2974	0.5265	0.0212	0.0015	0.5493	0.002	0.0	0.4856	0.0021	0.0
15perc_2repeat	0.45	0.3246	0.0665	0.0047	0.0	0.0	0.0	0.3252	0.5265	0.0212	0.0015	0.6321	0.0023	0.0	0.5741	0.0027	0.0
60perc_10repeat	0.45	0.3139	0.0641	0.0045	0.0	0.0	0.0	0.3112	0.5265	0.0212	0.0015	0.5832	0.002	0.0	0.5213	0.0022	0.0
70perc_10repeat	0.45	0.3112	0.0634	0.0045	0.0	0.0	0.0	0.3113	0.5265	0.0212	0.0015	0.5727	0.002	0.0	0.5098	0.0021	0.0
80perc_10repeat	0.45	0.3084	0.0607	0.0043	0.0	0.0	0.0	0.3032	0.5265	0.0212	0.0015	0.5618	0.002	0.0	0.4994	0.0021	0.0
90perc_10repeat	0.45	0.307	0.0576	0.0041	0.0	0.0	0.0	0.2966	0.5265	0.0212	0.0015	0.551	0.0019	0.0	0.488	0.002	0.0
50perc_2repeat	0.45	0.3173	0.0672	0.0048	0.0	0.0	0.0	0.3209	0.5265	0.0212	0.0015	0.6055	0.0023	0.0	0.5465	0.0024	0.0
60perc_2repeat	0.45	0.3153	0.0661	0.0047	0.0	0.0	0.0	0.3131	0.5265	0.0212	0.0015	0.5986	0.0022	0.0	0.539	0.0024	0.0
70perc_2repeat	0.5	0.3038	0.0647	0.0046	0.0	0.0	0.0	0.2966	0.5246	0.0212	0.0015	0.5904	0.0019	0.0	0.5346	0.0023	0.0
30perc_2repeat	0.5	0.3063	0.0664	0.0047	0.0	0.0	0.0	0.3043	0.5246	0.0212	0.0015	0.6197	0.0021	0.0	0.5673	0.0022	0.0
100perc_10repeat	0.45	0.3064	0.0542	0.0038	0.0	0.0	0.0	0.2904	0.5265	0.0212	0.0015	0.5412	0.002	0.0	0.4779	0.0019	0.0
70perc_2repeat	0.45	0.3138	0.0656	0.0046	0.0	0.0	0.0	0.3124	0.5265	0.0212	0.0015	0.59	0.0022	0.0	0.53	0.0023	0.0
05perc_10repeat	0.5	0.3085	0.0664	0.0047	0.0	0.0	0.0	0.3019	0.5245	0.0212	0.0015	0.6373	0.0021	0.0	0.5858	0.0024	0.0
90perc_2repeat	0.45	0.3116	0.0636	0.0045	0.0	0.0	0.0	0.3037	0.5265	0.0212	0.0015	0.5758	0.0022	0.0	0.5152	0.0023	0.0
100perc_2repeat	0.45	0.3098	0.062	0.0044	0.0	0.0	0.0	0.3003	0.5265	0.0212	0.0015	0.5679	0.002	0.0	0.5061	0.0023	0.0
40perc_2repeat	0.5	0.3056	0.0654	0.0046	0.0	0.0	0.0	0.3014	0.5246	0.0212	0.0015	0.6124	0.002	0.0	0.5589	0.0022	0.0
60perc_5repeat	0.45	0.315	0.0656	0.0046	0.0	0.0	0.0	0.3138	0.5265	0.0212	0.0015	0.5875	0.0021	0.0	0.5256	0.0023	0.0
70perc_5repeat	0.45	0.3111	0.064	0.0045	0.0	0.0	0.0	0.3093	0.5265	0.0212	0.0015	0.577	0.0021	0.0	0.5165	0.0022	0.0
15perc_2repeat	0.5	0.3078	0.066	0.0047	0.0	0.0	0.0	0.301	0.5246	0.0212	0.0015	0.6309	0.0021	0.0	0.5788	0.0024	0.0
05perc_5repeat	0.5	0.3089	0.0661	0.0047	0.0	0.0	0.0	0.3027	0.5245	0.0212	0.0015	0.638	0.0021	0.0	0.5863	0.0024	0.0
90perc_5repeat	0.45	0.3086	0.0607	0.0043	0.0	0.0	0.0	0.298	0.5265	0.0212	0.0015	0.559	0.002	0.0	0.4952	0.0021	0.0
50perc_2repeat	0.5	0.3053	0.0653	0.0046	0.0	0.0	0.0	0.2921	0.5246	0.0212	0.0015	0.6048	0.002	0.0	0.5505	0.0022	0.0
30perc_10repeat	0.45	0.32	0.0677	0.0048	0.0	0.0	0.0	0.3255	0.5265	0.0212	0.0015	0.6129	0.0022	0.0	0.5533	0.0024	0.0
50perc_10repeat	0.45	0.3146	0.0666	0.0047	0.0	0.0	0.0	0.3154	0.5265	0.0212	0.0015	0.5917	0.0021	0.0	0.5312	0.0023	0.0
15perc_5repeat	0.5	0.3071	0.0664	0.0047	0.0	0.0	0.0	0.2994	0.5245	0.0212	0.0015	0.6283	0.002	0.0	0.5762	0.0023	0.0
40perc_5repeat	0.5	0.3035	0.0656	0.0046	0.0	0.0	0.0	0.2989	0.5245	0.0212	0.0015	0.6042	0.0019	0.0	0.5512	0.0021	0.0
60perc_2repeat	0.5	0.3011	0.0665	0.0047	0.0	0.0	0.0	0.2997	0.5246	0.0212	0.0015	0.597	0.0019	0.0	0.5432	0.0022	0.0
30perc_5repeat	0.5	0.306	0.0666	0.0047	0.0	0.0	0.0	0.3002	0.5245	0.0212	0.0015	0.6147	0.002	0.0	0.561	0.0022	0.0
05perc_10repeat	0.6	0.2893	0.0578	0.0041	0.0	0.0	0.0	0.2788	0.5262	0.0159	0.0011	0.6399	0.0016	0.0	0.5839	0.0017	0.0
50perc_5repeat	0.5	0.3023	0.0644	0.0046	0.0	0.0	0.0	0.2928	0.5245	0.0212	0.0015	0.5952	0.0019	0.0	0.5405	0.002	0.0
80perc_2repeat	0.5	0.3011	0.0639	0.0045	0.0	0.0	0.0	0.2906	0.5246	0.0212	0.0015	0.5821	0.0018	0.0	0.5269	0.0021	0.0
60perc_5repeat	0.5	0.3021	0.0637	0.0045	0.0	0.0	0.0	0.2914	0.5245	0.0212	0.0015	0.5853	0.0019	0.0	0.53	0.0021	0.0
40perc_10repeat	0.5	0.303	0.065	0.0046	0.0	0.0	0.0	0.2988	0.5245	0.0212	0.0015	0.6007	0.0019	0.0	0.5471	0.0021	0.0
70perc_5repeat	0.5	0.3007	0.0616	0.0044	0.0	0.0	0.0	0.294	0.5245	0.0212	0.0015	0.5754	0.0018	0.0	0.52	0.002	0.0
90perc_2repeat	0.5	0.2983	0.0611	0.0043	0.0	0.0	0.0	0.2903	0.5246	0.0212	0.0015	0.574	0.0018	0.0	0.5196	0.002	0.0
15perc_10repeat	0.5	0.3073	0.0663	0.0047	0.0	0.0	0.0	0.3051	0.5245	0.0212	0.0015	0.6271	0.0021	0.0	0.5747	0.0023	0.0
100perc_2repeat	0.5	0.2993	0.0597	0.0042	0.0	0.0	0.0	0.2957	0.5246	0.0212	0.0015	0.5661	0.0018	0.0	0.5103	0.002	0.0
50perc_10repeat	0.5	0.3015	0.0645	0.0046	0.0	0.0	0.0	0.2964	0.5245	0.0212	0.0015	0.5904	0.0019	0.0	0.5358	0.002	0.0
80perc_5repeat	0.5	0.2996	0.0607	0.0043	0.0	0.0	0.0	0.2935	0.5245	0.0212	0.0015	0.5666	0.0018	0.0	0.5102	0.0019	0.0
60perc_10repeat	0.5	0.3005	0.0626	0.0044	0.0	0.0	0.0	0.291	0.5245	0.0212	0.0015	0.5803	0.0018	0.0	0.525	0.002	0.0
30perc_2repeat	0.6	0.2892	0.0592	0.0042	0.0	0.0	0.0	0.2766	0.5262	0.0159	0.0011	0.6218	0.0016	0.0	0.5648	0.0016	0.0
70perc_10repeat	0.5	0.2989	0.0607	0.0043	0.0	0.0	0.0	0.2893	0.5245	0.0212	0.0015	0.5696	0.0018	0.0	0.5141	0.0019	0.0
80perc_5repeat	0.6	0.2931	0.0552	0.0039	0.0	0.0	0.0	0.2842	0.5262	0.0159	0.0011	0.5696	0.0015	0.0	0.5083	0.0015	0.0
15perc_5repeat	0.6	0.2894	0.0585	0.0041	0.0	0.0	0.0	0.2787	0.5262	0.0159	0.0011	0.6308	0.0016	0.0	0.5741	0.0016	0.0
100perc_5repeat	0.5	0.2982	0.0542	0.0038	0.0	0.0	0.0	0.283	0.5245	0.0212	0.0015	0.5459	0.0019	0.0	0.4905	0.0019	0.0
40perc_2repeat	0.6	0.2898	0.0591	0.0042	0.0	0.0	0.0	0.2794	0.5262	0.0159	0.0011	0.6136	0.0017	0.0	0.5558	0.0016	0.0
15perc_2repeat	0.6	0.2891	0.0582	0.0041	0.0	0.0	0.0	0.2778	0.5262	0.0159	0.0011	0.6335	0.0017	0.0	0.5771	0.0016	0.0
80perc_10repeat	0.5	0.2977	0.0589	0.0042	0.0	0.0	0.0	0.2878	0.5245	0.0212	0.0015	0.5589	0.0017	0.0	0.5035	0.0019	0.0
90perc_10repeat	0.5	0.2996	0.0559	0.004	0.0	0.0	0.0	0.2894	0.5245	0.0212	0.0015	0.5497	0.0018	0.0	0.4921	0.0018	0.0
60perc_2repeat	0.6	0.2901	0.0587	0.0042	0.0	0.0	0.0	0.2849	0.5262	0.0159	0.0011	0.5994	0.0017	0.0	0.5402	0.0016	0.0
05perc_2repeat	0.6	0.2889	0.0581	0.0041	0.0	0.0	0.0	0.2788	0.5262	0.0159	0.0011	0.6404	0.0017	0.0	0.5848	0.0017	0.0
100perc_10repeat	0.5	0.2996	0.0529	0.0037	0.0	0.0	0.0	0.2876	0.5245	0.0212	0.0015	0.5384	0.0018	0.0	0.4814	0.0018	0.0
30perc_2repeat	0.7	0.2775	0.0521	0.0037	0.0	0.0	0.0	0.2745	0.5274	0.0132	0.0009	0.6238	0.0013	0.0	0.5644	0.0013	0.0
70perc_5repeat	0.6	0.2906	0.0567	0.004	0.0	0.0	0.0	0.2795	0.5262	0.0159	0.0011	0.5784	0.0014	0.0	0.5183	0.0015	0.0
90perc_5repeat	0.5	0.2998	0.058	0.0041	0.0	0.0	0.0	0.2891	0.5245	0.0212	0.0015	0.557	0.0018	0.0	0.5002	0.0019	0.0
05perc_5repeat	0.6	0.2893	0.0579	0.0041	0.0	0.0	0.0	0.279	0.5262	0.0159	0.0011	0.6399	0.0016	0.0	0.5838	0.0017	0.0
50perc_2repeat	0.6	0.2898	0.0584	0.0041	0.0	0.0	0.0	0.278	0.5262	0.0159	0.0011	0.6068	0.0016	0.0	0.5491	0.0016	0.0
90perc_2repeat	0.6	0.2907	0.0569	0.004	0.0	0.0	0.0	0.2813	0.5262	0.0159	0.0011	0.5767	0.0015	0.0	0.5171	0.0016	0.0
05perc_2repeat	0.7	0.275	0.0509	0.0036	0.0	0.0	0.0	0.2703	0.5274	0.0132	0.0009	0.6421	0.0014	0.0	0.5845	0.0014	0.0
100perc_2repeat	0.6	0.2909	0.0545	0.0039	0.0	0.0	0.0	0.2821	0.5262	0.0159	0.0011	0.5683	0.0016	0.0	0.5086	0.0015	0.0
30perc_5repeat	0.6	0.2899	0.0591	0.0042	0.0	0.0	0.0	0.2812	0.5262	0.0159	0.0011	0.6166	0.0016	0.0	0.5585	0.0016	0.0
15perc_2repeat	0.7	0.2751	0.0515	0.0036	0.0	0.0	0.0	0.2685	0.5274	0.0132	0.0009	0.6346	0.0013	0.0	0.5768	0.0014	0.0
90perc_5repeat	0.6	0.2935	0.0528	0.0037	0.0	0.0	0.0	0.2818	0.5262	0.0159	0.0011	0.5596	0.0015	0.0	0.4986	0.0015	0.0
05perc_5repeat	0.7	0.2753	0.051	0.0036	0.0	0.0	0.0	0.2714	0.5273	0.0132	0.0009	0.6414	0.0014	0.0	0.5834	0.0014	0.0
40perc_5repeat	0.6	0.289	0.0585	0.0041	0.0	0.0	0.0	0.2805	0.5262	0.0159	0.0011	0.6064	0.0015	0.0	0.5486	0.0015	0.0
70perc_2repeat	0.6	0.2894	0.0579	0.0041	0.0	0.0	0.0	0.2796	0.5262	0.0159	0.0011	0.5917	0.0016	0.0	0.5333	0.0016	0.0
80perc_2repeat	0.6	0.2904	0.0573	0.0041	0.0	0.0	0.0	0.2822	0.5262	0.0159	0.0011	0.585	0.0015	0.0	0.5253	0.0016	0.0
40perc_2repeat	0.7	0.2778	0.0527	0.0037	0.0	0.0	0.0	0.2747	0.5274	0.0132	0.0009	0.6159	0.0013	0.0	0.5563	0.0013	0.0
70perc_10repeat	0.6	0.2917	0.0555	0.0039	0.0	0.0	0.0	0.2823	0.5262	0.0159	0.0011	0.572	0.0014	0.0	0.5113	0.0014	0.0
60perc_5repeat	0.7	0.2832	0.0531	0.0038	0.0	0.0	0.0	0.2827	0.5273	0.0132	0.0009	0.5888	0.0012	0.0	0.5271	0.0012	0.0
50perc_5repeat	0.6	0.29	0.0577	0.0041	0.0	0.0	0.0	0.2793	0.5262	0.0159	0.0011	0.5977	0.0015	0.0	0.5388	0.0015	0.0
100perc_5repeat	0.6	0.2946	0.0505	0.0036	0.0	0.0	0.0	0.2862	0.5262	0.0159	0.0011	0.5487	0.0015	0.0	0.488	0.0015	0.0
15perc_5repeat	0.7	0.2764	0.0519	0.0037	0.0	0.0	0.0	0.2723	0.5273	0.0132	0.0009	0.6318	0.0013	0.0	0.573	0.0014	0.0
80perc_10repeat	0.6	0.2928	0.053	0.0037	0.0	0.0	0.0	0.2828	0.5262	0.0159	0.0011	0.5613	0.0014	0.0	0.5004	0.0014	0.0
60perc_5repeat	0.6	0.2897	0.0577	0.0041	0.0	0.0	0.0	0.2809	0.5262	0.0159	0.0011	0.588	0.0015	0.0	0.5287	0.0015	0.0
15perc_10repeat	0.6	0.289	0.0585	0.0041	0.0	0.0	0.0	0.2769	0.5262	0.0159	0.0011	0.6288	0.0016	0.0	0.5724	0.0016	0.0
50perc_2repeat	0.7	0.2795	0.053	0.0037	0.0	0.0	0.0	0.2757	0.5274	0.0132	0.0009	0.6079	0.0013	0.0	0.5476	0.0013	0.0
30perc_5repeat	0.7	0.2777	0.0531	0.0038	0.0	0.0	0.0	0.274	0.5273	0.0132	0.0009	0.6173	0.0013	0.0	0.5577	0.0013	0.0
90perc_10repeat	0.6	0.2949	0.0504	0.0036	0.0	0.0	0.0	0.2829	0.5262	0.0159	0.0011	0.5515	0.0014	0.0	0.4898	0.0014	0.0
05perc_10repeat	0.7	0.2752	0.051	0.0036	0.0	0.0	0.0	0.2709	0.5273	0.0132	0.0009	0.6409	0.0013	0.0	0.583	0.0014	0.0
60perc_2repeat	0.7	0.2813	0.0536	0.0038	0.0	0.0	0.0	0.2795	0.5274	0.0132	0.0009	0.6004	0.0013	0.0	0.5391	0.0014	0.0
30perc_10repeat	0.6	0.289	0.0586	0.0041	0.0	0.0	0.0	0.2786	0.5262	0.0159	0.0011	0.6138	0.0015	0.0	0.5564	0.0016	0.0
15perc_2repeat	0.8	0.2529	0.045	0.0032	0.0	0.0	0.0	0.2479	0.5262	0.0096	0.0007	0.6325	0.001	0.0	0.5746	0.001	0.0
40perc_10repeat	0.6	0.2896	0.0581	0.0041	0.0	0.0	0.0	0.2778	0.5262	0.0159	0.0011	0.6031	0.0015	0.0	0.5446	0.0015	0.0
50perc_5repeat	0.7	0.281	0.0534	0.0038	0.0	0.0	0.0	0.2776	0.5273	0.0132	0.0009	0.599	0.0012	0.0	0.538	0.0013	0.0
40perc_5repeat	0.7	0.2805	0.0535	0.0038	0.0	0.0	0.0	0.2776	0.5273	0.0132	0.0009	0.6081	0.0012	0.0	0.5471	0.0013	0.0
50perc_10repeat	0.6	0.2902	0.0574	0.0041	0.0	0.0	0.0	0.2804	0.5262	0.0159	0.0011	0.5935	0.0015	0.0	0.5339	0.0015	0.0
15perc_10repeat	0.7	0.2761	0.0521	0.0037	0.0	0.0	0.0	0.2723	0.5273	0.0132	0.0009	0.6303	0.0013	0.0	0.5718	0.0013	0.0
80perc_2repeat	0.7	0.2833	0.0532	0.0038	0.0	0.0	0.0	0.2785	0.5274	0.0132	0.0009	0.5864	0.0013	0.0	0.525	0.0013	0.0
30perc_10repeat	0.7	0.2783	0.0528	0.0037	0.0	0.0	0.0	0.2733	0.5273	0.0132	0.0009	0.6154	0.0012	0.0	0.5556	0.0013	0.0
60perc_10repeat	0.6	0.2907	0.0568	0.004	0.0	0.0	0.0	0.2801	0.5262	0.0159	0.0011	0.5826	0.0014	0.0	0.5228	0.0015	0.0
40perc_10repeat	0.7	0.2804	0.0534	0.0038	0.0	0.0	0.0	0.2763	0.5273	0.0132	0.0009	0.6049	0.0012	0.0	0.5441	0.0013	0.0
30perc_2repeat	0.8	0.2547	0.0456	0.0032	0.0	0.0	0.0	0.2503	0.5262	0.0096	0.0007	0.621	0.001	0.0	0.563	0.001	0.0
80perc_5repeat	0.7	0.2881	0.0522	0.0037	0.0	0.0	0.0	0.2864	0.5273	0.0132	0.0009	0.5702	0.0011	0.0	0.5071	0.0012	0.0
100perc_2repeat	0.7	0.288	0.0511	0.0036	0.0	0.0	0.0	0.283	0.5274	0.0132	0.0009	0.57	0.0012	0.0	0.507	0.0012	0.0
60perc_5repeat	0.8	0.2657	0.0485	0.0034	0.0	0.0	0.0	0.2613	0.5262	0.0096	0.0007	0.5873	0.0009	0.0	0.5269	0.0009	0.0
05perc_5repeat	0.8	0.2515	0.0441	0.0031	0.0	0.0	0.0	0.2444	0.5262	0.0096	0.0007	0.6391	0.001	0.0	0.5819	0.001	0.0
90perc_5repeat	0.7	0.2917	0.0503	0.0036	0.0	0.0	0.0	0.2904	0.5273	0.0132	0.0009	0.5602	0.0012	0.0	0.4962	0.0012	0.0
05perc_2repeat	0.8	0.2513	0.0439	0.0031	0.0	0.0	0.0	0.2443	0.5262	0.0096	0.0007	0.6401	0.001	0.0	0.5829	0.001	0.0
70perc_2repeat	0.7	0.2829	0.0529	0.0037	0.0	0.0	0.0	0.2817	0.5274	0.0132	0.0009	0.594	0.0013	0.0	0.5319	0.0013	0.0
50perc_2repeat	0.8	0.2585	0.0478	0.0034	0.0	0.0	0.0	0.2539	0.5262	0.0096	0.0007	0.6063	0.0009	0.0	0.5474	0.001	0.0
30perc_5repeat	0.8	0.2559	0.0461	0.0033	0.0	0.0	0.0	0.2483	0.5262	0.0096	0.0007	0.6157	0.001	0.0	0.5573	0.0009	0.0
100perc_10repeat	0.6	0.2973	0.0479	0.0034	0.0	0.0	0.0	0.2848	0.5262	0.0159	0.0011	0.5406	0.0014	0.0	0.478	0.0014	0.0
70perc_2repeat	0.8	0.2645	0.048	0.0034	0.0	0.0	0.0	0.2611	0.5262	0.0096	0.0007	0.5916	0.001	0.0	0.5312	0.001	0.0
40perc_5repeat	0.8	0.2588	0.0475	0.0034	0.0	0.0	0.0	0.2561	0.5262	0.0096	0.0007	0.6062	0.0009	0.0	0.547	0.001	0.0
90perc_2repeat	0.7	0.2859	0.0522	0.0037	0.0	0.0	0.0	0.2811	0.5274	0.0132	0.0009	0.578	0.0012	0.0	0.5158	0.0013	0.0
60perc_10repeat	0.7	0.2845	0.0537	0.0038	0.0	0.0	0.0	0.2829	0.5273	0.0132	0.0009	0.5841	0.0012	0.0	0.5219	0.0012	0.0
40perc_2repeat	0.8	0.2568	0.0471	0.0033	0.0	0.0	0.0	0.2509	0.5262	0.0096	0.0007	0.6138	0.0009	0.0	0.5553	0.001	0.0
80perc_2repeat	0.8	0.2663	0.0485	0.0034	0.0	0.0	0.0	0.2604	0.5262	0.0096	0.0007	0.5843	0.001	0.0	0.5243	0.0009	0.0
80perc_10repeat	0.7	0.2898	0.0506	0.0036	0.0	0.0	0.0	0.2884	0.5273	0.0132	0.0009	0.5633	0.0012	0.0	0.5002	0.0012	0.0
50perc_5repeat	0.8	0.2627	0.0477	0.0034	0.0	0.0	0.0	0.2592	0.5262	0.0096	0.0007	0.5976	0.0009	0.0	0.5371	0.0009	0.0
70perc_5repeat	0.7	0.2857	0.0531	0.0038	0.0	0.0	0.0	0.2838	0.5273	0.0132	0.0009	0.5799	0.0012	0.0	0.5172	0.0013	0.0
05perc_10repeat	0.8	0.2514	0.0441	0.0031	0.0	0.0	0.0	0.2452	0.5262	0.0097	0.0007	0.6386	0.001	0.0	0.5816	0.001	0.0
60perc_2repeat	0.8	0.2617	0.0475	0.0034	0.0	0.0	0.0	0.2567	0.5262	0.0096	0.0007	0.5983	0.0009	0.0	0.5384	0.001	0.0
15perc_5repeat	0.8	0.2533	0.0449	0.0032	0.0	0.0	0.0	0.248	0.5262	0.0096	0.0007	0.6297	0.001	0.0	0.5718	0.001	0.0
15perc_10repeat	0.8	0.2532	0.0453	0.0032	0.0	0.0	0.0	0.247	0.5262	0.0097	0.0007	0.6284	0.0009	0.0	0.5706	0.001	0.0
05perc_2repeat	0.9	0.2435	0.0396	0.0028	0.0	0.0	0.0	0.2404	0.5274	0.0065	0.0005	0.643	0.0007	0.0	0.5842	0.0007	0.0
90perc_10repeat	0.7	0.2937	0.0483	0.0034	0.0	0.0	0.0	0.2929	0.5273	0.0132	0.0009	0.5528	0.0012	0.0	0.4886	0.0011	0.0
100perc_10repeat	0.8	0.2901	0.0442	0.0031	0.0	0.0	0.0	0.2847	0.5262	0.0097	0.0007	0.5419	0.0008	0.0	0.4784	0.0009	0.0
80perc_5repeat	0.8	0.2735	0.0477	0.0034	0.0	0.0	0.0	0.2673	0.5262	0.0096	0.0007	0.5681	0.0009	0.0	0.5074	0.0009	0.0
100perc_2repeat	0.8	0.2748	0.0477	0.0034	0.0	0.0	0.0	0.2697	0.5262	0.0096	0.0007	0.5689	0.001	0.0	0.5071	0.001	0.0
100perc_5repeat	0.7	0.2945	0.0476	0.0034	0.0	0.0	0.0	0.2908	0.5273	0.0132	0.0009	0.5511	0.0011	0.0	0.4865	0.0012	0.0
50perc_10repeat	0.7	0.2818	0.0529	0.0037	0.0	0.0	0.0	0.2802	0.5273	0.0132	0.0009	0.5941	0.0012	0.0	0.5332	0.0012	0.0
40perc_10repeat	0.8	0.2602	0.0475	0.0034	0.0	0.0	0.0	0.2562	0.5262	0.0097	0.0007	0.6029	0.0009	0.0	0.5434	0.0009	0.0
90perc_5repeat	0.8	0.2782	0.0468	0.0033	0.0	0.0	0.0	0.2739	0.5262	0.0096	0.0007	0.5598	0.0009	0.0	0.4983	0.0009	0.0
15perc_2repeat	0.9	0.2447	0.04	0.0028	0.0	0.0	0.0	0.2411	0.5274	0.0065	0.0005	0.6354	0.0007	0.0	0.5762	0.0007	0.0
05perc_5repeat	0.9	0.2435	0.0396	0.0028	0.0	0.0	0.0	0.2405	0.5273	0.0065	0.0005	0.6421	0.0006	0.0	0.5832	0.0007	0.0
90perc_2repeat	0.8	0.2702	0.0486	0.0034	0.0	0.0	0.0	0.2649	0.5262	0.0096	0.0007	0.5758	0.0009	0.0	0.5154	0.001	0.0
50perc_10repeat	0.8	0.2633	0.0476	0.0034	0.0	0.0	0.0	0.2582	0.5262	0.0097	0.0007	0.5928	0.0009	0.0	0.5329	0.0009	0.0
70perc_5repeat	0.8	0.2703	0.0493	0.0035	0.0	0.0	0.0	0.2658	0.5262	0.0096	0.0007	0.578	0.0009	0.0	0.5167	0.001	0.0
15perc_5repeat	0.9	0.2455	0.0403	0.0029	0.0	0.0	0.0	0.2422	0.5273	0.0065	0.0005	0.6327	0.0006	0.0	0.5731	0.0007	0.0
50perc_2repeat	0.9	0.2526	0.0427	0.003	0.0	0.0	0.0	0.2505	0.5274	0.0065	0.0005	0.6082	0.0007	0.0	0.5471	0.0008	0.0
100perc_5repeat	0.8	0.2838	0.0457	0.0032	0.0	0.0	0.0	0.2784	0.5262	0.0096	0.0007	0.5502	0.0009	0.0	0.4882	0.0009	0.0
70perc_10repeat	0.7	0.2872	0.0516	0.0036	0.0	0.0	0.0	0.2837	0.5273	0.0132	0.0009	0.5728	0.0011	0.0	0.5101	0.0012	0.0
30perc_2repeat	0.9	0.248	0.0417	0.003	0.0	0.0	0.0	0.246	0.5274	0.0065	0.0005	0.624	0.0007	0.0	0.5636	0.0008	0.0
40perc_2repeat	0.9	0.2501	0.0425	0.003	0.0	0.0	0.0	0.2446	0.5274	0.0065	0.0005	0.6166	0.0007	0.0	0.5558	0.0008	0.0
80perc_5repeat	0.9	0.272	0.0462	0.0033	0.0	0.0	0.0	0.2707	0.5273	0.0065	0.0005	0.5714	0.0007	0.0	0.5076	0.0007	0.0
30perc_5repeat	0.9	0.2486	0.0417	0.0029	0.0	0.0	0.0	0.2453	0.5273	0.0065	0.0005	0.6183	0.0006	0.0	0.5581	0.0007	0.0
40perc_5repeat	0.9	0.2523	0.0427	0.003	0.0	0.0	0.0	0.2494	0.5273	0.0065	0.0005	0.6096	0.0006	0.0	0.5481	0.0007	0.0
80perc_2repeat	0.9	0.2634	0.0455	0.0032	0.0	0.0	0.0	0.2622	0.5274	0.0065	0.0005	0.5862	0.0007	0.0	0.5233	0.0008	0.0
80perc_10repeat	0.8	0.2774	0.0477	0.0034	0.0	0.0	0.0	0.2719	0.5262	0.0097	0.0007	0.5614	0.0009	0.0	0.5	0.0009	0.0
90perc_2repeat	0.9	0.2671	0.0455	0.0032	0.0	0.0	0.0	0.2635	0.5274	0.0065	0.0005	0.5782	0.0007	0.0	0.515	0.0007	0.0
60perc_2repeat	0.9	0.2563	0.0446	0.0032	0.0	0.0	0.0	0.2534	0.5274	0.0065	0.0005	0.6012	0.0007	0.0	0.5388	0.0008	0.0
50perc_5repeat	0.9	0.2563	0.044	0.0031	0.0	0.0	0.0	0.2535	0.5273	0.0065	0.0005	0.5993	0.0006	0.0	0.5374	0.0007	0.0
100perc_2repeat	0.9	0.2721	0.0464	0.0033	0.0	0.0	0.0	0.2732	0.5274	0.0065	0.0005	0.5703	0.0007	0.0	0.5068	0.0007	0.0
60perc_5repeat	0.9	0.2617	0.045	0.0032	0.0	0.0	0.0	0.262	0.5273	0.0065	0.0005	0.5896	0.0007	0.0	0.5266	0.0007	0.0
30perc_10repeat	0.8	0.2571	0.0468	0.0033	0.0	0.0	0.0	0.2514	0.5262	0.0097	0.0007	0.6131	0.0009	0.0	0.5542	0.0009	0.0
100perc_10repeat	0.7	0.2964	0.0458	0.0032	0.0	0.0	0.0	0.2942	0.5273	0.0132	0.0009	0.5419	0.0011	0.0	0.478	0.0011	0.0
70perc_2repeat	0.9	0.2594	0.0457	0.0032	0.0	0.0	0.0	0.2566	0.5274	0.0065	0.0005	0.593	0.0007	0.0	0.5311	0.0008	0.0
90perc_10repeat	0.8	0.2834	0.0459	0.0032	0.0	0.0	0.0	0.2792	0.5262	0.0097	0.0007	0.5519	0.0009	0.0	0.4895	0.0009	0.0
70perc_5repeat	0.9	0.2661	0.0455	0.0032	0.0	0.0	0.0	0.266	0.5273	0.0065	0.0005	0.5805	0.0006	0.0	0.5173	0.0007	0.0
15perc_10repeat	0.9	0.2459	0.0406	0.0029	0.0	0.0	0.0	0.2421	0.5273	0.0065	0.0005	0.6313	0.0006	0.0	0.5715	0.0007	0.0
30perc_10repeat	0.9	0.25	0.0419	0.003	0.0	0.0	0.0	0.2485	0.5273	0.0065	0.0005	0.6159	0.0006	0.0	0.5551	0.0007	0.0
60perc_10repeat	0.8	0.2679	0.0488	0.0035	0.0	0.0	0.0	0.263	0.5262	0.0097	0.0007	0.5825	0.0009	0.0	0.5217	0.0009	0.0
100perc_5repeat	0.9	0.2861	0.0467	0.0033	0.0	0.0	0.0	0.2829	0.5273	0.0065	0.0005	0.5513	0.0006	0.0	0.4863	0.0007	0.0
70perc_10repeat	0.8	0.2729	0.0482	0.0034	0.0	0.0	0.0	0.2687	0.5262	0.0097	0.0007	0.5728	0.0009	0.0	0.5111	0.0009	0.0
50perc_10repeat	0.9	0.2584	0.0447	0.0032	0.0	0.0	0.0	0.2565	0.5273	0.0065	0.0005	0.5949	0.0006	0.0	0.5328	0.0007	0.0
90perc_5repeat	0.9	0.2784	0.0469	0.0033	0.0	0.0	0.0	0.2785	0.5273	0.0065	0.0005	0.5613	0.0006	0.0	0.4969	0.0007	0.0
05perc_10repeat	0.9	0.2437	0.0396	0.0028	0.0	0.0	0.0	0.2403	0.5273	0.0065	0.0005	0.6417	0.0006	0.0	0.5827	0.0007	0.0
70perc_10repeat	0.9	0.2695	0.0462	0.0033	0.0	0.0	0.0	0.2674	0.5273	0.0065	0.0005	0.5745	0.0006	0.0	0.5111	0.0007	0.0
80perc_10repeat	0.9	0.276	0.0462	0.0033	0.0	0.0	0.0	0.2736	0.5273	0.0065	0.0005	0.5637	0.0006	0.0	0.4999	0.0006	0.0
40perc_10repeat	0.9	0.2538	0.0431	0.003	0.0	0.0	0.0	0.2506	0.5273	0.0065	0.0005	0.6054	0.0006	0.0	0.544	0.0007	0.0
60perc_10repeat	0.9	0.2642	0.0455	0.0032	0.0	0.0	0.0	0.2624	0.5273	0.0065	0.0005	0.5847	0.0006	0.0	0.5215	0.0007	0.0
90perc_10repeat	0.9	0.2838	0.046	0.0033	0.0	0.0	0.0	0.2827	0.5273	0.0065	0.0005	0.553	0.0006	0.0	0.4886	0.0006	0.0
100perc_10repeat	0.9	0.2924	0.0458	0.0032	0.0	0.0	0.0	0.2896	0.5273	0.0065	0.0005	0.5424	0.0006	0.0	0.4774	0.0007	0.0
