Label	trainingSize	Accuracy_Mean	Accuracy_SD	Accuracy_SE	Precision_Mean	Recall_Mean	F1	Accuracy_Median	PriorClass0_Mean	PriorClass0_SD	PriorClass0_SE	ProbabilityEstimate_0given0_Mean 	ProbabilityEstimate_0given0_SD 	ProbabilityEstimate_0given0_SE 	ProbabilityEstimate_1given1_Mean	ProbabilityEstimate_1given1_SD	ProbabilityEstimate_1given1_SE

original	0.9	0.2393	0.0428	0.003	0.0	0.0	0.0	0.2361	0.527	0.0063	0.0004	0.6451	0.0006	0.0	0.5876	0.0007	0.0
original	0.8	0.2636	0.0466	0.0033	0.0	0.0	0.0	0.2607	0.5293	0.01	0.0007	0.647	0.001	0.0	0.5858	0.001	0.0
original	0.7	0.2687	0.0507	0.0036	0.0	0.0	0.0	0.2609	0.5264	0.0132	0.0009	0.6441	0.0013	0.0	0.5905	0.0014	0.0
original	0.6	0.3031	0.0594	0.0042	0.0	0.0	0.0	0.3068	0.5293	0.0158	0.0011	0.6464	0.0015	0.0	0.5829	0.0019	0.0
original	0.5	0.3244	0.0636	0.0045	0.0	0.0	0.0	0.3282	0.528	0.0218	0.0015	0.6446	0.0021	0.0	0.5867	0.0023	0.0
original	0.45	0.3351	0.0645	0.0046	0.0	0.0	0.0	0.3398	0.5289	0.0228	0.0016	0.6459	0.0025	0.0	0.5843	0.0025	0.0
original	0.4	0.3446	0.0671	0.0047	0.0	0.0	0.0	0.3493	0.5268	0.0236	0.0017	0.6413	0.0029	0.0	0.5854	0.0028	0.0
original	0.35	0.3569	0.0625	0.0044	0.0	0.0	0.0	0.367	0.5271	0.0238	0.0017	0.6424	0.003	0.0	0.5867	0.003	0.0
original	0.3	0.3806	0.0647	0.0046	0.0	0.0	0.0	0.3966	0.5287	0.0328	0.0023	0.641	0.0037	0.0	0.5832	0.004	0.0
original	0.25	0.3916	0.0648	0.0046	0.0	0.0	0.0	0.4059	0.5283	0.0369	0.0026	0.6429	0.0042	0.0	0.5772	0.0048	0.0
original	0.2	0.4004	0.0624	0.0044	0.0	0.0	0.0	0.407	0.5248	0.0422	0.003	0.6334	0.0049	0.0	0.583	0.0054	0.0
original	0.1	0.4209	0.0668	0.0047	0.0	0.0	0.0	0.4367	0.5206	0.0558	0.0039	0.6175	0.0086	0.0	0.5748	0.01	0.0
original	0.05	0.4187	0.0767	0.0054	0.0	0.0	0.0	0.4475	0.5369	0.0887	0.0063	0.5694	0.0137	0.0	0.5149	0.014	0.0

15perc_2repeat	0.1	0.4184	0.0732	0.0052	0.0	0.0	0.0	0.4381	0.5225	0.0624	0.0044	0.5993	0.0105	0.0	0.5577	0.0115	0.0
30perc_5repeat	0.1	0.4181	0.0699	0.0049	0.0	0.0	0.0	0.4392	0.5291	0.0542	0.0038	0.6365	0.0099	0.0	0.5734	0.0108	0.0
05perc_5repeat	0.1	0.4221	0.0627	0.0044	0.0	0.0	0.0	0.4325	0.5272	0.0582	0.0041	0.6174	0.0102	0.0	0.5629	0.0105	0.0
15perc_5repeat	0.1	0.4254	0.0667	0.0047	0.0	0.0	0.0	0.4435	0.5346	0.0612	0.0043	0.6343	0.0102	0.0	0.5645	0.0107	0.0
40perc_10repeat	0.1	0.4258	0.0648	0.0046	0.0	0.0	0.0	0.4412	0.5236	0.0629	0.0044	0.6319	0.0103	0.0	0.5524	0.0115	0.0
30perc_10repeat	0.1	0.4181	0.0682	0.0048	0.0	0.0	0.0	0.4354	0.5289	0.0562	0.004	0.6272	0.0097	0.0	0.5676	0.0104	0.0
70perc_2repeat	0.05	0.4152	0.0812	0.0057	0.0	0.0	0.0	0.4384	0.5225	0.0965	0.0068	0.5446	0.0143	0.0	0.5163	0.015	0.0
80perc_5repeat	0.05	0.4296	0.0777	0.0055	0.0	0.0	0.0	0.4569	0.5421	0.0962	0.0068	0.5726	0.0148	0.0	0.5474	0.0151	0.0
100perc_5repeat	0.05	0.4196	0.0788	0.0056	0.0	0.0	0.0	0.4482	0.5273	0.0888	0.0063	0.5606	0.0135	0.0	0.5342	0.0135	0.0
80perc_2repeat	0.05	0.4141	0.08	0.0057	0.0	0.0	0.0	0.4454	0.5196	0.0924	0.0065	0.5505	0.0149	0.0	0.5022	0.0147	0.0
90perc_2repeat	0.05	0.409	0.0837	0.0059	0.0	0.0	0.0	0.4385	0.5222	0.0952	0.0067	0.5527	0.0134	0.0	0.4944	0.0149	0.0
30perc_2repeat	0.05	0.4282	0.0725	0.0051	0.0	0.0	0.0	0.4539	0.5235	0.0801	0.0057	0.5702	0.0171	0.0	0.5451	0.016	0.0
15perc_10repeat	0.1	0.4276	0.0621	0.0044	0.0	0.0	0.0	0.4415	0.5339	0.0597	0.0042	0.6427	0.0098	0.0	0.5593	0.0114	0.0
70perc_5repeat	0.05	0.4342	0.0693	0.0049	0.0	0.0	0.0	0.4543	0.5312	0.0994	0.007	0.5631	0.0157	0.0	0.5259	0.016	0.0
90perc_5repeat	0.05	0.4189	0.0783	0.0055	0.0	0.0	0.0	0.4462	0.5329	0.0955	0.0068	0.5703	0.0137	0.0	0.5333	0.0139	0.0
100perc_2repeat	0.05	0.4179	0.0732	0.0052	0.0	0.0	0.0	0.441	0.5284	0.0848	0.006	0.585	0.014	0.0	0.5128	0.0132	0.0
60perc_10repeat	0.05	0.4327	0.0701	0.005	0.0	0.0	0.0	0.4569	0.5227	0.0937	0.0066	0.5717	0.0189	0.0	0.5406	0.0167	0.0
15perc_2repeat	0.05	0.4321	0.0722	0.0051	0.0	0.0	0.0	0.4579	0.531	0.0885	0.0063	0.563	0.0183	0.0	0.5234	0.0172	0.0
80perc_10repeat	0.05	0.4117	0.0819	0.0058	0.0	0.0	0.0	0.4427	0.524	0.0971	0.0069	0.5409	0.0163	0.0	0.5094	0.0161	0.0
70perc_10repeat	0.05	0.433	0.0713	0.005	0.0	0.0	0.0	0.4499	0.5216	0.0859	0.0061	0.5769	0.0162	0.0	0.5421	0.0182	0.0
30perc_5repeat	0.05	0.4311	0.0713	0.005	0.0	0.0	0.0	0.4503	0.5286	0.0861	0.0061	0.598	0.0175	0.0	0.514	0.0191	0.0
40perc_5repeat	0.05	0.4268	0.0674	0.0048	0.0	0.0	0.0	0.4477	0.5267	0.0866	0.0061	0.5522	0.0189	0.0	0.5114	0.0185	0.0
15perc_10repeat	0.05	0.4365	0.0664	0.0047	0.0	0.0	0.0	0.4555	0.5282	0.0912	0.0064	0.5888	0.0189	0.0	0.4785	0.0211	0.0
30perc_10repeat	0.05	0.4422	0.064	0.0045	0.0	0.0	0.0	0.457	0.5248	0.0802	0.0057	0.5913	0.0202	0.0	0.4922	0.0215	0.0
50perc_5repeat	0.1	0.4261	0.0675	0.0048	0.0	0.0	0.0	0.4417	0.5195	0.0649	0.0046	0.607	0.0109	0.0	0.5718	0.0101	0.0
50perc_2repeat	0.1	0.4293	0.0667	0.0047	0.0	0.0	0.0	0.4494	0.5265	0.0656	0.0046	0.6145	0.0099	0.0	0.5623	0.0113	0.0
50perc_10repeat	0.1	0.433	0.0582	0.0041	0.0	0.0	0.0	0.443	0.5186	0.0628	0.0044	0.6189	0.0109	0.0	0.5673	0.0119	0.0
05perc_10repeat	0.05	0.4311	0.0742	0.0052	0.0	0.0	0.0	0.4577	0.5279	0.0945	0.0067	0.5211	0.0219	0.0	0.4613	0.022	0.0
50perc_2repeat	0.05	0.4314	0.0701	0.005	0.0	0.0	0.0	0.4533	0.5288	0.0962	0.0068	0.5716	0.016	0.0	0.5202	0.0163	0.0
05perc_2repeat	0.1	0.4284	0.0653	0.0046	0.0	0.0	0.0	0.439	0.5256	0.0631	0.0045	0.6169	0.0097	0.0	0.5627	0.0111	0.0
30perc_2repeat	0.1	0.413	0.0656	0.0046	0.0	0.0	0.0	0.427	0.5286	0.0555	0.0039	0.6275	0.0086	0.0	0.5542	0.0113	0.0
40perc_5repeat	0.1	0.4309	0.0626	0.0044	0.0	0.0	0.0	0.4455	0.5266	0.0574	0.0041	0.614	0.0111	0.0	0.5671	0.0116	0.0
60perc_2repeat	0.05	0.4274	0.0737	0.0052	0.0	0.0	0.0	0.4504	0.5252	0.0862	0.0061	0.5548	0.0158	0.0	0.5249	0.0156	0.0
40perc_2repeat	0.1	0.4309	0.0602	0.0043	0.0	0.0	0.0	0.4383	0.5295	0.0676	0.0048	0.6217	0.0099	0.0	0.5751	0.0102	0.0
05perc_10repeat	0.1	0.4212	0.064	0.0045	0.0	0.0	0.0	0.4349	0.5284	0.0555	0.0039	0.6441	0.01	0.0	0.5642	0.0112	0.0
100perc_10repeat	0.05	0.4224	0.0802	0.0057	0.0	0.0	0.0	0.454	0.5315	0.0915	0.0065	0.5828	0.0135	0.0	0.5279	0.0144	0.0
40perc_2repeat	0.05	0.432	0.0732	0.0052	0.0	0.0	0.0	0.4558	0.5321	0.0884	0.0063	0.5735	0.0163	0.0	0.5477	0.0165	0.0
05perc_2repeat	0.05	0.43	0.0769	0.0054	0.0	0.0	0.0	0.4528	0.5245	0.0975	0.0069	0.5639	0.0175	0.0	0.5323	0.0188	0.0
60perc_5repeat	0.05	0.4164	0.0767	0.0054	0.0	0.0	0.0	0.4455	0.5223	0.0937	0.0066	0.5431	0.0167	0.0	0.5066	0.017	0.0
90perc_10repeat	0.05	0.4264	0.0727	0.0051	0.0	0.0	0.0	0.4494	0.5298	0.088	0.0062	0.5735	0.0152	0.0	0.541	0.0147	0.0
05perc_5repeat	0.05	0.4381	0.073	0.0052	0.0	0.0	0.0	0.4553	0.5229	0.0894	0.0063	0.5655	0.0191	0.0	0.5477	0.021	0.0
50perc_10repeat	0.05	0.4335	0.0654	0.0046	0.0	0.0	0.0	0.4548	0.5257	0.0862	0.0061	0.5376	0.0192	0.0	0.4905	0.0189	0.0
50perc_5repeat	0.05	0.4328	0.0705	0.005	0.0	0.0	0.0	0.4531	0.5208	0.0951	0.0067	0.5535	0.0171	0.0	0.5123	0.0179	0.0
40perc_10repeat	0.05	0.436	0.0735	0.0052	0.0	0.0	0.0	0.4567	0.5217	0.0942	0.0067	0.5928	0.0182	0.0	0.5235	0.0208	0.0
15perc_5repeat	0.05	0.4345	0.0668	0.0047	0.0	0.0	0.0	0.4534	0.5328	0.0876	0.0062	0.5691	0.0204	0.0	0.5049	0.0192	0.0
05perc_2repeat	0.2	0.4111	0.0578	0.0041	0.0	0.0	0.0	0.4219	0.5301	0.0416	0.0029	0.6411	0.0056	0.0	0.5791	0.0057	0.0
30perc_2repeat	0.2	0.4143	0.0574	0.0041	0.0	0.0	0.0	0.4275	0.5254	0.0431	0.003	0.6363	0.0055	0.0	0.5786	0.0062	0.0
15perc_2repeat	0.2	0.4057	0.0552	0.0039	0.0	0.0	0.0	0.4176	0.5281	0.0393	0.0028	0.6403	0.0049	0.0	0.5754	0.0058	0.0
60perc_2repeat	0.1	0.4262	0.0672	0.0048	0.0	0.0	0.0	0.4467	0.5247	0.0666	0.0047	0.6128	0.0103	0.0	0.5647	0.0109	0.0
05perc_5repeat	0.2	0.4103	0.0612	0.0043	0.0	0.0	0.0	0.4213	0.5251	0.0443	0.0031	0.6369	0.0057	0.0	0.5838	0.0055	0.0
15perc_5repeat	0.2	0.4092	0.0613	0.0043	0.0	0.0	0.0	0.4207	0.5231	0.0413	0.0029	0.6359	0.0051	0.0	0.5845	0.0061	0.0
30perc_5repeat	0.2	0.4028	0.0607	0.0043	0.0	0.0	0.0	0.4211	0.5282	0.0401	0.0028	0.6304	0.0055	0.0	0.5695	0.0057	0.0
60perc_5repeat	0.1	0.4237	0.0647	0.0046	0.0	0.0	0.0	0.4416	0.5292	0.069	0.0049	0.6285	0.0098	0.0	0.5532	0.0119	0.0
70perc_2repeat	0.1	0.414	0.0702	0.005	0.0	0.0	0.0	0.4322	0.523	0.0612	0.0043	0.5971	0.0097	0.0	0.5617	0.0096	0.0
90perc_2repeat	0.1	0.4154	0.0719	0.0051	0.0	0.0	0.0	0.4359	0.5288	0.0733	0.0052	0.6112	0.0097	0.0	0.5583	0.0097	0.0
80perc_2repeat	0.1	0.4142	0.0692	0.0049	0.0	0.0	0.0	0.4293	0.53	0.0675	0.0048	0.6017	0.0095	0.0	0.5453	0.0102	0.0
80perc_5repeat	0.1	0.4227	0.0652	0.0046	0.0	0.0	0.0	0.4408	0.5373	0.067	0.0047	0.6171	0.0104	0.0	0.5595	0.0099	0.0
100perc_2repeat	0.1	0.4329	0.0608	0.0043	0.0	0.0	0.0	0.4494	0.5296	0.0638	0.0045	0.6138	0.0105	0.0	0.5724	0.0095	0.0
90perc_5repeat	0.1	0.415	0.071	0.005	0.0	0.0	0.0	0.4368	0.5233	0.0711	0.005	0.5976	0.0102	0.0	0.5584	0.0096	0.0
60perc_10repeat	0.1	0.4299	0.064	0.0045	0.0	0.0	0.0	0.4468	0.5275	0.0667	0.0047	0.6208	0.011	0.0	0.5557	0.0124	0.0
100perc_5repeat	0.1	0.4192	0.0665	0.0047	0.0	0.0	0.0	0.4387	0.5265	0.0618	0.0044	0.6024	0.0094	0.0	0.5558	0.0096	0.0
90perc_10repeat	0.1	0.4175	0.0682	0.0048	0.0	0.0	0.0	0.4327	0.5213	0.0669	0.0047	0.6102	0.0096	0.0	0.5555	0.0108	0.0
80perc_10repeat	0.1	0.4186	0.0644	0.0046	0.0	0.0	0.0	0.4368	0.5386	0.0633	0.0045	0.623	0.0103	0.0	0.529	0.0109	0.0
100perc_10repeat	0.1	0.4243	0.0665	0.0047	0.0	0.0	0.0	0.4416	0.5264	0.0634	0.0045	0.6221	0.0088	0.0	0.5664	0.0105	0.0
70perc_10repeat	0.1	0.4193	0.0712	0.005	0.0	0.0	0.0	0.4414	0.5302	0.0675	0.0048	0.6212	0.0103	0.0	0.5712	0.0107	0.0
70perc_5repeat	0.1	0.4207	0.0669	0.0047	0.0	0.0	0.0	0.4421	0.5254	0.0622	0.0044	0.6179	0.0092	0.0	0.5466	0.0103	0.0
30perc_10repeat	0.2	0.402	0.0598	0.0042	0.0	0.0	0.0	0.4107	0.5264	0.0372	0.0026	0.6426	0.0055	0.0	0.5817	0.0058	0.0
15perc_10repeat	0.2	0.4133	0.0493	0.0035	0.0	0.0	0.0	0.42	0.5338	0.0419	0.003	0.6436	0.0056	0.0	0.5643	0.0056	0.0
05perc_10repeat	0.2	0.4054	0.0615	0.0044	0.0	0.0	0.0	0.4188	0.5199	0.0418	0.003	0.6286	0.0053	0.0	0.587	0.0051	0.0
40perc_2repeat	0.2	0.408	0.0592	0.0042	0.0	0.0	0.0	0.4229	0.5299	0.0443	0.0031	0.6457	0.0053	0.0	0.5733	0.0057	0.0
40perc_5repeat	0.2	0.4074	0.0627	0.0044	0.0	0.0	0.0	0.4207	0.5318	0.0437	0.0031	0.6356	0.0054	0.0	0.5777	0.0063	0.0
40perc_10repeat	0.2	0.3997	0.0629	0.0044	0.0	0.0	0.0	0.4125	0.5199	0.0413	0.0029	0.6322	0.0056	0.0	0.5864	0.0055	0.0
50perc_2repeat	0.2	0.4075	0.0552	0.0039	0.0	0.0	0.0	0.4189	0.5279	0.0434	0.0031	0.6349	0.0054	0.0	0.582	0.0059	0.0
50perc_5repeat	0.2	0.3971	0.0616	0.0044	0.0	0.0	0.0	0.4069	0.524	0.0391	0.0028	0.6315	0.0055	0.0	0.5817	0.0055	0.0
05perc_2repeat	0.25	0.3879	0.0601	0.0043	0.0	0.0	0.0	0.4015	0.5254	0.0336	0.0024	0.6346	0.0045	0.0	0.5872	0.0043	0.0
15perc_2repeat	0.25	0.3887	0.0623	0.0044	0.0	0.0	0.0	0.4003	0.5252	0.0338	0.0024	0.638	0.0043	0.0	0.5816	0.0051	0.0
30perc_2repeat	0.25	0.3915	0.0672	0.0048	0.0	0.0	0.0	0.4104	0.5258	0.0381	0.0027	0.639	0.0045	0.0	0.5826	0.0049	0.0
05perc_5repeat	0.25	0.3906	0.0573	0.0041	0.0	0.0	0.0	0.3995	0.5275	0.0339	0.0024	0.648	0.004	0.0	0.5803	0.0048	0.0
40perc_2repeat	0.25	0.3843	0.0656	0.0046	0.0	0.0	0.0	0.3985	0.5234	0.0364	0.0026	0.6331	0.0048	0.0	0.5876	0.0045	0.0
60perc_2repeat	0.25	0.3917	0.058	0.0041	0.0	0.0	0.0	0.4023	0.5293	0.0393	0.0028	0.6468	0.0043	0.0	0.5797	0.0049	0.0
50perc_2repeat	0.25	0.3945	0.0572	0.004	0.0	0.0	0.0	0.4005	0.5241	0.0385	0.0027	0.6353	0.0043	0.0	0.5824	0.0051	0.0
70perc_2repeat	0.25	0.3803	0.0645	0.0046	0.0	0.0	0.0	0.3944	0.5291	0.0365	0.0026	0.6404	0.0043	0.0	0.5827	0.0044	0.0
15perc_5repeat	0.25	0.3933	0.0596	0.0042	0.0	0.0	0.0	0.4059	0.5245	0.0345	0.0024	0.6417	0.0043	0.0	0.5889	0.0047	0.0
80perc_2repeat	0.25	0.3932	0.0592	0.0042	0.0	0.0	0.0	0.4036	0.5264	0.0391	0.0028	0.6376	0.0044	0.0	0.5846	0.0047	0.0
70perc_5repeat	0.25	0.3862	0.0603	0.0043	0.0	0.0	0.0	0.3948	0.5252	0.0366	0.0026	0.6357	0.0045	0.0	0.5788	0.0046	0.0
30perc_5repeat	0.25	0.3875	0.0611	0.0043	0.0	0.0	0.0	0.4029	0.5296	0.0339	0.0024	0.6409	0.0043	0.0	0.5778	0.0044	0.0
60perc_5repeat	0.25	0.3936	0.0596	0.0042	0.0	0.0	0.0	0.4103	0.5298	0.0372	0.0026	0.6483	0.0046	0.0	0.5801	0.0046	0.0
50perc_5repeat	0.25	0.3919	0.062	0.0044	0.0	0.0	0.0	0.4062	0.5277	0.0365	0.0026	0.6397	0.0043	0.0	0.5806	0.0051	0.0
80perc_5repeat	0.25	0.3929	0.0632	0.0045	0.0	0.0	0.0	0.4126	0.527	0.0426	0.003	0.6426	0.0046	0.0	0.5873	0.005	0.0
40perc_5repeat	0.25	0.3889	0.0646	0.0046	0.0	0.0	0.0	0.404	0.5271	0.0369	0.0026	0.6369	0.0047	0.0	0.5796	0.0049	0.0
70perc_10repeat	0.25	0.3887	0.0622	0.0044	0.0	0.0	0.0	0.4007	0.5235	0.0374	0.0026	0.6344	0.0048	0.0	0.5851	0.0045	0.0
60perc_10repeat	0.25	0.3923	0.0633	0.0045	0.0	0.0	0.0	0.4064	0.5298	0.0369	0.0026	0.6457	0.0047	0.0	0.5849	0.005	0.0
80perc_10repeat	0.25	0.3988	0.0549	0.0039	0.0	0.0	0.0	0.4066	0.5242	0.0403	0.0029	0.6346	0.0049	0.0	0.5823	0.0048	0.0
50perc_10repeat	0.25	0.3953	0.0567	0.004	0.0	0.0	0.0	0.4056	0.5293	0.0355	0.0025	0.6449	0.0042	0.0	0.5811	0.0047	0.0
60perc_2repeat	0.2	0.4022	0.0619	0.0044	0.0	0.0	0.0	0.413	0.5222	0.0403	0.0029	0.6315	0.0054	0.0	0.5802	0.0059	0.0
40perc_10repeat	0.25	0.3921	0.063	0.0045	0.0	0.0	0.0	0.407	0.5306	0.0362	0.0026	0.6454	0.0048	0.0	0.5831	0.0048	0.0
05perc_10repeat	0.25	0.3799	0.0683	0.0048	0.0	0.0	0.0	0.3928	0.5255	0.0349	0.0025	0.6306	0.0045	0.0	0.5858	0.0047	0.0
15perc_10repeat	0.25	0.3922	0.0589	0.0042	0.0	0.0	0.0	0.4058	0.5276	0.0362	0.0026	0.6473	0.0043	0.0	0.581	0.0045	0.0
30perc_10repeat	0.25	0.3924	0.0519	0.0037	0.0	0.0	0.0	0.4007	0.5262	0.0329	0.0023	0.6458	0.0042	0.0	0.587	0.0045	0.0
60perc_5repeat	0.2	0.4025	0.0554	0.0039	0.0	0.0	0.0	0.4106	0.5296	0.0402	0.0028	0.6399	0.0055	0.0	0.5769	0.0055	0.0
70perc_2repeat	0.2	0.4012	0.0591	0.0042	0.0	0.0	0.0	0.4132	0.5275	0.0416	0.0029	0.6394	0.0054	0.0	0.5778	0.0053	0.0
80perc_2repeat	0.2	0.4099	0.0573	0.0041	0.0	0.0	0.0	0.4198	0.5232	0.0451	0.0032	0.6337	0.0054	0.0	0.5757	0.0059	0.0
50perc_10repeat	0.2	0.4052	0.0605	0.0043	0.0	0.0	0.0	0.4158	0.5276	0.041	0.0029	0.6332	0.0056	0.0	0.5698	0.0062	0.0
70perc_5repeat	0.2	0.4038	0.0562	0.004	0.0	0.0	0.0	0.4182	0.532	0.0414	0.0029	0.6354	0.0054	0.0	0.5683	0.0061	0.0
90perc_5repeat	0.2	0.4035	0.0591	0.0042	0.0	0.0	0.0	0.4153	0.529	0.0465	0.0033	0.6395	0.0054	0.0	0.5754	0.0055	0.0
60perc_10repeat	0.2	0.3979	0.062	0.0044	0.0	0.0	0.0	0.4098	0.5242	0.0419	0.003	0.6332	0.0055	0.0	0.5785	0.006	0.0
90perc_10repeat	0.2	0.4075	0.0609	0.0043	0.0	0.0	0.0	0.4248	0.528	0.0469	0.0033	0.6379	0.0054	0.0	0.5782	0.0058	0.0
90perc_2repeat	0.2	0.3997	0.0624	0.0044	0.0	0.0	0.0	0.408	0.5283	0.0461	0.0033	0.6293	0.0052	0.0	0.5649	0.0062	0.0
80perc_5repeat	0.2	0.4048	0.0552	0.0039	0.0	0.0	0.0	0.4148	0.5252	0.046	0.0032	0.6319	0.0055	0.0	0.5797	0.0065	0.0
80perc_10repeat	0.2	0.4007	0.0534	0.0038	0.0	0.0	0.0	0.4112	0.5292	0.0376	0.0027	0.6357	0.0054	0.0	0.5726	0.0061	0.0
70perc_10repeat	0.2	0.4064	0.0616	0.0044	0.0	0.0	0.0	0.4199	0.5266	0.0437	0.0031	0.6315	0.0059	0.0	0.5812	0.0062	0.0
100perc_5repeat	0.2	0.4024	0.055	0.0039	0.0	0.0	0.0	0.4107	0.5298	0.0387	0.0027	0.6449	0.0047	0.0	0.5824	0.0056	0.0
100perc_2repeat	0.2	0.4011	0.0574	0.0041	0.0	0.0	0.0	0.4096	0.5237	0.039	0.0028	0.633	0.0048	0.0	0.5794	0.0053	0.0
100perc_10repeat	0.2	0.4029	0.0644	0.0046	0.0	0.0	0.0	0.4156	0.5291	0.0424	0.003	0.6381	0.0057	0.0	0.5767	0.0061	0.0
90perc_2repeat	0.25	0.3904	0.0638	0.0045	0.0	0.0	0.0	0.4	0.5276	0.0404	0.0029	0.64	0.0044	0.0	0.5818	0.0046	0.0
90perc_5repeat	0.25	0.3928	0.0622	0.0044	0.0	0.0	0.0	0.408	0.5281	0.0385	0.0027	0.6385	0.0044	0.0	0.5817	0.0045	0.0
90perc_10repeat	0.25	0.3887	0.0617	0.0044	0.0	0.0	0.0	0.3959	0.5295	0.0379	0.0027	0.6364	0.004	0.0	0.5835	0.0051	0.0
100perc_2repeat	0.25	0.392	0.0601	0.0043	0.0	0.0	0.0	0.4068	0.5256	0.0348	0.0025	0.6419	0.0043	0.0	0.583	0.0046	0.0
100perc_5repeat	0.25	0.3841	0.068	0.0048	0.0	0.0	0.0	0.3999	0.5287	0.0377	0.0027	0.6378	0.0046	0.0	0.5825	0.0046	0.0
100perc_10repeat	0.25	0.387	0.0629	0.0044	0.0	0.0	0.0	0.4003	0.527	0.0346	0.0024	0.6361	0.004	0.0	0.5807	0.0045	0.0
05perc_2repeat	0.3	0.3738	0.0656	0.0046	0.0	0.0	0.0	0.3856	0.5304	0.0312	0.0022	0.6391	0.004	0.0	0.5791	0.0038	0.0
15perc_2repeat	0.3	0.3781	0.0629	0.0044	0.0	0.0	0.0	0.391	0.5222	0.0317	0.0022	0.6351	0.0036	0.0	0.588	0.0042	0.0
30perc_2repeat	0.3	0.3773	0.0624	0.0044	0.0	0.0	0.0	0.3857	0.5267	0.0317	0.0022	0.64	0.0037	0.0	0.58	0.0042	0.0
50perc_2repeat	0.3	0.3751	0.0627	0.0044	0.0	0.0	0.0	0.3868	0.5245	0.0308	0.0022	0.6411	0.0036	0.0	0.5893	0.0039	0.0
40perc_2repeat	0.3	0.3698	0.0626	0.0044	0.0	0.0	0.0	0.3822	0.5257	0.033	0.0023	0.642	0.0036	0.0	0.5828	0.0041	0.0
05perc_5repeat	0.3	0.3753	0.0647	0.0046	0.0	0.0	0.0	0.3832	0.5243	0.0317	0.0022	0.6371	0.0036	0.0	0.5877	0.0038	0.0
60perc_2repeat	0.3	0.3753	0.066	0.0047	0.0	0.0	0.0	0.3932	0.5289	0.0342	0.0024	0.6423	0.0041	0.0	0.5862	0.004	0.0
40perc_5repeat	0.3	0.3777	0.0643	0.0045	0.0	0.0	0.0	0.3872	0.5287	0.0344	0.0024	0.6412	0.0039	0.0	0.5801	0.0042	0.0
50perc_5repeat	0.3	0.3757	0.0611	0.0043	0.0	0.0	0.0	0.3845	0.5249	0.0311	0.0022	0.6437	0.0035	0.0	0.5892	0.0041	0.0
30perc_5repeat	0.3	0.3746	0.0617	0.0044	0.0	0.0	0.0	0.3884	0.5258	0.0295	0.0021	0.6445	0.0038	0.0	0.5835	0.0042	0.0
70perc_2repeat	0.3	0.3749	0.0639	0.0045	0.0	0.0	0.0	0.3925	0.5293	0.0358	0.0025	0.6411	0.0036	0.0	0.5804	0.0041	0.0
80perc_2repeat	0.3	0.371	0.066	0.0047	0.0	0.0	0.0	0.3796	0.5285	0.0343	0.0024	0.6368	0.0038	0.0	0.5801	0.0041	0.0
15perc_5repeat	0.3	0.3769	0.063	0.0045	0.0	0.0	0.0	0.3852	0.5313	0.0308	0.0022	0.6446	0.0037	0.0	0.5817	0.0039	0.0
60perc_5repeat	0.3	0.3739	0.0649	0.0046	0.0	0.0	0.0	0.3875	0.5283	0.034	0.0024	0.6435	0.004	0.0	0.5813	0.0037	0.0
80perc_5repeat	0.3	0.3833	0.0628	0.0044	0.0	0.0	0.0	0.3943	0.5329	0.0356	0.0025	0.6449	0.0037	0.0	0.5806	0.0039	0.0
80perc_10repeat	0.3	0.3759	0.0629	0.0044	0.0	0.0	0.0	0.3854	0.5246	0.0358	0.0025	0.6418	0.0036	0.0	0.5834	0.0043	0.0
70perc_10repeat	0.3	0.3815	0.0625	0.0044	0.0	0.0	0.0	0.3919	0.5266	0.0346	0.0024	0.6433	0.0041	0.0	0.5829	0.0041	0.0
60perc_10repeat	0.3	0.3766	0.0668	0.0047	0.0	0.0	0.0	0.3979	0.5259	0.0351	0.0025	0.6484	0.0039	0.0	0.58	0.0041	0.0
40perc_10repeat	0.3	0.3719	0.0644	0.0046	0.0	0.0	0.0	0.3805	0.5245	0.0326	0.0023	0.6373	0.0038	0.0	0.587	0.0039	0.0
50perc_10repeat	0.3	0.3777	0.0641	0.0045	0.0	0.0	0.0	0.3895	0.5267	0.0314	0.0022	0.6411	0.0036	0.0	0.5852	0.004	0.0
30perc_10repeat	0.3	0.3713	0.0648	0.0046	0.0	0.0	0.0	0.3843	0.5258	0.0285	0.002	0.6402	0.0038	0.0	0.5856	0.0039	0.0
15perc_10repeat	0.3	0.3668	0.0668	0.0047	0.0	0.0	0.0	0.3849	0.5273	0.0298	0.0021	0.6383	0.0036	0.0	0.586	0.0038	0.0
05perc_10repeat	0.3	0.378	0.064	0.0045	0.0	0.0	0.0	0.399	0.5318	0.0312	0.0022	0.6483	0.0035	0.0	0.5804	0.0041	0.0
40perc_2repeat	0.35	0.3535	0.0645	0.0046	0.0	0.0	0.0	0.3572	0.5264	0.0281	0.002	0.641	0.0032	0.0	0.5855	0.0034	0.0
70perc_5repeat	0.3	0.3746	0.0633	0.0045	0.0	0.0	0.0	0.3873	0.5259	0.0339	0.0024	0.6417	0.0038	0.0	0.5867	0.0039	0.0
05perc_2repeat	0.35	0.3624	0.068	0.0048	0.0	0.0	0.0	0.377	0.5227	0.0274	0.0019	0.6391	0.0035	0.0	0.5865	0.0035	0.0
30perc_2repeat	0.35	0.3536	0.0692	0.0049	0.0	0.0	0.0	0.3686	0.5261	0.028	0.002	0.6389	0.0035	0.0	0.5865	0.0034	0.0
90perc_2repeat	0.3	0.3729	0.0637	0.0045	0.0	0.0	0.0	0.3904	0.5298	0.0314	0.0022	0.636	0.0035	0.0	0.5747	0.0039	0.0
15perc_2repeat	0.35	0.3559	0.0695	0.0049	0.0	0.0	0.0	0.3641	0.5291	0.0296	0.0021	0.642	0.0034	0.0	0.5809	0.0034	0.0
90perc_5repeat	0.3	0.3774	0.0634	0.0045	0.0	0.0	0.0	0.3886	0.5277	0.0336	0.0024	0.6359	0.0036	0.0	0.5749	0.0043	0.0
100perc_5repeat	0.3	0.3816	0.0611	0.0043	0.0	0.0	0.0	0.3958	0.5311	0.0309	0.0022	0.6433	0.0034	0.0	0.5749	0.0038	0.0
100perc_2repeat	0.3	0.3796	0.0617	0.0044	0.0	0.0	0.0	0.3927	0.5285	0.0316	0.0022	0.6435	0.0036	0.0	0.577	0.0038	0.0
100perc_10repeat	0.3	0.376	0.0631	0.0045	0.0	0.0	0.0	0.382	0.5252	0.0306	0.0022	0.6388	0.0037	0.0	0.5859	0.0041	0.0
90perc_10repeat	0.3	0.3764	0.0625	0.0044	0.0	0.0	0.0	0.389	0.5277	0.0365	0.0026	0.6411	0.0035	0.0	0.5818	0.004	0.0
50perc_2repeat	0.35	0.3581	0.0663	0.0047	0.0	0.0	0.0	0.3643	0.5286	0.0282	0.002	0.6428	0.0032	0.0	0.5827	0.0034	0.0
40perc_5repeat	0.35	0.362	0.0751	0.0053	0.0	0.0	0.0	0.3774	0.5261	0.0312	0.0022	0.6335	0.0035	0.0	0.5817	0.004	0.0
30perc_5repeat	0.35	0.361	0.0631	0.0045	0.0	0.0	0.0	0.3649	0.5269	0.0275	0.0019	0.6398	0.0032	0.0	0.5878	0.0034	0.0
05perc_5repeat	0.35	0.3637	0.0637	0.0045	0.0	0.0	0.0	0.3741	0.5294	0.0269	0.0019	0.6465	0.0029	0.0	0.5819	0.0032	0.0
15perc_5repeat	0.35	0.3622	0.0661	0.0047	0.0	0.0	0.0	0.3721	0.5273	0.0275	0.0019	0.6443	0.0033	0.0	0.585	0.0035	0.0
15perc_10repeat	0.35	0.3598	0.0629	0.0044	0.0	0.0	0.0	0.3677	0.5288	0.0265	0.0019	0.6417	0.0031	0.0	0.5806	0.0032	0.0
40perc_10repeat	0.35	0.3608	0.0634	0.0045	0.0	0.0	0.0	0.3742	0.5288	0.0273	0.0019	0.6389	0.0032	0.0	0.5779	0.0035	0.0
30perc_10repeat	0.35	0.363	0.0704	0.005	0.0	0.0	0.0	0.3743	0.5312	0.0288	0.002	0.643	0.0032	0.0	0.58	0.0037	0.0
05perc_10repeat	0.35	0.3597	0.0673	0.0048	0.0	0.0	0.0	0.3772	0.5289	0.0271	0.0019	0.6428	0.0032	0.0	0.5821	0.0031	0.0
60perc_2repeat	0.35	0.3615	0.0656	0.0046	0.0	0.0	0.0	0.3715	0.5271	0.0307	0.0022	0.6415	0.003	0.0	0.583	0.0036	0.0
50perc_5repeat	0.35	0.3715	0.066	0.0047	0.0	0.0	0.0	0.3793	0.5298	0.0314	0.0022	0.6492	0.0037	0.0	0.5826	0.0037	0.0
70perc_2repeat	0.35	0.3565	0.0638	0.0045	0.0	0.0	0.0	0.3591	0.5255	0.029	0.0021	0.6399	0.0034	0.0	0.5843	0.0035	0.0
80perc_2repeat	0.35	0.3591	0.0683	0.0048	0.0	0.0	0.0	0.3687	0.5291	0.0313	0.0022	0.6434	0.0031	0.0	0.5814	0.0034	0.0
70perc_5repeat	0.35	0.364	0.066	0.0047	0.0	0.0	0.0	0.3762	0.5279	0.0318	0.0023	0.6443	0.0035	0.0	0.5867	0.0037	0.0
60perc_5repeat	0.35	0.3646	0.0674	0.0048	0.0	0.0	0.0	0.3746	0.5301	0.031	0.0022	0.6433	0.0032	0.0	0.587	0.0037	0.0
90perc_2repeat	0.35	0.3569	0.0708	0.005	0.0	0.0	0.0	0.3745	0.5257	0.0298	0.0021	0.6444	0.0031	0.0	0.5884	0.0034	0.0
90perc_5repeat	0.35	0.3706	0.062	0.0044	0.0	0.0	0.0	0.38	0.527	0.0317	0.0022	0.6401	0.0034	0.0	0.5852	0.0033	0.0
100perc_2repeat	0.35	0.3537	0.0669	0.0047	0.0	0.0	0.0	0.3653	0.526	0.0269	0.0019	0.6416	0.003	0.0	0.5863	0.0032	0.0
80perc_5repeat	0.35	0.357	0.0735	0.0052	0.0	0.0	0.0	0.3691	0.5224	0.0338	0.0024	0.6426	0.0033	0.0	0.5858	0.0036	0.0
100perc_5repeat	0.35	0.3563	0.0672	0.0048	0.0	0.0	0.0	0.3659	0.5261	0.0281	0.002	0.6434	0.0033	0.0	0.5879	0.0033	0.0
100perc_10repeat	0.35	0.3576	0.0653	0.0046	0.0	0.0	0.0	0.366	0.5257	0.0286	0.002	0.6399	0.0031	0.0	0.5836	0.0033	0.0
50perc_10repeat	0.35	0.3547	0.0678	0.0048	0.0	0.0	0.0	0.3644	0.527	0.0275	0.0019	0.6411	0.0033	0.0	0.5844	0.0035	0.0
90perc_10repeat	0.35	0.3672	0.0651	0.0046	0.0	0.0	0.0	0.3849	0.5265	0.0305	0.0022	0.6371	0.0033	0.0	0.5819	0.0036	0.0
05perc_2repeat	0.4	0.3416	0.0689	0.0049	0.0	0.0	0.0	0.3545	0.5275	0.0261	0.0018	0.6458	0.0026	0.0	0.5893	0.003	0.0
15perc_2repeat	0.4	0.3483	0.0696	0.0049	0.0	0.0	0.0	0.3587	0.5296	0.0265	0.0019	0.6455	0.0029	0.0	0.585	0.003	0.0
80perc_10repeat	0.35	0.3588	0.0693	0.0049	0.0	0.0	0.0	0.3667	0.5299	0.0318	0.0022	0.6453	0.0034	0.0	0.5851	0.0036	0.0
60perc_10repeat	0.35	0.3673	0.0667	0.0047	0.0	0.0	0.0	0.3831	0.5275	0.0303	0.0021	0.6428	0.0034	0.0	0.5849	0.0038	0.0
70perc_10repeat	0.35	0.3667	0.0645	0.0046	0.0	0.0	0.0	0.3717	0.5238	0.0306	0.0022	0.6421	0.0037	0.0	0.591	0.0038	0.0
30perc_2repeat	0.4	0.3492	0.069	0.0049	0.0	0.0	0.0	0.3615	0.5286	0.0265	0.0019	0.6439	0.0029	0.0	0.5821	0.0031	0.0
15perc_5repeat	0.4	0.3416	0.0651	0.0046	0.0	0.0	0.0	0.3501	0.5243	0.0237	0.0017	0.6398	0.0026	0.0	0.584	0.0029	0.0
05perc_5repeat	0.4	0.353	0.0622	0.0044	0.0	0.0	0.0	0.361	0.5321	0.0234	0.0017	0.6453	0.0028	0.0	0.5809	0.0029	0.0
30perc_5repeat	0.4	0.3433	0.0666	0.0047	0.0	0.0	0.0	0.3571	0.5256	0.0253	0.0018	0.6411	0.0031	0.0	0.5868	0.0028	0.0
05perc_10repeat	0.4	0.3427	0.0615	0.0043	0.0	0.0	0.0	0.3527	0.5269	0.0212	0.0015	0.646	0.0025	0.0	0.5873	0.0029	0.0
15perc_10repeat	0.4	0.3406	0.0678	0.0048	0.0	0.0	0.0	0.35	0.5262	0.0245	0.0017	0.6453	0.0027	0.0	0.5885	0.0031	0.0
100perc_5repeat	0.4	0.3416	0.0692	0.0049	0.0	0.0	0.0	0.3504	0.5294	0.0244	0.0017	0.6429	0.0026	0.0	0.5798	0.0025	0.0
70perc_5repeat	0.4	0.3414	0.0682	0.0048	0.0	0.0	0.0	0.3505	0.5248	0.029	0.002	0.6394	0.0028	0.0	0.582	0.0031	0.0
05perc_2repeat	0.45	0.3371	0.0723	0.0051	0.0	0.0	0.0	0.3451	0.5277	0.0254	0.0018	0.6487	0.0026	0.0	0.586	0.0028	0.0
70perc_10repeat	0.4	0.3467	0.0659	0.0047	0.0	0.0	0.0	0.3567	0.5262	0.028	0.002	0.6435	0.0029	0.0	0.588	0.0034	0.0
15perc_2repeat	0.45	0.3268	0.0686	0.0049	0.0	0.0	0.0	0.3329	0.5267	0.0227	0.0016	0.6415	0.0025	0.0	0.5852	0.0026	0.0
30perc_2repeat	0.45	0.331	0.0682	0.0048	0.0	0.0	0.0	0.3308	0.5255	0.0238	0.0017	0.6411	0.0027	0.0	0.5873	0.0029	0.0
40perc_2repeat	0.45	0.3331	0.0655	0.0046	0.0	0.0	0.0	0.3389	0.5266	0.0229	0.0016	0.6433	0.0026	0.0	0.5851	0.0028	0.0
60perc_2repeat	0.45	0.3266	0.0657	0.0046	0.0	0.0	0.0	0.327	0.5233	0.0234	0.0017	0.6428	0.0026	0.0	0.591	0.0027	0.0
50perc_2repeat	0.45	0.3398	0.0664	0.0047	0.0	0.0	0.0	0.3453	0.5294	0.0248	0.0018	0.6489	0.0027	0.0	0.583	0.0028	0.0
30perc_10repeat	0.4	0.351	0.0677	0.0048	0.0	0.0	0.0	0.3595	0.5289	0.0262	0.0019	0.6477	0.0027	0.0	0.5855	0.0033	0.0
60perc_5repeat	0.45	0.3298	0.0629	0.0044	0.0	0.0	0.0	0.3356	0.5278	0.0239	0.0017	0.6405	0.0024	0.0	0.5848	0.0024	0.0
90perc_5repeat	0.4	0.3469	0.069	0.0049	0.0	0.0	0.0	0.3621	0.5268	0.0307	0.0022	0.6415	0.003	0.0	0.5849	0.0029	0.0
50perc_5repeat	0.45	0.3298	0.0648	0.0046	0.0	0.0	0.0	0.3336	0.5274	0.0235	0.0017	0.6431	0.0024	0.0	0.5854	0.0027	0.0
40perc_5repeat	0.45	0.334	0.0656	0.0046	0.0	0.0	0.0	0.3414	0.5266	0.0237	0.0017	0.6437	0.0025	0.0	0.5857	0.0026	0.0
30perc_5repeat	0.45	0.3319	0.0653	0.0046	0.0	0.0	0.0	0.3392	0.5273	0.0228	0.0016	0.6448	0.0022	0.0	0.5841	0.0029	0.0
15perc_5repeat	0.45	0.3261	0.0632	0.0045	0.0	0.0	0.0	0.3263	0.5241	0.0226	0.0016	0.641	0.0023	0.0	0.5896	0.0026	0.0
70perc_2repeat	0.45	0.3338	0.068	0.0048	0.0	0.0	0.0	0.3372	0.5292	0.0242	0.0017	0.6457	0.0026	0.0	0.5829	0.0026	0.0
05perc_5repeat	0.45	0.3414	0.066	0.0047	0.0	0.0	0.0	0.3573	0.529	0.0214	0.0015	0.6469	0.0025	0.0	0.5829	0.0027	0.0
70perc_5repeat	0.45	0.3248	0.0687	0.0049	0.0	0.0	0.0	0.3258	0.5235	0.0262	0.0018	0.6419	0.0028	0.0	0.5894	0.0029	0.0
100perc_10repeat	0.4	0.339	0.0678	0.0048	0.0	0.0	0.0	0.3485	0.5254	0.0266	0.0019	0.64	0.003	0.0	0.5861	0.0027	0.0
50perc_10repeat	0.45	0.3402	0.0615	0.0043	0.0	0.0	0.0	0.343	0.5259	0.0253	0.0018	0.6447	0.0024	0.0	0.5878	0.0028	0.0
60perc_10repeat	0.45	0.333	0.0659	0.0047	0.0	0.0	0.0	0.3338	0.5262	0.0232	0.0016	0.6429	0.003	0.0	0.5848	0.0025	0.0
40perc_2repeat	0.4	0.3494	0.0618	0.0044	0.0	0.0	0.0	0.353	0.5259	0.0249	0.0018	0.6435	0.0029	0.0	0.5892	0.003	0.0
40perc_10repeat	0.45	0.3331	0.0677	0.0048	0.0	0.0	0.0	0.3397	0.5273	0.0239	0.0017	0.6474	0.0025	0.0	0.5837	0.0027	0.0
50perc_2repeat	0.4	0.3423	0.0689	0.0049	0.0	0.0	0.0	0.348	0.5267	0.0272	0.0019	0.6441	0.003	0.0	0.5842	0.003	0.0
70perc_10repeat	0.45	0.3367	0.0613	0.0043	0.0	0.0	0.0	0.3398	0.5283	0.0256	0.0018	0.6402	0.0026	0.0	0.5866	0.0031	0.0
30perc_10repeat	0.45	0.3306	0.0705	0.005	0.0	0.0	0.0	0.3426	0.526	0.0234	0.0017	0.6428	0.0026	0.0	0.589	0.0027	0.0
60perc_2repeat	0.4	0.345	0.0667	0.0047	0.0	0.0	0.0	0.3508	0.5279	0.0278	0.002	0.6407	0.003	0.0	0.5842	0.0033	0.0
70perc_2repeat	0.4	0.3394	0.0698	0.0049	0.0	0.0	0.0	0.3488	0.5254	0.0288	0.002	0.6385	0.003	0.0	0.5896	0.0032	0.0
60perc_5repeat	0.4	0.3417	0.0728	0.0051	0.0	0.0	0.0	0.3503	0.523	0.028	0.002	0.6441	0.0031	0.0	0.5903	0.003	0.0
15perc_10repeat	0.45	0.3229	0.0641	0.0045	0.0	0.0	0.0	0.3253	0.5258	0.0197	0.0014	0.6415	0.0024	0.0	0.5885	0.0025	0.0
80perc_2repeat	0.45	0.324	0.0659	0.0047	0.0	0.0	0.0	0.3273	0.527	0.0248	0.0018	0.6421	0.0024	0.0	0.5885	0.0027	0.0
05perc_10repeat	0.45	0.3312	0.0712	0.005	0.0	0.0	0.0	0.3346	0.5284	0.0232	0.0016	0.6438	0.0025	0.0	0.5867	0.0026	0.0
80perc_2repeat	0.4	0.3449	0.0648	0.0046	0.0	0.0	0.0	0.353	0.5261	0.0265	0.0019	0.6489	0.0028	0.0	0.5868	0.0032	0.0
50perc_5repeat	0.4	0.3491	0.0665	0.0047	0.0	0.0	0.0	0.3609	0.5301	0.0252	0.0018	0.6409	0.003	0.0	0.5817	0.0034	0.0
40perc_5repeat	0.4	0.3363	0.067	0.0047	0.0	0.0	0.0	0.3434	0.5247	0.0229	0.0016	0.6419	0.0028	0.0	0.5915	0.0029	0.0
80perc_5repeat	0.45	0.3431	0.0667	0.0047	0.0	0.0	0.0	0.3504	0.533	0.0253	0.0018	0.6502	0.0024	0.0	0.5832	0.0029	0.0
80perc_5repeat	0.4	0.3425	0.0687	0.0049	0.0	0.0	0.0	0.3461	0.5274	0.0287	0.002	0.6427	0.0028	0.0	0.5854	0.0033	0.0
60perc_10repeat	0.4	0.3481	0.0671	0.0047	0.0	0.0	0.0	0.3544	0.5251	0.0279	0.002	0.6381	0.0033	0.0	0.5905	0.0032	0.0
80perc_10repeat	0.4	0.3448	0.0703	0.005	0.0	0.0	0.0	0.3506	0.5256	0.028	0.002	0.637	0.003	0.0	0.5825	0.003	0.0
50perc_10repeat	0.4	0.3469	0.0628	0.0044	0.0	0.0	0.0	0.353	0.5268	0.0246	0.0017	0.6433	0.0028	0.0	0.5863	0.0029	0.0
90perc_2repeat	0.4	0.3463	0.0667	0.0047	0.0	0.0	0.0	0.3487	0.5274	0.0266	0.0019	0.6425	0.0028	0.0	0.5893	0.0029	0.0
40perc_10repeat	0.4	0.3441	0.0681	0.0048	0.0	0.0	0.0	0.3503	0.5253	0.0244	0.0017	0.6436	0.0028	0.0	0.587	0.0031	0.0
100perc_2repeat	0.4	0.3385	0.067	0.0047	0.0	0.0	0.0	0.3437	0.525	0.0239	0.0017	0.6393	0.0027	0.0	0.5867	0.0029	0.0
90perc_10repeat	0.4	0.3416	0.0621	0.0044	0.0	0.0	0.0	0.3477	0.5265	0.0287	0.002	0.6446	0.0027	0.0	0.5884	0.0026	0.0
90perc_5repeat	0.45	0.3302	0.0646	0.0046	0.0	0.0	0.0	0.3375	0.5264	0.0239	0.0017	0.6441	0.0024	0.0	0.5872	0.0025	0.0
80perc_10repeat	0.45	0.3283	0.0627	0.0044	0.0	0.0	0.0	0.3342	0.5262	0.0258	0.0018	0.6376	0.0027	0.0	0.587	0.0025	0.0
100perc_2repeat	0.45	0.3277	0.0676	0.0048	0.0	0.0	0.0	0.3337	0.5285	0.0205	0.0015	0.6429	0.0023	0.0	0.5838	0.0025	0.0
100perc_5repeat	0.45	0.3385	0.0694	0.0049	0.0	0.0	0.0	0.3445	0.529	0.0232	0.0016	0.6439	0.0025	0.0	0.5836	0.0026	0.0
100perc_10repeat	0.45	0.3266	0.065	0.0046	0.0	0.0	0.0	0.328	0.5262	0.0234	0.0017	0.6426	0.0022	0.0	0.5883	0.0024	0.0
05perc_2repeat	0.5	0.3092	0.0689	0.0049	0.0	0.0	0.0	0.3069	0.5259	0.0213	0.0015	0.6415	0.002	0.0	0.5882	0.0025	0.0
15perc_2repeat	0.5	0.3134	0.0658	0.0047	0.0	0.0	0.0	0.3144	0.5265	0.0207	0.0015	0.6433	0.0023	0.0	0.5869	0.0022	0.0
30perc_2repeat	0.5	0.3117	0.0657	0.0046	0.0	0.0	0.0	0.3054	0.5268	0.0206	0.0015	0.6428	0.0024	0.0	0.587	0.0023	0.0
40perc_2repeat	0.5	0.3226	0.0632	0.0045	0.0	0.0	0.0	0.3304	0.5265	0.0216	0.0015	0.6431	0.0023	0.0	0.5832	0.0026	0.0
90perc_2repeat	0.45	0.3316	0.0599	0.0042	0.0	0.0	0.0	0.3333	0.5252	0.0242	0.0017	0.6453	0.0024	0.0	0.589	0.0025	0.0
30perc_5repeat	0.5	0.3186	0.0657	0.0046	0.0	0.0	0.0	0.3183	0.528	0.0201	0.0014	0.6425	0.0022	0.0	0.5846	0.0024	0.0
40perc_5repeat	0.5	0.3318	0.066	0.0047	0.0	0.0	0.0	0.3323	0.5306	0.023	0.0016	0.6507	0.0024	0.0	0.5824	0.0025	0.0
05perc_5repeat	0.5	0.313	0.0671	0.0047	0.0	0.0	0.0	0.3168	0.5256	0.0213	0.0015	0.6421	0.0023	0.0	0.5857	0.0022	0.0
70perc_2repeat	0.5	0.3121	0.0667	0.0047	0.0	0.0	0.0	0.3147	0.5257	0.0242	0.0017	0.6435	0.0023	0.0	0.5901	0.0024	0.0
90perc_10repeat	0.45	0.3303	0.0683	0.0048	0.0	0.0	0.0	0.3328	0.5286	0.0251	0.0018	0.6439	0.0025	0.0	0.5822	0.0027	0.0
50perc_5repeat	0.5	0.3162	0.0668	0.0047	0.0	0.0	0.0	0.3234	0.5264	0.0226	0.0016	0.6436	0.0023	0.0	0.5872	0.0025	0.0
60perc_5repeat	0.5	0.3147	0.0684	0.0048	0.0	0.0	0.0	0.3142	0.5258	0.0231	0.0016	0.6416	0.0026	0.0	0.5875	0.0025	0.0
70perc_5repeat	0.5	0.3114	0.0668	0.0047	0.0	0.0	0.0	0.308	0.5257	0.0225	0.0016	0.6409	0.0025	0.0	0.5881	0.0025	0.0
90perc_2repeat	0.5	0.3185	0.0677	0.0048	0.0	0.0	0.0	0.32	0.5285	0.0227	0.0016	0.6452	0.0023	0.0	0.5859	0.0023	0.0
90perc_5repeat	0.5	0.3144	0.0685	0.0048	0.0	0.0	0.0	0.3145	0.5265	0.0235	0.0017	0.6411	0.0022	0.0	0.5854	0.0026	0.0
100perc_10repeat	0.5	0.3228	0.0623	0.0044	0.0	0.0	0.0	0.3263	0.5281	0.02	0.0014	0.6467	0.0021	0.0	0.585	0.0022	0.0
80perc_10repeat	0.5	0.3162	0.0692	0.0049	0.0	0.0	0.0	0.3176	0.5257	0.0243	0.0017	0.6426	0.0024	0.0	0.5868	0.0024	0.0
40perc_10repeat	0.5	0.3155	0.067	0.0047	0.0	0.0	0.0	0.3165	0.5281	0.0207	0.0015	0.6467	0.0021	0.0	0.5879	0.0023	0.0
30perc_10repeat	0.5	0.3187	0.063	0.0045	0.0	0.0	0.0	0.3177	0.5275	0.0201	0.0014	0.644	0.0022	0.0	0.5862	0.0024	0.0
50perc_2repeat	0.5	0.3163	0.065	0.0046	0.0	0.0	0.0	0.3237	0.5247	0.0229	0.0016	0.643	0.0023	0.0	0.5884	0.0025	0.0
50perc_10repeat	0.5	0.3169	0.0652	0.0046	0.0	0.0	0.0	0.3183	0.5251	0.0209	0.0015	0.6458	0.0024	0.0	0.5859	0.0024	0.0
15perc_5repeat	0.5	0.3183	0.0666	0.0047	0.0	0.0	0.0	0.3195	0.5275	0.0208	0.0015	0.6403	0.0021	0.0	0.5827	0.0024	0.0
15perc_10repeat	0.5	0.3202	0.0656	0.0046	0.0	0.0	0.0	0.3219	0.5286	0.0199	0.0014	0.6453	0.0022	0.0	0.585	0.0023	0.0
05perc_10repeat	0.5	0.3164	0.0624	0.0044	0.0	0.0	0.0	0.3158	0.5278	0.0199	0.0014	0.6447	0.0021	0.0	0.5881	0.0022	0.0
05perc_2repeat	0.6	0.2938	0.0591	0.0042	0.0	0.0	0.0	0.2863	0.5275	0.0153	0.0011	0.6458	0.0018	0.0	0.5887	0.0017	0.0
60perc_2repeat	0.5	0.3242	0.0694	0.0049	0.0	0.0	0.0	0.3285	0.5305	0.024	0.0017	0.6476	0.0022	0.0	0.5832	0.0025	0.0
80perc_2repeat	0.5	0.3172	0.0678	0.0048	0.0	0.0	0.0	0.3236	0.5285	0.022	0.0016	0.6463	0.0023	0.0	0.5872	0.0022	0.0
100perc_2repeat	0.5	0.3126	0.0654	0.0046	0.0	0.0	0.0	0.3097	0.5256	0.0204	0.0014	0.6419	0.0023	0.0	0.5876	0.0021	0.0
15perc_2repeat	0.6	0.2961	0.0598	0.0042	0.0	0.0	0.0	0.2944	0.5273	0.0169	0.0012	0.6456	0.0019	0.0	0.5873	0.0018	0.0
100perc_5repeat	0.5	0.3168	0.0646	0.0046	0.0	0.0	0.0	0.3098	0.5284	0.019	0.0013	0.6438	0.0022	0.0	0.5863	0.0022	0.0
30perc_2repeat	0.6	0.299	0.0628	0.0044	0.0	0.0	0.0	0.2951	0.5284	0.0179	0.0013	0.647	0.0019	0.0	0.5857	0.002	0.0
80perc_5repeat	0.5	0.3305	0.0651	0.0046	0.0	0.0	0.0	0.3408	0.5299	0.0248	0.0018	0.6489	0.0024	0.0	0.5827	0.0022	0.0
90perc_10repeat	0.5	0.3179	0.068	0.0048	0.0	0.0	0.0	0.3211	0.5289	0.0237	0.0017	0.6455	0.0022	0.0	0.5869	0.0021	0.0
40perc_2repeat	0.6	0.2932	0.0615	0.0044	0.0	0.0	0.0	0.2845	0.5272	0.0179	0.0013	0.6443	0.0018	0.0	0.5863	0.0021	0.0
50perc_2repeat	0.6	0.3	0.0632	0.0045	0.0	0.0	0.0	0.2993	0.5276	0.02	0.0014	0.6468	0.0019	0.0	0.5881	0.0021	0.0
70perc_10repeat	0.5	0.3225	0.0667	0.0047	0.0	0.0	0.0	0.3239	0.5298	0.0222	0.0016	0.645	0.0021	0.0	0.5808	0.0025	0.0
60perc_2repeat	0.6	0.3006	0.0635	0.0045	0.0	0.0	0.0	0.3023	0.5285	0.02	0.0014	0.6474	0.002	0.0	0.585	0.002	0.0
60perc_10repeat	0.5	0.3198	0.0721	0.0051	0.0	0.0	0.0	0.3157	0.5261	0.0242	0.0017	0.6447	0.0025	0.0	0.5866	0.0027	0.0
40perc_5repeat	0.6	0.3018	0.0592	0.0042	0.0	0.0	0.0	0.2971	0.528	0.0192	0.0014	0.6467	0.0017	0.0	0.5848	0.0021	0.0
50perc_5repeat	0.6	0.295	0.0609	0.0043	0.0	0.0	0.0	0.2893	0.5262	0.0179	0.0013	0.6449	0.0018	0.0	0.5887	0.002	0.0
30perc_5repeat	0.6	0.293	0.0596	0.0042	0.0	0.0	0.0	0.2839	0.5251	0.018	0.0013	0.6466	0.0019	0.0	0.5922	0.002	0.0
15perc_5repeat	0.6	0.2929	0.0585	0.0041	0.0	0.0	0.0	0.2947	0.527	0.0163	0.0012	0.6461	0.0019	0.0	0.5891	0.0017	0.0
70perc_2repeat	0.6	0.2969	0.0605	0.0043	0.0	0.0	0.0	0.2975	0.5273	0.0202	0.0014	0.6466	0.0018	0.0	0.5881	0.002	0.0
05perc_5repeat	0.6	0.3002	0.063	0.0045	0.0	0.0	0.0	0.2974	0.5279	0.0168	0.0012	0.6456	0.0017	0.0	0.5822	0.0019	0.0
60perc_5repeat	0.6	0.2938	0.066	0.0047	0.0	0.0	0.0	0.2865	0.5273	0.0184	0.0013	0.6452	0.002	0.0	0.5882	0.002	0.0
80perc_2repeat	0.6	0.2958	0.0604	0.0043	0.0	0.0	0.0	0.2879	0.5284	0.0191	0.0014	0.6436	0.0018	0.0	0.5853	0.0018	0.0
90perc_2repeat	0.6	0.2956	0.0622	0.0044	0.0	0.0	0.0	0.2964	0.5287	0.019	0.0013	0.6446	0.0017	0.0	0.5868	0.0019	0.0
100perc_2repeat	0.6	0.2999	0.0636	0.0045	0.0	0.0	0.0	0.2911	0.5293	0.0168	0.0012	0.646	0.0017	0.0	0.5842	0.0019	0.0
100perc_5repeat	0.6	0.2943	0.0603	0.0043	0.0	0.0	0.0	0.2847	0.528	0.0156	0.0011	0.6443	0.0018	0.0	0.5866	0.0017	0.0
70perc_5repeat	0.6	0.2918	0.0631	0.0045	0.0	0.0	0.0	0.2836	0.5274	0.02	0.0014	0.644	0.0018	0.0	0.5874	0.002	0.0
90perc_5repeat	0.6	0.3012	0.0677	0.0048	0.0	0.0	0.0	0.2915	0.5278	0.0233	0.0016	0.6442	0.0021	0.0	0.5846	0.0019	0.0
05perc_2repeat	0.7	0.2814	0.0576	0.0041	0.0	0.0	0.0	0.2761	0.5284	0.0138	0.001	0.6465	0.0015	0.0	0.5855	0.0014	0.0
90perc_10repeat	0.6	0.2884	0.0554	0.0039	0.0	0.0	0.0	0.2779	0.5244	0.0213	0.0015	0.644	0.0018	0.0	0.5907	0.0019	0.0
15perc_2repeat	0.7	0.2807	0.0562	0.004	0.0	0.0	0.0	0.2789	0.5295	0.014	0.001	0.6465	0.0014	0.0	0.5851	0.0016	0.0
100perc_10repeat	0.6	0.2917	0.0638	0.0045	0.0	0.0	0.0	0.2828	0.5268	0.0171	0.0012	0.6444	0.0017	0.0	0.5881	0.0019	0.0
40perc_10repeat	0.6	0.2923	0.0601	0.0042	0.0	0.0	0.0	0.2871	0.5275	0.017	0.0012	0.645	0.0017	0.0	0.5882	0.0021	0.0
80perc_10repeat	0.6	0.3028	0.0601	0.0042	0.0	0.0	0.0	0.2996	0.5284	0.0197	0.0014	0.6473	0.0019	0.0	0.5858	0.002	0.0
50perc_10repeat	0.6	0.2846	0.062	0.0044	0.0	0.0	0.0	0.2694	0.5252	0.0172	0.0012	0.6427	0.0018	0.0	0.5905	0.0019	0.0
70perc_10repeat	0.6	0.2978	0.0627	0.0044	0.0	0.0	0.0	0.2943	0.5261	0.02	0.0014	0.6438	0.0021	0.0	0.5871	0.0021	0.0
30perc_10repeat	0.6	0.3018	0.0669	0.0047	0.0	0.0	0.0	0.2941	0.5295	0.0182	0.0013	0.6475	0.0017	0.0	0.5844	0.0019	0.0
80perc_5repeat	0.6	0.2971	0.0596	0.0042	0.0	0.0	0.0	0.291	0.5285	0.0186	0.0013	0.6464	0.0018	0.0	0.5857	0.0018	0.0
05perc_5repeat	0.7	0.2772	0.0512	0.0036	0.0	0.0	0.0	0.2714	0.5279	0.013	0.0009	0.6466	0.0013	0.0	0.5879	0.0015	0.0
15perc_10repeat	0.6	0.3074	0.0596	0.0042	0.0	0.0	0.0	0.3116	0.5298	0.0169	0.0012	0.6486	0.0016	0.0	0.5823	0.0019	0.0
60perc_10repeat	0.6	0.2944	0.0667	0.0047	0.0	0.0	0.0	0.2901	0.5269	0.0195	0.0014	0.6463	0.0021	0.0	0.59	0.0019	0.0
05perc_10repeat	0.6	0.295	0.0634	0.0045	0.0	0.0	0.0	0.2945	0.5259	0.0177	0.0013	0.6432	0.0018	0.0	0.5867	0.0019	0.0
15perc_5repeat	0.7	0.2755	0.0497	0.0035	0.0	0.0	0.0	0.2713	0.5281	0.0132	0.0009	0.6447	0.0014	0.0	0.587	0.0014	0.0
30perc_2repeat	0.7	0.2713	0.0541	0.0038	0.0	0.0	0.0	0.2617	0.5261	0.015	0.0011	0.6444	0.0016	0.0	0.5893	0.0013	0.0
15perc_10repeat	0.7	0.2869	0.0572	0.004	0.0	0.0	0.0	0.2828	0.5301	0.0144	0.001	0.649	0.0015	0.0	0.5851	0.0015	0.0
60perc_5repeat	0.7	0.2715	0.0584	0.0041	0.0	0.0	0.0	0.2597	0.5261	0.0168	0.0012	0.6433	0.0017	0.0	0.5882	0.0016	0.0
80perc_2repeat	0.7	0.2739	0.0546	0.0039	0.0	0.0	0.0	0.2643	0.5275	0.0153	0.0011	0.6443	0.0014	0.0	0.5864	0.0014	0.0
70perc_5repeat	0.7	0.2845	0.0594	0.0042	0.0	0.0	0.0	0.2773	0.5288	0.017	0.0012	0.6482	0.0016	0.0	0.5859	0.0017	0.0
05perc_2repeat	0.8	0.2536	0.0462	0.0033	0.0	0.0	0.0	0.2502	0.5267	0.0106	0.0007	0.6439	0.0011	0.0	0.5869	0.0011	0.0
100perc_2repeat	0.7	0.2747	0.0513	0.0036	0.0	0.0	0.0	0.2685	0.5274	0.0126	0.0009	0.6442	0.0014	0.0	0.5862	0.0014	0.0
15perc_2repeat	0.8	0.2582	0.0475	0.0034	0.0	0.0	0.0	0.2526	0.5276	0.0109	0.0008	0.6463	0.0011	0.0	0.5875	0.0011	0.0
100perc_5repeat	0.7	0.2761	0.0552	0.0039	0.0	0.0	0.0	0.2672	0.5279	0.0127	0.0009	0.6463	0.0013	0.0	0.5886	0.0014	0.0
90perc_5repeat	0.7	0.2787	0.0551	0.0039	0.0	0.0	0.0	0.2713	0.5284	0.0179	0.0013	0.6464	0.0015	0.0	0.5884	0.0014	0.0
80perc_5repeat	0.7	0.2818	0.0546	0.0039	0.0	0.0	0.0	0.2782	0.5301	0.0167	0.0012	0.6474	0.0015	0.0	0.5867	0.0015	0.0
100perc_10repeat	0.7	0.2735	0.051	0.0036	0.0	0.0	0.0	0.2734	0.5261	0.0141	0.001	0.6449	0.0013	0.0	0.589	0.0015	0.0
40perc_2repeat	0.8	0.2588	0.0488	0.0034	0.0	0.0	0.0	0.2493	0.5274	0.0124	0.0009	0.6461	0.0012	0.0	0.588	0.0011	0.0
30perc_2repeat	0.8	0.2559	0.0426	0.003	0.0	0.0	0.0	0.2543	0.5273	0.0112	0.0008	0.6441	0.0011	0.0	0.5872	0.0011	0.0
50perc_2repeat	0.8	0.262	0.0471	0.0033	0.0	0.0	0.0	0.2605	0.5283	0.0125	0.0009	0.6463	0.0013	0.0	0.5869	0.0013	0.0
60perc_10repeat	0.7	0.2736	0.0513	0.0036	0.0	0.0	0.0	0.2688	0.5272	0.014	0.001	0.645	0.0015	0.0	0.5868	0.0015	0.0
40perc_5repeat	0.8	0.2606	0.0496	0.0035	0.0	0.0	0.0	0.2513	0.5278	0.0121	0.0009	0.6473	0.0012	0.0	0.5878	0.0013	0.0
40perc_2repeat	0.7	0.2682	0.0523	0.0037	0.0	0.0	0.0	0.2626	0.526	0.0151	0.0011	0.6422	0.0015	0.0	0.5885	0.0016	0.0
50perc_2repeat	0.7	0.2811	0.0581	0.0041	0.0	0.0	0.0	0.2751	0.5282	0.0172	0.0012	0.6459	0.0016	0.0	0.5855	0.0016	0.0
30perc_5repeat	0.8	0.2599	0.0463	0.0033	0.0	0.0	0.0	0.2569	0.5281	0.0117	0.0008	0.6448	0.0011	0.0	0.587	0.0012	0.0
05perc_5repeat	0.8	0.2582	0.0457	0.0032	0.0	0.0	0.0	0.2508	0.5276	0.0095	0.0007	0.6465	0.001	0.0	0.5883	0.0011	0.0
60perc_2repeat	0.7	0.2742	0.0495	0.0035	0.0	0.0	0.0	0.2692	0.5272	0.0147	0.001	0.6447	0.0013	0.0	0.5876	0.0015	0.0
15perc_5repeat	0.8	0.2623	0.0455	0.0032	0.0	0.0	0.0	0.2558	0.5285	0.01	0.0007	0.6466	0.001	0.0	0.5861	0.0012	0.0
70perc_2repeat	0.7	0.275	0.0529	0.0037	0.0	0.0	0.0	0.2676	0.5283	0.0169	0.0012	0.645	0.0014	0.0	0.5861	0.0016	0.0
90perc_2repeat	0.7	0.2689	0.0466	0.0033	0.0	0.0	0.0	0.2637	0.5263	0.0151	0.0011	0.643	0.0013	0.0	0.5881	0.0015	0.0
50perc_5repeat	0.7	0.2767	0.0541	0.0038	0.0	0.0	0.0	0.2703	0.5284	0.0157	0.0011	0.6461	0.0015	0.0	0.5869	0.0017	0.0
50perc_5repeat	0.8	0.2636	0.0449	0.0032	0.0	0.0	0.0	0.2592	0.5293	0.0114	0.0008	0.6482	0.0011	0.0	0.586	0.0012	0.0
05perc_10repeat	0.7	0.2769	0.0519	0.0037	0.0	0.0	0.0	0.2737	0.5279	0.0133	0.0009	0.6454	0.0013	0.0	0.5868	0.0014	0.0
40perc_5repeat	0.7	0.2779	0.0572	0.004	0.0	0.0	0.0	0.2699	0.5276	0.0149	0.0011	0.6454	0.0016	0.0	0.5862	0.0016	0.0
30perc_5repeat	0.7	0.2825	0.0596	0.0042	0.0	0.0	0.0	0.2805	0.5283	0.0157	0.0011	0.645	0.0016	0.0	0.5844	0.0017	0.0
60perc_5repeat	0.8	0.2578	0.0477	0.0034	0.0	0.0	0.0	0.2498	0.5259	0.0133	0.0009	0.645	0.0012	0.0	0.5874	0.0013	0.0
40perc_10repeat	0.8	0.2576	0.0468	0.0033	0.0	0.0	0.0	0.2533	0.5268	0.0109	0.0008	0.6453	0.0011	0.0	0.5866	0.0012	0.0
90perc_10repeat	0.7	0.2782	0.0547	0.0039	0.0	0.0	0.0	0.269	0.5272	0.0179	0.0013	0.6459	0.0014	0.0	0.587	0.0014	0.0
70perc_2repeat	0.8	0.2567	0.0455	0.0032	0.0	0.0	0.0	0.2522	0.5281	0.013	0.0009	0.6449	0.001	0.0	0.5884	0.0012	0.0
80perc_2repeat	0.8	0.2578	0.0459	0.0032	0.0	0.0	0.0	0.2519	0.5276	0.0131	0.0009	0.6446	0.0011	0.0	0.5862	0.0011	0.0
30perc_10repeat	0.8	0.2584	0.0448	0.0032	0.0	0.0	0.0	0.2531	0.5277	0.0107	0.0008	0.6449	0.0011	0.0	0.588	0.0012	0.0
90perc_2repeat	0.8	0.2584	0.047	0.0033	0.0	0.0	0.0	0.252	0.5284	0.013	0.0009	0.6451	0.001	0.0	0.588	0.0011	0.0
80perc_10repeat	0.7	0.2805	0.0566	0.004	0.0	0.0	0.0	0.2737	0.53	0.0176	0.0012	0.6481	0.0015	0.0	0.5866	0.0017	0.0
05perc_2repeat	0.9	0.2424	0.045	0.0032	0.0	0.0	0.0	0.2367	0.5272	0.007	0.0005	0.6456	0.0008	0.0	0.5878	0.0008	0.0
100perc_5repeat	0.8	0.2575	0.0454	0.0032	0.0	0.0	0.0	0.252	0.5277	0.0097	0.0007	0.645	0.001	0.0	0.587	0.0011	0.0
100perc_2repeat	0.8	0.2533	0.0457	0.0032	0.0	0.0	0.0	0.2485	0.5263	0.0094	0.0007	0.6451	0.001	0.0	0.5883	0.001	0.0
60perc_2repeat	0.8	0.2621	0.0497	0.0035	0.0	0.0	0.0	0.2557	0.5287	0.0132	0.0009	0.6479	0.0012	0.0	0.587	0.0012	0.0
50perc_10repeat	0.8	0.258	0.0507	0.0036	0.0	0.0	0.0	0.2516	0.5262	0.0126	0.0009	0.6443	0.0012	0.0	0.5872	0.0012	0.0
100perc_10repeat	0.8	0.2537	0.0481	0.0034	0.0	0.0	0.0	0.2462	0.5265	0.0104	0.0007	0.6438	0.0011	0.0	0.588	0.0011	0.0
90perc_5repeat	0.8	0.2599	0.0463	0.0033	0.0	0.0	0.0	0.2548	0.5272	0.0142	0.001	0.6457	0.0011	0.0	0.5873	0.0011	0.0
15perc_2repeat	0.9	0.2468	0.0453	0.0032	0.0	0.0	0.0	0.2472	0.5281	0.0076	0.0005	0.6468	0.0007	0.0	0.5866	0.0008	0.0
80perc_5repeat	0.8	0.2583	0.0449	0.0032	0.0	0.0	0.0	0.2519	0.5273	0.0133	0.0009	0.6462	0.0011	0.0	0.5878	0.001	0.0
70perc_10repeat	0.7	0.2786	0.0543	0.0038	0.0	0.0	0.0	0.2718	0.5276	0.0161	0.0011	0.6471	0.0015	0.0	0.586	0.0016	0.0
90perc_10repeat	0.8	0.2568	0.0435	0.0031	0.0	0.0	0.0	0.2521	0.528	0.0136	0.001	0.645	0.0011	0.0	0.5865	0.0011	0.0
70perc_5repeat	0.8	0.2591	0.0513	0.0036	0.0	0.0	0.0	0.2493	0.5266	0.014	0.001	0.6446	0.0012	0.0	0.5866	0.0013	0.0
15perc_10repeat	0.8	0.2636	0.0459	0.0032	0.0	0.0	0.0	0.2561	0.5283	0.0091	0.0006	0.6482	0.001	0.0	0.5865	0.001	0.0
50perc_10repeat	0.7	0.2727	0.0493	0.0035	0.0	0.0	0.0	0.2677	0.527	0.0137	0.001	0.6445	0.0015	0.0	0.5874	0.0014	0.0
05perc_10repeat	0.8	0.2546	0.046	0.0032	0.0	0.0	0.0	0.2467	0.5266	0.0095	0.0007	0.6453	0.0011	0.0	0.5881	0.001	0.0
80perc_10repeat	0.8	0.2654	0.049	0.0035	0.0	0.0	0.0	0.2614	0.5287	0.0138	0.001	0.647	0.0012	0.0	0.585	0.0012	0.0
40perc_2repeat	0.9	0.245	0.0442	0.0031	0.0	0.0	0.0	0.2413	0.5277	0.0093	0.0007	0.6462	0.0008	0.0	0.5881	0.0009	0.0
40perc_10repeat	0.7	0.2642	0.0502	0.0035	0.0	0.0	0.0	0.2535	0.5252	0.0136	0.001	0.6426	0.0014	0.0	0.5897	0.0015	0.0
70perc_10repeat	0.8	0.2524	0.0495	0.0035	0.0	0.0	0.0	0.2449	0.527	0.0126	0.0009	0.6437	0.0012	0.0	0.5895	0.0012	0.0
30perc_10repeat	0.7	0.2732	0.0501	0.0035	0.0	0.0	0.0	0.2713	0.5277	0.0126	0.0009	0.6436	0.0014	0.0	0.5868	0.0014	0.0
60perc_2repeat	0.9	0.2441	0.0447	0.0032	0.0	0.0	0.0	0.24	0.5277	0.0101	0.0007	0.6463	0.0009	0.0	0.5881	0.0009	0.0
05perc_5repeat	0.9	0.2422	0.0428	0.003	0.0	0.0	0.0	0.2408	0.5277	0.0067	0.0005	0.6461	0.0007	0.0	0.5879	0.0007	0.0
15perc_5repeat	0.9	0.2367	0.0447	0.0032	0.0	0.0	0.0	0.233	0.527	0.007	0.0005	0.6455	0.0007	0.0	0.5873	0.0007	0.0
100perc_2repeat	0.9	0.2402	0.0439	0.0031	0.0	0.0	0.0	0.2346	0.5269	0.0062	0.0004	0.6455	0.0007	0.0	0.5878	0.0007	0.0
100perc_5repeat	0.9	0.2438	0.0477	0.0034	0.0	0.0	0.0	0.2372	0.5275	0.0063	0.0004	0.6456	0.0007	0.0	0.5877	0.0007	0.0
90perc_2repeat	0.9	0.2369	0.0401	0.0028	0.0	0.0	0.0	0.2334	0.5263	0.0096	0.0007	0.6448	0.0006	0.0	0.5883	0.0007	0.0
100perc_10repeat	0.9	0.2419	0.0473	0.0033	0.0	0.0	0.0	0.24	0.5276	0.0063	0.0004	0.6451	0.0007	0.0	0.5878	0.0007	0.0
30perc_2repeat	0.9	0.2453	0.0461	0.0033	0.0	0.0	0.0	0.2401	0.5281	0.0085	0.0006	0.6473	0.0009	0.0	0.5873	0.0009	0.0
70perc_5repeat	0.9	0.24	0.0477	0.0034	0.0	0.0	0.0	0.2341	0.5262	0.012	0.0008	0.6448	0.0009	0.0	0.5896	0.0009	0.0
80perc_5repeat	0.9	0.2446	0.0405	0.0029	0.0	0.0	0.0	0.2433	0.5278	0.0112	0.0008	0.6463	0.0007	0.0	0.588	0.0008	0.0
90perc_5repeat	0.9	0.2468	0.0476	0.0034	0.0	0.0	0.0	0.2432	0.5278	0.0113	0.0008	0.6466	0.0007	0.0	0.5859	0.0008	0.0
50perc_2repeat	0.9	0.2433	0.0476	0.0034	0.0	0.0	0.0	0.2409	0.5279	0.0097	0.0007	0.6461	0.0008	0.0	0.5879	0.0009	0.0
70perc_2repeat	0.9	0.2532	0.0488	0.0034	0.0	0.0	0.0	0.2473	0.5278	0.0116	0.0008	0.6469	0.0008	0.0	0.5875	0.0009	0.0
80perc_2repeat	0.9	0.2406	0.0462	0.0033	0.0	0.0	0.0	0.2327	0.5278	0.0098	0.0007	0.6464	0.0008	0.0	0.5873	0.0008	0.0
60perc_10repeat	0.8	0.2586	0.0456	0.0032	0.0	0.0	0.0	0.2548	0.5271	0.0113	0.0008	0.6447	0.0011	0.0	0.588	0.0013	0.0
80perc_10repeat	0.9	0.2406	0.0454	0.0032	0.0	0.0	0.0	0.2386	0.5258	0.0109	0.0008	0.6453	0.0009	0.0	0.5886	0.0009	0.0
60perc_5repeat	0.9	0.2418	0.0456	0.0032	0.0	0.0	0.0	0.2357	0.5268	0.0102	0.0007	0.6448	0.0009	0.0	0.5882	0.0009	0.0
70perc_10repeat	0.9	0.2426	0.0432	0.0031	0.0	0.0	0.0	0.2418	0.5279	0.0101	0.0007	0.646	0.0008	0.0	0.5891	0.0009	0.0
40perc_5repeat	0.9	0.2436	0.0423	0.003	0.0	0.0	0.0	0.2401	0.5279	0.0083	0.0006	0.6449	0.0008	0.0	0.5865	0.0009	0.0
90perc_10repeat	0.9	0.2486	0.0466	0.0033	0.0	0.0	0.0	0.2424	0.5272	0.0124	0.0009	0.6475	0.0008	0.0	0.5892	0.0008	0.0
40perc_10repeat	0.9	0.2404	0.0456	0.0032	0.0	0.0	0.0	0.2342	0.527	0.0078	0.0006	0.6459	0.0008	0.0	0.589	0.0008	0.0
30perc_5repeat	0.9	0.2351	0.0425	0.003	0.0	0.0	0.0	0.233	0.5264	0.0079	0.0006	0.6439	0.0008	0.0	0.5882	0.0008	0.0
50perc_5repeat	0.9	0.2406	0.0411	0.0029	0.0	0.0	0.0	0.2361	0.5273	0.0095	0.0007	0.6452	0.0008	0.0	0.5874	0.001	0.0
30perc_10repeat	0.9	0.2391	0.0445	0.0031	0.0	0.0	0.0	0.2375	0.5276	0.0077	0.0005	0.6458	0.0008	0.0	0.5891	0.0007	0.0
05perc_10repeat	0.9	0.2483	0.047	0.0033	0.0	0.0	0.0	0.2478	0.5274	0.0073	0.0005	0.6468	0.0007	0.0	0.5875	0.0008	0.0
15perc_10repeat	0.9	0.2405	0.0469	0.0033	0.0	0.0	0.0	0.2346	0.5266	0.0075	0.0005	0.6448	0.0008	0.0	0.5886	0.0008	0.0
60perc_10repeat	0.9	0.2457	0.0456	0.0032	0.0	0.0	0.0	0.2408	0.5276	0.0087	0.0006	0.6456	0.0009	0.0	0.5879	0.0009	0.0
50perc_10repeat	0.9	0.2486	0.0465	0.0033	0.0	0.0	0.0	0.2445	0.5278	0.0088	0.0006	0.6471	0.0009	0.0	0.5861	0.0009	0.0
