Label	trainingSize	SquaredLoss_Mean	Accuracy_Mean	Accuracy_SD	Accuracy_SE	Precision_Mean	Recall_Mean	F1	Accuracy_Median	PriorClass0_Mean	PriorClass0_SD	PriorClass0_SE	ProbabilityEstimate_0given0_Mean 	ProbabilityEstimate_0given0_SD 	ProbabilityEstimate_0given0_SE 	ProbabilityEstimate_1given1_Mean	ProbabilityEstimate_1given1_SD	ProbabilityEstimate_1given1_SE

original	0.9	0.2459	0.6509	0.0641	0.0045	0.7719	0.3963	0.5237	0.6511	0.5277	0.0069	0.0005	0.6462	0.0007	0.0	0.5881	0.0006	0.0
original	0.8	0.2587	0.6339	0.0597	0.0042	0.7508	0.3537	0.4809	0.6351	0.5269	0.0101	0.0007	0.6469	0.001	0.0	0.5889	0.0009	0.0
original	0.35	0.3607	0.5418	0.0452	0.0032	0.5828	0.2017	0.2997	0.5333	0.5295	0.0269	0.0019	0.6455	0.003	0.0	0.5805	0.0033	0.0
original	0.7	0.2759	0.613	0.0531	0.0038	0.7531	0.2959	0.4249	0.6142	0.5269	0.0121	0.0009	0.6463	0.0014	0.0	0.5884	0.0014	0.0
original	0.6	0.2942	0.5953	0.0589	0.0042	0.7372	0.2609	0.3854	0.5889	0.5272	0.0159	0.0011	0.6465	0.0016	0.0	0.5876	0.0018	0.0
original	0.5	0.3216	0.5732	0.0562	0.004	0.7126	0.1906	0.3008	0.5631	0.5295	0.0187	0.0013	0.6463	0.0021	0.0	0.5832	0.0023	0.0
original	0.45	0.3295	0.5682	0.0561	0.004	0.6811	0.2086	0.3194	0.5557	0.5275	0.0213	0.0015	0.6465	0.0023	0.0	0.5854	0.0026	0.0
original	0.4	0.337	0.557	0.0561	0.004	0.6364	0.2581	0.3673	0.5473	0.5233	0.0255	0.0018	0.6376	0.0026	0.0	0.5868	0.003	0.0
original	0.3	0.3801	0.5322	0.0371	0.0026	0.5541	0.1763	0.2674	0.5265	0.5327	0.0296	0.0021	0.649	0.0033	0.0	0.5755	0.0039	0.0
original	0.25	0.3822	0.5264	0.0395	0.0028	0.5296	0.2607	0.3494	0.5263	0.5269	0.0335	0.0024	0.6398	0.0044	0.0	0.583	0.0042	0.0
original	0.2	0.3995	0.5167	0.0338	0.0024	0.4904	0.2658	0.3448	0.522	0.5279	0.0406	0.0029	0.6398	0.0052	0.0	0.5834	0.005	0.0
original	0.1	0.4193	0.5044	0.0278	0.002	0.3773	0.3559	0.3663	0.5214	0.5306	0.0561	0.004	0.6258	0.0092	0.0	0.571	0.0089	0.0
original	0.05	0.42	0.5007	0.0268	0.0019	0.3378	0.4233	0.3758	0.5178	0.5252	0.0885	0.0063	0.5747	0.0141	0.0	0.5387	0.0138	0.0

Best_flip	0.25	0.2654	0 	0 	0 	0 	0 	0 	0 	0 	0 	0 	0 	0 	0 	0 	0 	50perc_10repeat
Best_flip	0.5	0.2323	0 	0 	0 	0 	0 	0 	0 	0 	0 	0 	0 	0 	0 	0 	0 	80perc_2repeat
Best_flip	0.05	0.3235	0 	0 	0 	0 	0 	0 	0 	0 	0 	0 	0 	0 	0 	0 	0 	50perc_10repeat
Best_flip	0.2	0.2708	0 	0 	0 	0 	0 	0 	0 	0 	0 	0 	0 	0 	0 	0 	0 	50perc_10repeat
Best_flip	0.4	0.2528	0 	0 	0 	0 	0 	0 	0 	0 	0 	0 	0 	0 	0 	0 	0 	60perc_10repeat
Best_flip	0.6	0.219	0 	0 	0 	0 	0 	0 	0 	0 	0 	0 	0 	0 	0 	0 	0 	90perc_2repeat
Best_flip	0.3	0.26	0 	0 	0 	0 	0 	0 	0 	0 	0 	0 	0 	0 	0 	0 	0 	60perc_10repeat
Best_flip	0.1	0.2974	0 	0 	0 	0 	0 	0 	0 	0 	0 	0 	0 	0 	0 	0 	0 	50perc_10repeat
Best_flip	0.45	0.2431	0 	0 	0 	0 	0 	0 	0 	0 	0 	0 	0 	0 	0 	0 	0 	90perc_2repeat
Best_flip	0.7	0.2118	0 	0 	0 	0 	0 	0 	0 	0 	0 	0 	0 	0 	0 	0 	0 	90perc_2repeat
Best_flip	0.35	0.2563	0 	0 	0 	0 	0 	0 	0 	0 	0 	0 	0 	0 	0 	0 	0 	50perc_10repeat
Best_flip	0.8	0.2057	0 	0 	0 	0 	0 	0 	0 	0 	0 	0 	0 	0 	0 	0 	0 	90perc_2repeat
Best_flip	0.9	0.2007	0 	0 	0 	0 	0 	0 	0 	0 	0 	0 	0 	0 	0 	0 	0 	90perc_2repeat


Best_flipDrop	0.25	0.2642	0 	0 	0 	0 	0 	0 	0 	0 	0 	0 	0 	0 	0 	0 	0 	60FL_40DE_10repeat
Best_flipDrop	0.5	0.2218	0 	0 	0 	0 	0 	0 	0 	0 	0 	0 	0 	0 	0 	0 	0 	100FL_40DE_2repeat
Best_flipDrop	0.1	0.2986	0 	0 	0 	0 	0 	0 	0 	0 	0 	0 	0 	0 	0 	0 	0 	60FL_5DE_10repeat
Best_flipDrop	0.2	0.2704	0 	0 	0 	0 	0 	0 	0 	0 	0 	0 	0 	0 	0 	0 	0 	60FL_15DE_10repeat
Best_flipDrop	0.4	0.2384	0 	0 	0 	0 	0 	0 	0 	0 	0 	0 	0 	0 	0 	0 	0 	100FL_40DE_2repeat
Best_flipDrop	0.6	0.2138	0 	0 	0 	0 	0 	0 	0 	0 	0 	0 	0 	0 	0 	0 	0 	100FL_40DE_2repeat
Best_flipDrop	0.3	0.2574	0 	0 	0 	0 	0 	0 	0 	0 	0 	0 	0 	0 	0 	0 	0 	60FL_40DE_10repeat
Best_flipDrop	0.05	0.3343	0 	0 	0 	0 	0 	0 	0 	0 	0 	0 	0 	0 	0 	0 	0 	60FL_15DE_10repeat
Best_flipDrop	0.45	0.2276	0 	0 	0 	0 	0 	0 	0 	0 	0 	0 	0 	0 	0 	0 	0 	100FL_40DE_2repeat
Best_flipDrop	0.7	0.2086	0 	0 	0 	0 	0 	0 	0 	0 	0 	0 	0 	0 	0 	0 	0 	100FL_40DE_2repeat
Best_flipDrop	0.35	0.2507	0 	0 	0 	0 	0 	0 	0 	0 	0 	0 	0 	0 	0 	0 	0 	60FL_60DE_10repeat
Best_flipDrop	0.8	0.2042	0 	0 	0 	0 	0 	0 	0 	0 	0 	0 	0 	0 	0 	0 	0 	100FL_50DE_2repeat
Best_flipDrop	0.9	0.2006	0 	0 	0 	0 	0 	0 	0 	0 	0 	0 	0 	0 	0 	0 	0 	100FL_30DE_2repeat



avgOgExcel	0.9	0.2019	0.6873	0.0536	0.0038	0.659	0.6956	0.6768	0.6915	0.4869	0.0	0.0	0.6054	0.0	0.0	0.6119	0.0	0.0
avgOgExcel	0.8	0.2023	0.6907	0.038	0.0027	0.6646	0.7082	0.6857	0.6917	0.4869	0.0	0.0	0.6054	0.0	0.0	0.6119	0.0	0.0
avgOgExcel	0.7	0.2076	0.6835	0.0277	0.002	0.6549	0.7003	0.6768	0.6832	0.4869	0.0	0.0	0.6054	0.0	0.0	0.6119	0.0	0.0
avgOgExcel	0.6	0.2093	0.6824	0.0231	0.0016	0.654	0.7033	0.6778	0.6819	0.4869	0.0	0.0	0.6054	0.0	0.0	0.6119	0.0	0.0
avgOgExcel	0.5	0.2155	0.6721	0.0223	0.0016	0.645	0.6921	0.6677	0.6722	0.4869	0.0	0.0	0.6054	0.0	0.0	0.6119	0.0	0.0
avgOgExcel	0.45	0.2203	0.6643	0.023	0.0016	0.6369	0.6948	0.6646	0.6659	0.4869	0.0	0.0	0.6054	0.0	0.0	0.6119	0.0	0.0
avgOgExcel	0.4	0.2266	0.6536	0.0276	0.002	0.6251	0.7047	0.6625	0.6567	0.4869	0.0	0.0	0.6054	0.0	0.0	0.6119	0.0	0.0
avgOgExcel	0.35	0.2373	0.6356	0.0366	0.0026	0.6035	0.7339	0.6624	0.6404	0.4869	0.0	0.0	0.6054	0.0	0.0	0.6119	0.0	0.0
avgOgExcel	0.3	0.2544	0.613	0.0483	0.0034	0.5919	0.7346	0.6556	0.6277	0.4869	0.0	0.0	0.6054	0.0	0.0	0.6119	0.0	0.0
avgOgExcel	0.25	0.2885	0.5672	0.0548	0.0039	0.5516	0.8037	0.6542	0.5546	0.4869	0.0	0.0	0.6054	0.0	0.0	0.6119	0.0	0.0
avgOgExcel	0.2	0.3265	0.5298	0.0493	0.0035	0.5291	0.8361	0.6481	0.5126	0.4869	0.0	0.0	0.6054	0.0	0.0	0.6119	0.0	0.0
avgOgExcel	0.1	0.3889	0.4882	0.0179	0.0013	0.5001	0.8815	0.6382	0.4848	0.4869	0.0	0.0	0.6054	0.0	0.0	0.6119	0.0	0.0
avgOgExcel	0.05	0.4143	0.4782	0.0095	0.0007	0.4869	0.9357	0.6406	0.4768	0.4869	0.0	0.0	0.6054	0.0	0.0	0.6119	0.0	0.0



0.9_best_90perc_2repeat	0.9	0.2026	0.6832	0.0517	0.0037	0.6506	0.7227	0.6847	0.6836	0.4938	0.0	0.0	0.5832	0.0	0.0	0.5971	0.0	0.0
0.9_best_90perc_2repeat	0.8	0.2025	0.6844	0.0394	0.0028	0.65	0.7308	0.688	0.6854	0.4938	0.0	0.0	0.5832	0.0	0.0	0.5971	0.0	0.0
0.9_best_90perc_2repeat	0.7	0.2086	0.6768	0.0261	0.0018	0.6365	0.7387	0.6838	0.6761	0.4938	0.0	0.0	0.5832	0.0	0.0	0.5971	0.0	0.0
0.9_best_90perc_2repeat	0.6	0.2117	0.6706	0.0222	0.0016	0.629	0.7472	0.683	0.6706	0.4938	0.0	0.0	0.5832	0.0	0.0	0.5971	0.0	0.0
0.9_best_90perc_2repeat	0.5	0.2191	0.6574	0.0252	0.0018	0.6114	0.7714	0.6821	0.659	0.4938	0.0	0.0	0.5832	0.0	0.0	0.5971	0.0	0.0
0.9_best_90perc_2repeat	0.45	0.2273	0.6443	0.0304	0.0022	0.5968	0.7929	0.681	0.6463	0.4938	0.0	0.0	0.5832	0.0	0.0	0.5971	0.0	0.0
0.9_best_90perc_2repeat	0.4	0.2363	0.6245	0.0349	0.0025	0.5749	0.821	0.6762	0.6284	0.4938	0.0	0.0	0.5832	0.0	0.0	0.5971	0.0	0.0
0.9_best_90perc_2repeat	0.35	0.2528	0.5955	0.0378	0.0027	0.5502	0.8506	0.6682	0.5965	0.4938	0.0	0.0	0.5832	0.0	0.0	0.5971	0.0	0.0
0.9_best_90perc_2repeat	0.3	0.2755	0.5609	0.0395	0.0028	0.5238	0.8972	0.6614	0.5572	0.4938	0.0	0.0	0.5832	0.0	0.0	0.5971	0.0	0.0
0.9_best_90perc_2repeat	0.25	0.3044	0.5241	0.0294	0.0021	0.4997	0.9331	0.6508	0.5189	0.4938	0.0	0.0	0.5832	0.0	0.0	0.5971	0.0	0.0
0.9_best_90perc_2repeat	0.2	0.3297	0.5025	0.019	0.0013	0.487	0.9596	0.6461	0.5015	0.4938	0.0	0.0	0.5832	0.0	0.0	0.5971	0.0	0.0
0.9_best_90perc_2repeat	0.1	0.3783	0.4788	0.0098	0.0007	0.4753	0.9871	0.6416	0.4784	0.4938	0.0	0.0	0.5832	0.0	0.0	0.5971	0.0	0.0
0.9_best_90perc_2repeat	0.05	0.3985	0.4735	0.0057	0.0004	0.4725	0.994	0.6405	0.4733	0.4938	0.0	0.0	0.5832	0.0	0.0	0.5971	0.0	0.0



0.2_60FL_15DE_10repeat	0.35	0.2443	0.5719	0.0138	0.001	0.5356	0.7397	0.6214	0.5721	0.4982	0.0	0.0	0.5116	0.0	0.0	0.5154	0.0	0.0
0.2_60FL_15DE_10repeat	0.3	0.2452	0.5625	0.0136	0.001	0.5277	0.7449	0.6177	0.5628	0.4982	0.0	0.0	0.5116	0.0	0.0	0.5154	0.0	0.0
0.2_60FL_15DE_10repeat	0.2	0.2477	0.5353	0.0119	0.0008	0.5063	0.7496	0.6044	0.5354	0.4982	0.0	0.0	0.5116	0.0	0.0	0.5154	0.0	0.0
0.2_60FL_15DE_10repeat	0.25	0.2465	0.5489	0.0121	0.0009	0.516	0.7472	0.6104	0.5498	0.4982	0.0	0.0	0.5116	0.0	0.0	0.5154	0.0	0.0
0.2_60FL_15DE_10repeat	0.05	0.2513	0.494	0.007	0.0005	0.4781	0.7578	0.5863	0.4936	0.4982	0.0	0.0	0.5116	0.0	0.0	0.5154	0.0	0.0
0.2_60FL_15DE_10repeat	0.1	0.2501	0.5077	0.0092	0.0007	0.4862	0.7573	0.5922	0.5078	0.4982	0.0	0.0	0.5116	0.0	0.0	0.5154	0.0	0.0
0.2_60FL_15DE_10repeat	0.6	0.2389	0.6192	0.0161	0.0011	0.576	0.7386	0.6472	0.6206	0.4982	0.0	0.0	0.5116	0.0	0.0	0.5154	0.0	0.0
0.2_60FL_15DE_10repeat	0.4	0.2433	0.5822	0.014	0.001	0.5436	0.7409	0.6271	0.5817	0.4982	0.0	0.0	0.5116	0.0	0.0	0.5154	0.0	0.0
0.2_60FL_15DE_10repeat	0.7	0.237	0.6343	0.0193	0.0014	0.5921	0.7344	0.6556	0.6342	0.4982	0.0	0.0	0.5116	0.0	0.0	0.5154	0.0	0.0
0.2_60FL_15DE_10repeat	0.45	0.242	0.5939	0.0158	0.0011	0.5557	0.7367	0.6336	0.5958	0.4982	0.0	0.0	0.5116	0.0	0.0	0.5154	0.0	0.0
0.2_60FL_15DE_10repeat	0.5	0.241	0.6023	0.0154	0.0011	0.5614	0.7374	0.6375	0.6019	0.4982	0.0	0.0	0.5116	0.0	0.0	0.5154	0.0	0.0
0.2_60FL_15DE_10repeat	0.8	0.2348	0.6472	0.0273	0.0019	0.609	0.7319	0.6648	0.646	0.4982	0.0	0.0	0.5116	0.0	0.0	0.5154	0.0	0.0
0.2_60FL_15DE_10repeat	0.9	0.2332	0.6578	0.0413	0.0029	0.6206	0.7348	0.6729	0.6548	0.4982	0.0	0.0	0.5116	0.0	0.0	0.5154	0.0	0.0

0.05_60FL_15DE_10repeat	0.35	0.2505	0.4986	0.0132	0.0009	0.4834	0.8872	0.6258	0.4989	0.4977	0.0	0.0	0.5034	0.0	0.0	0.513	0.0	0.0
0.05_60FL_15DE_10repeat	0.25	0.252	0.4911	0.0116	0.0008	0.48	0.8888	0.6234	0.4921	0.4977	0.0	0.0	0.5034	0.0	0.0	0.513	0.0	0.0
0.05_60FL_15DE_10repeat	0.3	0.2513	0.4943	0.0113	0.0008	0.4807	0.8878	0.6237	0.4946	0.4977	0.0	0.0	0.5034	0.0	0.0	0.513	0.0	0.0
0.05_60FL_15DE_10repeat	0.05	0.2553	0.4757	0.0048	0.0003	0.4707	0.893	0.6164	0.4757	0.4977	0.0	0.0	0.5034	0.0	0.0	0.513	0.0	0.0
0.05_60FL_15DE_10repeat	0.2	0.2529	0.4853	0.01	0.0007	0.4758	0.8898	0.6201	0.4858	0.4977	0.0	0.0	0.5034	0.0	0.0	0.513	0.0	0.0
0.05_60FL_15DE_10repeat	0.1	0.2545	0.4782	0.0073	0.0005	0.472	0.8917	0.6173	0.4784	0.4977	0.0	0.0	0.5034	0.0	0.0	0.513	0.0	0.0
0.05_60FL_15DE_10repeat	0.4	0.2498	0.5026	0.0169	0.0012	0.485	0.8852	0.6266	0.5022	0.4977	0.0	0.0	0.5034	0.0	0.0	0.513	0.0	0.0
0.05_60FL_15DE_10repeat	0.6	0.2469	0.5243	0.0207	0.0015	0.498	0.8798	0.636	0.5241	0.4977	0.0	0.0	0.5034	0.0	0.0	0.513	0.0	0.0
0.05_60FL_15DE_10repeat	0.7	0.2454	0.5377	0.0241	0.0017	0.5074	0.8783	0.6432	0.5381	0.4977	0.0	0.0	0.5034	0.0	0.0	0.513	0.0	0.0
0.05_60FL_15DE_10repeat	0.45	0.249	0.5096	0.0156	0.0011	0.4909	0.8843	0.6313	0.5099	0.4977	0.0	0.0	0.5034	0.0	0.0	0.513	0.0	0.0
0.05_60FL_15DE_10repeat	0.5	0.2483	0.5142	0.0197	0.0014	0.4928	0.8835	0.6327	0.5143	0.4977	0.0	0.0	0.5034	0.0	0.0	0.513	0.0	0.0
0.05_60FL_15DE_10repeat	0.8	0.2442	0.5486	0.0285	0.002	0.5131	0.8736	0.6465	0.5468	0.4977	0.0	0.0	0.5034	0.0	0.0	0.513	0.0	0.0
0.05_60FL_15DE_10repeat	0.9	0.243	0.5599	0.0459	0.0032	0.521	0.8716	0.6521	0.562	0.4977	0.0	0.0	0.5034	0.0	0.0	0.513	0.0	0.0

0.6_100FL_40DE_2repeat	0.3	0.2577	0.6184	0.0488	0.0035	0.6122	0.6754	0.6423	0.6361	0.4909	0.0	0.0	0.6169	0.0	0.0	0.6225	0.0	0.0
0.6_100FL_40DE_2repeat	0.25	0.2868	0.5835	0.057	0.004	0.5888	0.699	0.6392	0.5947	0.4909	0.0	0.0	0.6169	0.0	0.0	0.6225	0.0	0.0
0.6_100FL_40DE_2repeat	0.35	0.2356	0.65	0.0332	0.0023	0.6384	0.6537	0.646	0.6588	0.4909	0.0	0.0	0.6169	0.0	0.0	0.6225	0.0	0.0
0.6_100FL_40DE_2repeat	0.2	0.325	0.5446	0.0471	0.0033	0.5729	0.6821	0.6227	0.5483	0.4909	0.0	0.0	0.6169	0.0	0.0	0.6225	0.0	0.0
0.6_100FL_40DE_2repeat	0.1	0.3938	0.4948	0.0195	0.0014	0.5306	0.7457	0.62	0.4929	0.4909	0.0	0.0	0.6169	0.0	0.0	0.6225	0.0	0.0
0.6_100FL_40DE_2repeat	0.05	0.4203	0.4829	0.0114	0.0008	0.5039	0.8451	0.6314	0.4833	0.4909	0.0	0.0	0.6169	0.0	0.0	0.6225	0.0	0.0
0.6_100FL_40DE_2repeat	0.4	0.2273	0.658	0.0255	0.0018	0.6423	0.6593	0.6507	0.6603	0.4909	0.0	0.0	0.6169	0.0	0.0	0.6225	0.0	0.0
0.6_100FL_40DE_2repeat	0.45	0.2205	0.6706	0.0207	0.0015	0.6547	0.6539	0.6543	0.6714	0.4909	0.0	0.0	0.6169	0.0	0.0	0.6225	0.0	0.0
0.6_100FL_40DE_2repeat	0.6	0.2131	0.6811	0.0239	0.0017	0.6605	0.6768	0.6686	0.6781	0.4909	0.0	0.0	0.6169	0.0	0.0	0.6225	0.0	0.0
0.6_100FL_40DE_2repeat	0.5	0.2171	0.6745	0.0204	0.0014	0.6539	0.6688	0.6613	0.6736	0.4909	0.0	0.0	0.6169	0.0	0.0	0.6225	0.0	0.0
0.6_100FL_40DE_2repeat	0.9	0.204	0.6883	0.0474	0.0033	0.6652	0.6924	0.6785	0.6875	0.4909	0.0	0.0	0.6169	0.0	0.0	0.6225	0.0	0.0
0.6_100FL_40DE_2repeat	0.7	0.2087	0.686	0.0291	0.0021	0.6652	0.6808	0.6729	0.6841	0.4909	0.0	0.0	0.6169	0.0	0.0	0.6225	0.0	0.0
0.6_100FL_40DE_2repeat	0.8	0.206	0.6865	0.0371	0.0026	0.6617	0.6892	0.6752	0.685	0.4909	0.0	0.0	0.6169	0.0	0.0	0.6225	0.0	0.0

0.45_100FL_40DE_2repeat	0.35	0.2366	0.647	0.0333	0.0024	0.6434	0.6218	0.6324	0.6511	0.4921	0.0	0.0	0.6171	0.0	0.0	0.6214	0.0	0.0
0.45_100FL_40DE_2repeat	0.25	0.2828	0.5887	0.0495	0.0035	0.6088	0.6261	0.6173	0.5967	0.4921	0.0	0.0	0.6171	0.0	0.0	0.6214	0.0	0.0
0.45_100FL_40DE_2repeat	0.3	0.2558	0.6227	0.044	0.0031	0.6344	0.6067	0.6203	0.6363	0.4921	0.0	0.0	0.6171	0.0	0.0	0.6214	0.0	0.0
0.45_100FL_40DE_2repeat	0.2	0.3137	0.5558	0.0427	0.003	0.5992	0.6002	0.5997	0.56	0.4921	0.0	0.0	0.6171	0.0	0.0	0.6214	0.0	0.0
0.45_100FL_40DE_2repeat	0.1	0.3871	0.4991	0.0205	0.0014	0.5461	0.676	0.6041	0.4961	0.4921	0.0	0.0	0.6171	0.0	0.0	0.6214	0.0	0.0
0.45_100FL_40DE_2repeat	0.05	0.4126	0.4875	0.0125	0.0009	0.5151	0.7631	0.615	0.4859	0.4921	0.0	0.0	0.6171	0.0	0.0	0.6214	0.0	0.0
0.45_100FL_40DE_2repeat	0.7	0.2085	0.6858	0.0286	0.002	0.6683	0.6734	0.6709	0.6855	0.4921	0.0	0.0	0.6171	0.0	0.0	0.6214	0.0	0.0
0.45_100FL_40DE_2repeat	0.4	0.2262	0.6618	0.0221	0.0016	0.6551	0.6223	0.6383	0.6628	0.4921	0.0	0.0	0.6171	0.0	0.0	0.6214	0.0	0.0
0.45_100FL_40DE_2repeat	0.6	0.2118	0.6832	0.0225	0.0016	0.6708	0.6601	0.6654	0.6847	0.4921	0.0	0.0	0.6171	0.0	0.0	0.6214	0.0	0.0
0.45_100FL_40DE_2repeat	0.5	0.218	0.6745	0.0226	0.0016	0.6621	0.6503	0.6561	0.6771	0.4921	0.0	0.0	0.6171	0.0	0.0	0.6214	0.0	0.0
0.45_100FL_40DE_2repeat	0.45	0.222	0.668	0.0203	0.0014	0.6608	0.6351	0.6477	0.6691	0.4921	0.0	0.0	0.6171	0.0	0.0	0.6214	0.0	0.0
0.45_100FL_40DE_2repeat	0.9	0.2022	0.69	0.0518	0.0037	0.6669	0.6867	0.6766	0.6875	0.4921	0.0	0.0	0.6171	0.0	0.0	0.6214	0.0	0.0
0.45_100FL_40DE_2repeat	0.8	0.2077	0.6869	0.0341	0.0024	0.6664	0.6785	0.6724	0.6872	0.4921	0.0	0.0	0.6171	0.0	0.0	0.6214	0.0	0.0

0.1_60FL_5DE_10repeat	0.35	0.2428	0.5945	0.0098	0.0007	0.5751	0.5462	0.5603	0.5942	0.4994	0.0	0.0	0.5131	0.0	0.0	0.5124	0.0	0.0
0.1_60FL_5DE_10repeat	0.3	0.2439	0.584	0.0101	0.0007	0.563	0.5356	0.549	0.5836	0.4994	0.0	0.0	0.5131	0.0	0.0	0.5124	0.0	0.0
0.1_60FL_5DE_10repeat	0.25	0.2449	0.5738	0.0089	0.0006	0.5555	0.5207	0.5375	0.5726	0.4994	0.0	0.0	0.5131	0.0	0.0	0.5124	0.0	0.0
0.1_60FL_5DE_10repeat	0.2	0.246	0.5617	0.0097	0.0007	0.54	0.5099	0.5245	0.5613	0.4994	0.0	0.0	0.5131	0.0	0.0	0.5124	0.0	0.0
0.1_60FL_5DE_10repeat	0.05	0.2492	0.5208	0.0067	0.0005	0.4933	0.4759	0.4845	0.521	0.4994	0.0	0.0	0.5131	0.0	0.0	0.5124	0.0	0.0
0.1_60FL_5DE_10repeat	0.1	0.2481	0.537	0.008	0.0006	0.5105	0.4912	0.5006	0.5371	0.4994	0.0	0.0	0.5131	0.0	0.0	0.5124	0.0	0.0
0.1_60FL_5DE_10repeat	0.45	0.241	0.6097	0.0105	0.0007	0.594	0.56	0.5765	0.609	0.4994	0.0	0.0	0.5131	0.0	0.0	0.5124	0.0	0.0
0.1_60FL_5DE_10repeat	0.7	0.2366	0.6385	0.0179	0.0013	0.6234	0.5912	0.6069	0.6398	0.4994	0.0	0.0	0.5131	0.0	0.0	0.5124	0.0	0.0
0.1_60FL_5DE_10repeat	0.4	0.2419	0.6026	0.0103	0.0007	0.5856	0.5534	0.569	0.602	0.4994	0.0	0.0	0.5131	0.0	0.0	0.5124	0.0	0.0
0.1_60FL_5DE_10repeat	0.5	0.24	0.6174	0.0124	0.0009	0.6015	0.5664	0.5834	0.6181	0.4994	0.0	0.0	0.5131	0.0	0.0	0.5124	0.0	0.0
0.1_60FL_5DE_10repeat	0.6	0.2382	0.6314	0.0122	0.0009	0.6185	0.584	0.6008	0.6316	0.4994	0.0	0.0	0.5131	0.0	0.0	0.5124	0.0	0.0
0.1_60FL_5DE_10repeat	0.8	0.2346	0.6515	0.0255	0.0018	0.6386	0.6074	0.6226	0.6506	0.4994	0.0	0.0	0.5131	0.0	0.0	0.5124	0.0	0.0
0.1_60FL_5DE_10repeat	0.9	0.233	0.6591	0.0404	0.0029	0.6449	0.6166	0.6305	0.6616	0.4994	0.0	0.0	0.5131	0.0	0.0	0.5124	0.0	0.0

0.5_100FL_40DE_2repeat	0.3	0.2593	0.6165	0.0467	0.0033	0.6104	0.6728	0.6401	0.6292	0.4913	0.0	0.0	0.6178	0.0	0.0	0.6239	0.0	0.0
0.5_100FL_40DE_2repeat	0.35	0.2409	0.6433	0.0387	0.0027	0.6332	0.6589	0.6458	0.6506	0.4913	0.0	0.0	0.6178	0.0	0.0	0.6239	0.0	0.0
0.5_100FL_40DE_2repeat	0.2	0.3306	0.54	0.0453	0.0032	0.5637	0.7139	0.6299	0.5394	0.4913	0.0	0.0	0.6178	0.0	0.0	0.6239	0.0	0.0
0.5_100FL_40DE_2repeat	0.25	0.2916	0.5786	0.0532	0.0038	0.5807	0.7158	0.6412	0.5855	0.4913	0.0	0.0	0.6178	0.0	0.0	0.6239	0.0	0.0
0.5_100FL_40DE_2repeat	0.1	0.3986	0.4919	0.0182	0.0013	0.5195	0.7782	0.6231	0.4905	0.4913	0.0	0.0	0.6178	0.0	0.0	0.6239	0.0	0.0
0.5_100FL_40DE_2repeat	0.05	0.4237	0.482	0.0106	0.0007	0.4982	0.8677	0.633	0.4804	0.4913	0.0	0.0	0.6178	0.0	0.0	0.6239	0.0	0.0
0.5_100FL_40DE_2repeat	0.4	0.2276	0.6624	0.0248	0.0018	0.6458	0.6636	0.6545	0.6652	0.4913	0.0	0.0	0.6178	0.0	0.0	0.6239	0.0	0.0
0.5_100FL_40DE_2repeat	0.7	0.207	0.6875	0.0297	0.0021	0.6677	0.6813	0.6744	0.6873	0.4913	0.0	0.0	0.6178	0.0	0.0	0.6239	0.0	0.0
0.5_100FL_40DE_2repeat	0.6	0.2116	0.6834	0.0245	0.0017	0.6607	0.679	0.6697	0.6846	0.4913	0.0	0.0	0.6178	0.0	0.0	0.6239	0.0	0.0
0.5_100FL_40DE_2repeat	0.5	0.2172	0.6761	0.0211	0.0015	0.6639	0.6633	0.6636	0.6759	0.4913	0.0	0.0	0.6178	0.0	0.0	0.6239	0.0	0.0
0.5_100FL_40DE_2repeat	0.45	0.2227	0.6682	0.0223	0.0016	0.6493	0.6654	0.6572	0.6693	0.4913	0.0	0.0	0.6178	0.0	0.0	0.6239	0.0	0.0
0.5_100FL_40DE_2repeat	0.9	0.2049	0.686	0.0492	0.0035	0.671	0.6807	0.6758	0.6862	0.4913	0.0	0.0	0.6178	0.0	0.0	0.6239	0.0	0.0
0.5_100FL_40DE_2repeat	0.8	0.2049	0.6897	0.0323	0.0023	0.6635	0.6893	0.6762	0.6893	0.4913	0.0	0.0	0.6178	0.0	0.0	0.6239	0.0	0.0

0.7_100FL_40DE_2repeat	0.3	0.2542	0.6246	0.0426	0.003	0.6263	0.6418	0.634	0.6365	0.4912	0.0	0.0	0.6164	0.0	0.0	0.6216	0.0	0.0
0.7_100FL_40DE_2repeat	0.35	0.2347	0.6489	0.0297	0.0021	0.6457	0.6248	0.6351	0.6533	0.4912	0.0	0.0	0.6164	0.0	0.0	0.6216	0.0	0.0
0.7_100FL_40DE_2repeat	0.1	0.3953	0.4924	0.018	0.0013	0.5227	0.7752	0.6244	0.4923	0.4912	0.0	0.0	0.6164	0.0	0.0	0.6216	0.0	0.0
0.7_100FL_40DE_2repeat	0.05	0.4174	0.4846	0.0119	0.0008	0.5066	0.8188	0.6259	0.4825	0.4912	0.0	0.0	0.6164	0.0	0.0	0.6216	0.0	0.0
0.7_100FL_40DE_2repeat	0.25	0.284	0.5863	0.0525	0.0037	0.6027	0.6533	0.627	0.5957	0.4912	0.0	0.0	0.6164	0.0	0.0	0.6216	0.0	0.0
0.7_100FL_40DE_2repeat	0.2	0.3242	0.5443	0.0451	0.0032	0.5719	0.6941	0.6271	0.5508	0.4912	0.0	0.0	0.6164	0.0	0.0	0.6216	0.0	0.0
0.7_100FL_40DE_2repeat	0.4	0.228	0.6601	0.0274	0.0019	0.6521	0.6386	0.6453	0.6633	0.4912	0.0	0.0	0.6164	0.0	0.0	0.6216	0.0	0.0
0.7_100FL_40DE_2repeat	0.45	0.2209	0.6699	0.0208	0.0015	0.658	0.6467	0.6523	0.6703	0.4912	0.0	0.0	0.6164	0.0	0.0	0.6216	0.0	0.0
0.7_100FL_40DE_2repeat	0.6	0.2129	0.6803	0.0213	0.0015	0.6632	0.665	0.6641	0.6803	0.4912	0.0	0.0	0.6164	0.0	0.0	0.6216	0.0	0.0
0.7_100FL_40DE_2repeat	0.5	0.216	0.6756	0.0202	0.0014	0.6617	0.6583	0.66	0.6776	0.4912	0.0	0.0	0.6164	0.0	0.0	0.6216	0.0	0.0
0.7_100FL_40DE_2repeat	0.9	0.2043	0.6919	0.0519	0.0037	0.6719	0.6975	0.6845	0.6915	0.4912	0.0	0.0	0.6164	0.0	0.0	0.6216	0.0	0.0
0.7_100FL_40DE_2repeat	0.7	0.2075	0.6876	0.0264	0.0019	0.6686	0.6836	0.676	0.6884	0.4912	0.0	0.0	0.6164	0.0	0.0	0.6216	0.0	0.0
0.7_100FL_40DE_2repeat	0.8	0.2039	0.6898	0.0373	0.0026	0.675	0.6799	0.6774	0.6863	0.4912	0.0	0.0	0.6164	0.0	0.0	0.6216	0.0	0.0

0.35_60FL_60DE_10repeat	0.3	0.2373	0.6115	0.0141	0.001	0.6218	0.4645	0.5317	0.6128	0.4982	0.0	0.0	0.5272	0.0	0.0	0.5238	0.0	0.0
0.35_60FL_60DE_10repeat	0.35	0.2353	0.6227	0.015	0.0011	0.6335	0.486	0.55	0.6231	0.4982	0.0	0.0	0.5272	0.0	0.0	0.5238	0.0	0.0
0.35_60FL_60DE_10repeat	0.25	0.239	0.6028	0.0139	0.001	0.6124	0.4468	0.5166	0.6026	0.4982	0.0	0.0	0.5272	0.0	0.0	0.5238	0.0	0.0
0.35_60FL_60DE_10repeat	0.2	0.241	0.5909	0.0129	0.0009	0.5967	0.4238	0.4956	0.5918	0.4982	0.0	0.0	0.5272	0.0	0.0	0.5238	0.0	0.0
0.35_60FL_60DE_10repeat	0.1	0.245	0.5614	0.0113	0.0008	0.5586	0.3552	0.4342	0.5618	0.4982	0.0	0.0	0.5272	0.0	0.0	0.5238	0.0	0.0
0.35_60FL_60DE_10repeat	0.05	0.2471	0.5436	0.0093	0.0007	0.5294	0.3159	0.3957	0.5439	0.4982	0.0	0.0	0.5272	0.0	0.0	0.5238	0.0	0.0
0.35_60FL_60DE_10repeat	0.4	0.2336	0.6313	0.0141	0.001	0.6408	0.5084	0.567	0.6321	0.4982	0.0	0.0	0.5272	0.0	0.0	0.5238	0.0	0.0
0.35_60FL_60DE_10repeat	0.6	0.2277	0.6546	0.0201	0.0014	0.6614	0.5599	0.6064	0.6556	0.4982	0.0	0.0	0.5272	0.0	0.0	0.5238	0.0	0.0
0.35_60FL_60DE_10repeat	0.7	0.2247	0.6633	0.0233	0.0016	0.6695	0.5738	0.618	0.6618	0.4982	0.0	0.0	0.5272	0.0	0.0	0.5238	0.0	0.0
0.35_60FL_60DE_10repeat	0.45	0.2319	0.639	0.0164	0.0012	0.6446	0.5251	0.5787	0.6393	0.4982	0.0	0.0	0.5272	0.0	0.0	0.5238	0.0	0.0
0.35_60FL_60DE_10repeat	0.5	0.2304	0.6445	0.0177	0.0013	0.653	0.5352	0.5882	0.6445	0.4982	0.0	0.0	0.5272	0.0	0.0	0.5238	0.0	0.0
0.35_60FL_60DE_10repeat	0.9	0.2189	0.6875	0.0473	0.0033	0.692	0.6178	0.6528	0.6908	0.4982	0.0	0.0	0.5272	0.0	0.0	0.5238	0.0	0.0
0.35_60FL_60DE_10repeat	0.8	0.2215	0.6748	0.0281	0.002	0.6771	0.5948	0.6333	0.6793	0.4982	0.0	0.0	0.5272	0.0	0.0	0.5238	0.0	0.0

0.3_60FL_40DE_10repeat	0.35	0.2404	0.6074	0.0123	0.0009	0.5802	0.6152	0.5972	0.6078	0.4979	0.0	0.0	0.5178	0.0	0.0	0.5181	0.0	0.0
0.3_60FL_40DE_10repeat	0.25	0.2432	0.5866	0.0129	0.0009	0.5584	0.605	0.5807	0.5866	0.4979	0.0	0.0	0.5178	0.0	0.0	0.5181	0.0	0.0
0.3_60FL_40DE_10repeat	0.1	0.2476	0.5412	0.0116	0.0008	0.5132	0.5851	0.5468	0.5413	0.4979	0.0	0.0	0.5178	0.0	0.0	0.5181	0.0	0.0
0.3_60FL_40DE_10repeat	0.3	0.2417	0.599	0.0115	0.0008	0.5719	0.6119	0.5912	0.599	0.4979	0.0	0.0	0.5178	0.0	0.0	0.5181	0.0	0.0
0.3_60FL_40DE_10repeat	0.05	0.2492	0.5202	0.0098	0.0007	0.4944	0.5743	0.5313	0.5204	0.4979	0.0	0.0	0.5178	0.0	0.0	0.5181	0.0	0.0
0.3_60FL_40DE_10repeat	0.2	0.2446	0.573	0.011	0.0008	0.5452	0.5967	0.5698	0.5731	0.4979	0.0	0.0	0.5178	0.0	0.0	0.5181	0.0	0.0
0.3_60FL_40DE_10repeat	0.45	0.2375	0.6279	0.0132	0.0009	0.6057	0.6241	0.6148	0.628	0.4979	0.0	0.0	0.5178	0.0	0.0	0.5181	0.0	0.0
0.3_60FL_40DE_10repeat	0.4	0.239	0.617	0.0127	0.0009	0.5921	0.6192	0.6054	0.6178	0.4979	0.0	0.0	0.5178	0.0	0.0	0.5181	0.0	0.0
0.3_60FL_40DE_10repeat	0.7	0.2318	0.6544	0.0197	0.0014	0.6324	0.6433	0.6378	0.6571	0.4979	0.0	0.0	0.5178	0.0	0.0	0.5181	0.0	0.0
0.3_60FL_40DE_10repeat	0.5	0.2362	0.6344	0.0137	0.001	0.6109	0.6313	0.6209	0.6346	0.4979	0.0	0.0	0.5178	0.0	0.0	0.5181	0.0	0.0
0.3_60FL_40DE_10repeat	0.9	0.226	0.6818	0.0423	0.003	0.665	0.667	0.666	0.682	0.4979	0.0	0.0	0.5178	0.0	0.0	0.5181	0.0	0.0
0.3_60FL_40DE_10repeat	0.6	0.2338	0.6462	0.0172	0.0012	0.6231	0.6411	0.632	0.6465	0.4979	0.0	0.0	0.5178	0.0	0.0	0.5181	0.0	0.0
0.3_60FL_40DE_10repeat	0.8	0.2293	0.6657	0.0277	0.002	0.6407	0.6566	0.6486	0.6699	0.4979	0.0	0.0	0.5178	0.0	0.0	0.5181	0.0	0.0

0.4_100FL_40DE_2repeat	0.35	0.2349	0.6497	0.0295	0.0021	0.6373	0.65	0.6436	0.6534	0.4908	0.0	0.0	0.6164	0.0	0.0	0.6215	0.0	0.0
0.4_100FL_40DE_2repeat	0.3	0.2545	0.6229	0.0437	0.0031	0.6191	0.6579	0.6379	0.6364	0.4908	0.0	0.0	0.6164	0.0	0.0	0.6215	0.0	0.0
0.4_100FL_40DE_2repeat	0.25	0.288	0.581	0.0533	0.0038	0.5903	0.6837	0.6336	0.5889	0.4908	0.0	0.0	0.6164	0.0	0.0	0.6215	0.0	0.0
0.4_100FL_40DE_2repeat	0.1	0.3954	0.4924	0.0197	0.0014	0.5274	0.7643	0.6241	0.4894	0.4908	0.0	0.0	0.6164	0.0	0.0	0.6215	0.0	0.0
0.4_100FL_40DE_2repeat	0.05	0.4197	0.4828	0.0111	0.0008	0.5028	0.8428	0.6299	0.4819	0.4908	0.0	0.0	0.6164	0.0	0.0	0.6215	0.0	0.0
0.4_100FL_40DE_2repeat	0.2	0.3233	0.5462	0.0477	0.0034	0.5775	0.6752	0.6225	0.5446	0.4908	0.0	0.0	0.6164	0.0	0.0	0.6215	0.0	0.0
0.4_100FL_40DE_2repeat	0.4	0.226	0.6629	0.0226	0.0016	0.6522	0.6443	0.6482	0.6643	0.4908	0.0	0.0	0.6164	0.0	0.0	0.6215	0.0	0.0
0.4_100FL_40DE_2repeat	0.6	0.2115	0.6831	0.0234	0.0017	0.6659	0.6729	0.6694	0.6865	0.4908	0.0	0.0	0.6164	0.0	0.0	0.6215	0.0	0.0
0.4_100FL_40DE_2repeat	0.5	0.2174	0.6741	0.0215	0.0015	0.66	0.6564	0.6582	0.6734	0.4908	0.0	0.0	0.6164	0.0	0.0	0.6215	0.0	0.0
0.4_100FL_40DE_2repeat	0.45	0.2212	0.6685	0.0202	0.0014	0.6564	0.6498	0.6531	0.6677	0.4908	0.0	0.0	0.6164	0.0	0.0	0.6215	0.0	0.0
0.4_100FL_40DE_2repeat	0.7	0.2086	0.6843	0.0283	0.002	0.6661	0.6795	0.6727	0.6842	0.4908	0.0	0.0	0.6164	0.0	0.0	0.6215	0.0	0.0
0.4_100FL_40DE_2repeat	0.9	0.2028	0.689	0.0515	0.0036	0.6636	0.6953	0.6791	0.6869	0.4908	0.0	0.0	0.6164	0.0	0.0	0.6215	0.0	0.0
0.4_100FL_40DE_2repeat	0.8	0.204	0.691	0.0334	0.0024	0.6695	0.6904	0.6798	0.6893	0.4908	0.0	0.0	0.6164	0.0	0.0	0.6215	0.0	0.0

0.9_100FL_30DE_2repeat	0.3	0.2696	0.6013	0.0535	0.0038	0.5842	0.7578	0.6598	0.6106	0.4908	0.0	0.0	0.6148	0.0	0.0	0.6239	0.0	0.0
0.9_100FL_30DE_2repeat	0.2	0.3516	0.5166	0.0399	0.0028	0.5184	0.8588	0.6466	0.5069	0.4908	0.0	0.0	0.6148	0.0	0.0	0.6239	0.0	0.0
0.9_100FL_30DE_2repeat	0.05	0.4296	0.4779	0.0085	0.0006	0.4852	0.9382	0.6396	0.4771	0.4908	0.0	0.0	0.6148	0.0	0.0	0.6239	0.0	0.0
0.9_100FL_30DE_2repeat	0.25	0.309	0.5572	0.0562	0.004	0.5518	0.8037	0.6544	0.5414	0.4908	0.0	0.0	0.6148	0.0	0.0	0.6239	0.0	0.0
0.9_100FL_30DE_2repeat	0.1	0.4092	0.4849	0.0164	0.0012	0.4956	0.8994	0.639	0.4812	0.4908	0.0	0.0	0.6148	0.0	0.0	0.6239	0.0	0.0
0.9_100FL_30DE_2repeat	0.35	0.2443	0.6339	0.0403	0.0028	0.6052	0.7322	0.6627	0.6448	0.4908	0.0	0.0	0.6148	0.0	0.0	0.6239	0.0	0.0
0.9_100FL_30DE_2repeat	0.4	0.2328	0.6508	0.0341	0.0024	0.6215	0.7176	0.6661	0.6565	0.4908	0.0	0.0	0.6148	0.0	0.0	0.6239	0.0	0.0
0.9_100FL_30DE_2repeat	0.5	0.2173	0.6722	0.0232	0.0016	0.6488	0.689	0.6683	0.6729	0.4908	0.0	0.0	0.6148	0.0	0.0	0.6239	0.0	0.0
0.9_100FL_30DE_2repeat	0.45	0.2243	0.6627	0.0238	0.0017	0.6338	0.7079	0.6688	0.6639	0.4908	0.0	0.0	0.6148	0.0	0.0	0.6239	0.0	0.0
0.9_100FL_30DE_2repeat	0.6	0.2121	0.6814	0.0227	0.0016	0.6522	0.6989	0.6747	0.6804	0.4908	0.0	0.0	0.6148	0.0	0.0	0.6239	0.0	0.0
0.9_100FL_30DE_2repeat	0.9	0.2019	0.6948	0.0512	0.0036	0.6673	0.7038	0.6851	0.6957	0.4908	0.0	0.0	0.6148	0.0	0.0	0.6239	0.0	0.0
0.9_100FL_30DE_2repeat	0.8	0.2031	0.6913	0.0401	0.0028	0.6655	0.705	0.6847	0.6914	0.4908	0.0	0.0	0.6148	0.0	0.0	0.6239	0.0	0.0
0.9_100FL_30DE_2repeat	0.7	0.2089	0.6844	0.0261	0.0018	0.6561	0.7024	0.6785	0.6812	0.4908	0.0	0.0	0.6148	0.0	0.0	0.6239	0.0	0.0

0.25_60FL_40DE_10repeat	0.3	0.243	0.5779	0.0169	0.0012	0.539	0.7576	0.6299	0.5786	0.4958	0.0	0.0	0.5171	0.0	0.0	0.5207	0.0	0.0
0.25_60FL_40DE_10repeat	0.25	0.2445	0.564	0.0154	0.0011	0.5265	0.7644	0.6235	0.5632	0.4958	0.0	0.0	0.5171	0.0	0.0	0.5207	0.0	0.0
0.25_60FL_40DE_10repeat	0.2	0.2458	0.5516	0.0154	0.0011	0.5177	0.7687	0.6187	0.5529	0.4958	0.0	0.0	0.5171	0.0	0.0	0.5207	0.0	0.0
0.25_60FL_40DE_10repeat	0.35	0.2415	0.5903	0.0173	0.0012	0.5492	0.7547	0.6357	0.5913	0.4958	0.0	0.0	0.5171	0.0	0.0	0.5207	0.0	0.0
0.25_60FL_40DE_10repeat	0.1	0.2498	0.5114	0.0122	0.0009	0.4888	0.7894	0.6037	0.5114	0.4958	0.0	0.0	0.5171	0.0	0.0	0.5207	0.0	0.0
0.25_60FL_40DE_10repeat	0.05	0.2515	0.4943	0.0085	0.0006	0.4789	0.7949	0.5977	0.4941	0.4958	0.0	0.0	0.5171	0.0	0.0	0.5207	0.0	0.0
0.25_60FL_40DE_10repeat	0.6	0.2342	0.6399	0.0179	0.0013	0.5996	0.7366	0.6611	0.64	0.4958	0.0	0.0	0.5171	0.0	0.0	0.5207	0.0	0.0
0.25_60FL_40DE_10repeat	0.45	0.2383	0.6141	0.0163	0.0012	0.5707	0.746	0.6467	0.6155	0.4958	0.0	0.0	0.5171	0.0	0.0	0.5207	0.0	0.0
0.25_60FL_40DE_10repeat	0.4	0.2399	0.6021	0.0168	0.0012	0.5592	0.7478	0.6399	0.6037	0.4958	0.0	0.0	0.5171	0.0	0.0	0.5207	0.0	0.0
0.25_60FL_40DE_10repeat	0.5	0.2369	0.6239	0.017	0.0012	0.5804	0.7465	0.6531	0.6226	0.4958	0.0	0.0	0.5171	0.0	0.0	0.5207	0.0	0.0
0.25_60FL_40DE_10repeat	0.7	0.2316	0.6533	0.0208	0.0015	0.6105	0.7414	0.6696	0.6518	0.4958	0.0	0.0	0.5171	0.0	0.0	0.5207	0.0	0.0
0.25_60FL_40DE_10repeat	0.9	0.2272	0.6694	0.0448	0.0032	0.6327	0.7314	0.6785	0.6685	0.4958	0.0	0.0	0.5171	0.0	0.0	0.5207	0.0	0.0
0.25_60FL_40DE_10repeat	0.8	0.2296	0.6606	0.0285	0.002	0.6212	0.7328	0.6724	0.6613	0.4958	0.0	0.0	0.5171	0.0	0.0	0.5207	0.0	0.0

0.8_100FL_50DE_2repeat	0.25	0.2699	0.6075	0.0322	0.0023	0.676	0.4209	0.5188	0.6094	0.4909	0.0	0.0	0.6192	0.0	0.0	0.6186	0.0	0.0
0.8_100FL_50DE_2repeat	0.3	0.2467	0.6357	0.0286	0.002	0.6846	0.4581	0.5489	0.6395	0.4909	0.0	0.0	0.6192	0.0	0.0	0.6186	0.0	0.0
0.8_100FL_50DE_2repeat	0.2	0.302	0.5685	0.0324	0.0023	0.6561	0.3813	0.4823	0.5686	0.4909	0.0	0.0	0.6192	0.0	0.0	0.6186	0.0	0.0
0.8_100FL_50DE_2repeat	0.1	0.3704	0.5123	0.0193	0.0014	0.5918	0.4564	0.5154	0.5145	0.4909	0.0	0.0	0.6192	0.0	0.0	0.6186	0.0	0.0
0.8_100FL_50DE_2repeat	0.05	0.3957	0.5012	0.0151	0.0011	0.5603	0.5127	0.5354	0.5036	0.4909	0.0	0.0	0.6192	0.0	0.0	0.6186	0.0	0.0
0.8_100FL_50DE_2repeat	0.35	0.2369	0.6489	0.0252	0.0018	0.6755	0.5191	0.587	0.6509	0.4909	0.0	0.0	0.6192	0.0	0.0	0.6186	0.0	0.0
0.8_100FL_50DE_2repeat	0.4	0.2289	0.6598	0.0233	0.0016	0.6807	0.5468	0.6065	0.6616	0.4909	0.0	0.0	0.6192	0.0	0.0	0.6186	0.0	0.0
0.8_100FL_50DE_2repeat	0.5	0.2201	0.6714	0.0225	0.0016	0.6754	0.5984	0.6346	0.6708	0.4909	0.0	0.0	0.6192	0.0	0.0	0.6186	0.0	0.0
0.8_100FL_50DE_2repeat	0.45	0.2217	0.669	0.0197	0.0014	0.6739	0.5845	0.626	0.6728	0.4909	0.0	0.0	0.6192	0.0	0.0	0.6186	0.0	0.0
0.8_100FL_50DE_2repeat	0.6	0.2104	0.6839	0.0225	0.0016	0.676	0.635	0.6548	0.686	0.4909	0.0	0.0	0.6192	0.0	0.0	0.6186	0.0	0.0
0.8_100FL_50DE_2repeat	0.9	0.2016	0.6905	0.0521	0.0037	0.677	0.666	0.6714	0.6882	0.4909	0.0	0.0	0.6192	0.0	0.0	0.6186	0.0	0.0
0.8_100FL_50DE_2repeat	0.7	0.2072	0.6884	0.0273	0.0019	0.6747	0.6546	0.6645	0.6938	0.4909	0.0	0.0	0.6192	0.0	0.0	0.6186	0.0	0.0
0.8_100FL_50DE_2repeat	0.8	0.2069	0.6862	0.0377	0.0027	0.6676	0.6612	0.6644	0.6885	0.4909	0.0	0.0	0.6192	0.0	0.0	0.6186	0.0	0.0


0.5_0.5_0.5 0.9	0.2505	0.4996	0.0129	0.0009	0.4738	0.5007	0.4869	0.5003	0.5	0.0	0.0	0.5	0.0	0.0	0.5	0.0	0.0
0.5_0.5_0.5 0.8	0.2506	0.5001	0.0094	0.0007	0.476	0.4997	0.4876	0.5013	0.5	0.0	0.0	0.5	0.0	0.0	0.5	0.0	0.0
0.5_0.5_0.5 0.7	0.2505	0.5001	0.007	0.0005	0.472	0.5006	0.4859	0.5002	0.5	0.0	0.0	0.5	0.0	0.0	0.5	0.0	0.0
0.5_0.5_0.5 0.6	0.2506	0.4998	0.0063	0.0004	0.4712	0.4995	0.485	0.5001	0.5	0.0	0.0	0.5	0.0	0.0	0.5	0.0	0.0
0.5_0.5_0.5 0.4	0.2506	0.5001	0.0052	0.0004	0.4716	0.5	0.4854	0.5	0.5	0.0	0.0	0.5	0.0	0.0	0.5	0.0	0.0
0.5_0.5_0.5 0.5	0.2506	0.4996	0.0057	0.0004	0.4713	0.5	0.4852	0.4997	0.5	0.0	0.0	0.5	0.0	0.0	0.5	0.0	0.0
0.5_0.5_0.5 0.45	0.2506	0.4996	0.0056	0.0004	0.4708	0.4992	0.4846	0.4998	0.5	0.0	0.0	0.5	0.0	0.0	0.5	0.0	0.0
0.5_0.5_0.5 0.35	0.2505	0.5002	0.005	0.0004	0.4727	0.4999	0.4859	0.5002	0.5	0.0	0.0	0.5	0.0	0.0	0.5	0.0	0.0
0.5_0.5_0.5 0.25	0.2506	0.4999	0.0048	0.0003	0.4726	0.5001	0.486	0.5003	0.5	0.0	0.0	0.5	0.0	0.0	0.5	0.0	0.0
0.5_0.5_0.5 0.3	0.2506	0.5001	0.0051	0.0004	0.4729	0.4998	0.4859	0.5	0.5	0.0	0.0	0.5	0.0	0.0	0.5	0.0	0.0
0.5_0.5_0.5 0.2	0.2506	0.4998	0.0044	0.0003	0.472	0.4995	0.4854	0.5002	0.5	0.0	0.0	0.5	0.0	0.0	0.5	0.0	0.0
0.5_0.5_0.5 0.1	0.2506	0.4999	0.0039	0.0003	0.4717	0.4993	0.4851	0.4997	0.5	0.0	0.0	0.5	0.0	0.0	0.5	0.0	0.0
0.5_0.5_0.5 0.05	0.2506	0.4997	0.0039	0.0003	0.4727	0.5	0.486	0.4998	0.5	0.0	0.0	0.5	0.0	0.0	0.5	0.0	0.0

0.7_0.7_0.7	0.9	0.2389	0.6788	0.0522	0.0037	0.7351	0.5054	0.599	0.6761	0.7	0.0	0.0	0.7	0.0	0.0	0.7	0.0	0.0
0.7_0.7_0.7	0.8	0.2449	0.6695	0.0402	0.0028	0.7388	0.474	0.5775	0.6691	0.7	0.0	0.0	0.7	0.0	0.0	0.7	0.0	0.0
0.7_0.7_0.7	0.6	0.281	0.6333	0.0295	0.0021	0.758	0.3369	0.4664	0.6344	0.7	0.0	0.0	0.7	0.0	0.0	0.7	0.0	0.0
0.7_0.7_0.7	0.7	0.2631	0.6515	0.0349	0.0025	0.7417	0.4086	0.527	0.6526	0.7	0.0	0.0	0.7	0.0	0.0	0.7	0.0	0.0
0.7_0.7_0.7	0.45	0.3345	0.5885	0.0287	0.002	0.7709	0.1829	0.2956	0.5915	0.7	0.0	0.0	0.7	0.0	0.0	0.7	0.0	0.0
0.7_0.7_0.7	0.4	0.3624	0.565	0.027	0.0019	0.7652	0.1215	0.2098	0.5645	0.7	0.0	0.0	0.7	0.0	0.0	0.7	0.0	0.0
0.7_0.7_0.7	0.35	0.3809	0.5542	0.0229	0.0016	0.7702	0.0836	0.1509	0.552	0.7	0.0	0.0	0.7	0.0	0.0	0.7	0.0	0.0
0.7_0.7_0.7	0.5	0.3151	0.603	0.0293	0.0021	0.7668	0.2346	0.3593	0.6034	0.7	0.0	0.0	0.7	0.0	0.0	0.7	0.0	0.0
0.7_0.7_0.7	0.25	0.4164	0.5361	0.0144	0.001	0.7279	0.0285	0.0549	0.5347	0.7	0.0	0.0	0.7	0.0	0.0	0.7	0.0	0.0
0.7_0.7_0.7	0.3	0.4013	0.5428	0.0177	0.0012	0.748	0.0488	0.0915	0.5409	0.7	0.0	0.0	0.7	0.0	0.0	0.7	0.0	0.0
0.7_0.7_0.7	0.1	0.4438	0.5286	0.0079	0.0006	0.5528	0.0043	0.0086	0.5283	0.7	0.0	0.0	0.7	0.0	0.0	0.7	0.0	0.0
0.7_0.7_0.7	0.2	0.428	0.532	0.012	0.0009	0.7103	0.015	0.0294	0.5321	0.7	0.0	0.0	0.7	0.0	0.0	0.7	0.0	0.0
0.7_0.7_0.7	0.05	0.4489	0.5282	0.0051	0.0004	0.2868	0.0015	0.003	0.528	0.7	0.0	0.0	0.7	0.0	0.0	0.7	0.0	0.0

0.6_0.6_0.6	0.9	0.2082	0.6854	0.0524	0.0037	0.7386	0.5233	0.6126	0.6879	0.6	0.0	0.0	0.6	0.0	0.0	0.6	0.0	0.0
0.6_0.6_0.6	0.8	0.2163	0.6691	0.0368	0.0026	0.7282	0.4756	0.5754	0.6693	0.6	0.0	0.0	0.6	0.0	0.0	0.6	0.0	0.0
0.6_0.6_0.6	0.7	0.2224	0.6583	0.0299	0.0021	0.7459	0.4271	0.5432	0.656	0.6	0.0	0.0	0.6	0.0	0.0	0.6	0.0	0.0
0.6_0.6_0.6	0.6	0.2325	0.6433	0.0281	0.002	0.7537	0.368	0.4945	0.647	0.6	0.0	0.0	0.6	0.0	0.0	0.6	0.0	0.0
0.6_0.6_0.6	0.45	0.2572	0.6054	0.026	0.0018	0.7624	0.2436	0.3693	0.6048	0.6	0.0	0.0	0.6	0.0	0.0	0.6	0.0	0.0
0.6_0.6_0.6	0.35	0.2869	0.5715	0.0236	0.0017	0.7688	0.1363	0.2315	0.5706	0.6	0.0	0.0	0.6	0.0	0.0	0.6	0.0	0.0
0.6_0.6_0.6	0.5	0.2476	0.6197	0.0277	0.002	0.7593	0.2868	0.4163	0.6197	0.6	0.0	0.0	0.6	0.0	0.0	0.6	0.0	0.0
0.6_0.6_0.6	0.25	0.3215	0.5441	0.0177	0.0013	0.759	0.0525	0.0981	0.5431	0.6	0.0	0.0	0.6	0.0	0.0	0.6	0.0	0.0
0.6_0.6_0.6	0.4	0.2702	0.5894	0.0278	0.002	0.7661	0.1892	0.3035	0.586	0.6	0.0	0.0	0.6	0.0	0.0	0.6	0.0	0.0
0.6_0.6_0.6	0.05	0.3817	0.5272	0.0047	0.0003	0.3511	0.0019	0.0037	0.5265	0.6	0.0	0.0	0.6	0.0	0.0	0.6	0.0	0.0
0.6_0.6_0.6	0.1	0.3689	0.5291	0.0075	0.0005	0.5948	0.006	0.0119	0.5288	0.6	0.0	0.0	0.6	0.0	0.0	0.6	0.0	0.0
0.6_0.6_0.6	0.3	0.3052	0.5558	0.022	0.0016	0.7691	0.0891	0.1597	0.5551	0.6	0.0	0.0	0.6	0.0	0.0	0.6	0.0	0.0
0.6_0.6_0.6	0.2	0.3377	0.5365	0.0125	0.0009	0.7318	0.0292	0.0561	0.5368	0.6	0.0	0.0	0.6	0.0	0.0	0.6	0.0	0.0

0.4_0.4_0.4	0.9	0.4281	0.3186	0.0518	0.0037	0.336	0.4649	0.3901	0.317	0.4	0.0	0.0	0.4	0.0	0.0	0.4	0.0	0.0
0.4_0.4_0.4	0.8	0.4051	0.334	0.0343	0.0024	0.3529	0.4834	0.408	0.3312	0.4	0.0	0.0	0.4	0.0	0.0	0.4	0.0	0.0
0.4_0.4_0.4	0.7	0.3825	0.3506	0.0264	0.0019	0.3658	0.5047	0.4242	0.3497	0.4	0.0	0.0	0.4	0.0	0.0	0.4	0.0	0.0
0.4_0.4_0.4	0.5	0.3432	0.3792	0.0203	0.0014	0.389	0.5399	0.4522	0.3803	0.4	0.0	0.0	0.4	0.0	0.0	0.4	0.0	0.0
0.4_0.4_0.4	0.45	0.3331	0.3878	0.0206	0.0015	0.3946	0.5527	0.4604	0.3876	0.4	0.0	0.0	0.4	0.0	0.0	0.4	0.0	0.0
0.4_0.4_0.4	0.6	0.3618	0.3645	0.0224	0.0016	0.3757	0.5189	0.4359	0.365	0.4	0.0	0.0	0.4	0.0	0.0	0.4	0.0	0.0
0.4_0.4_0.4	0.4	0.3245	0.3959	0.0185	0.0013	0.4014	0.5625	0.4685	0.3948	0.4	0.0	0.0	0.4	0.0	0.0	0.4	0.0	0.0
0.4_0.4_0.4	0.25	0.2978	0.4227	0.016	0.0011	0.423	0.6128	0.5005	0.4231	0.4	0.0	0.0	0.4	0.0	0.0	0.4	0.0	0.0
0.4_0.4_0.4	0.2	0.2886	0.4356	0.0161	0.0011	0.4349	0.6391	0.5176	0.4358	0.4	0.0	0.0	0.4	0.0	0.0	0.4	0.0	0.0
0.4_0.4_0.4	0.1	0.272	0.4566	0.0137	0.001	0.4518	0.701	0.5495	0.4559	0.4	0.0	0.0	0.4	0.0	0.0	0.4	0.0	0.0
0.4_0.4_0.4	0.35	0.3154	0.4032	0.018	0.0013	0.4074	0.5767	0.4775	0.4027	0.4	0.0	0.0	0.4	0.0	0.0	0.4	0.0	0.0
0.4_0.4_0.4	0.3	0.3059	0.412	0.0169	0.0012	0.4126	0.5904	0.4858	0.4108	0.4	0.0	0.0	0.4	0.0	0.0	0.4	0.0	0.0
0.4_0.4_0.4	0.05	0.2645	0.4661	0.0116	0.0008	0.4603	0.7545	0.5717	0.4667	0.4	0.0	0.0	0.4	0.0	0.0	0.4	0.0	0.0

0.5_0.6_0.6	0.8	0.205	0.6866	0.0333	0.0024	0.6749	0.6448	0.6595	0.6876	0.5	0.0	0.0	0.6	0.0	0.0	0.6	0.0	0.0
0.5_0.6_0.6	0.9	0.2014	0.6933	0.0562	0.004	0.6843	0.6611	0.6725	0.6918	0.5	0.0	0.0	0.6	0.0	0.0	0.6	0.0	0.0
0.5_0.6_0.6	0.7	0.2063	0.6861	0.0295	0.0021	0.6796	0.6464	0.6626	0.686	0.5	0.0	0.0	0.6	0.0	0.0	0.6	0.0	0.0
0.5_0.6_0.6	0.6	0.2082	0.6823	0.0235	0.0017	0.6826	0.6215	0.6506	0.6823	0.5	0.0	0.0	0.6	0.0	0.0	0.6	0.0	0.0
0.5_0.6_0.6	0.45	0.2177	0.6663	0.0202	0.0014	0.6729	0.5758	0.6206	0.6674	0.5	0.0	0.0	0.6	0.0	0.0	0.6	0.0	0.0
0.5_0.6_0.6	0.5	0.2147	0.6707	0.0224	0.0016	0.6718	0.5944	0.6307	0.6735	0.5	0.0	0.0	0.6	0.0	0.0	0.6	0.0	0.0
0.5_0.6_0.6	0.4	0.2225	0.6601	0.021	0.0015	0.683	0.5387	0.6023	0.6602	0.5	0.0	0.0	0.6	0.0	0.0	0.6	0.0	0.0
0.5_0.6_0.6	0.35	0.2287	0.6509	0.023	0.0016	0.6825	0.5093	0.5833	0.6514	0.5	0.0	0.0	0.6	0.0	0.0	0.6	0.0	0.0
0.5_0.6_0.6	0.3	0.2367	0.638	0.0239	0.0017	0.6833	0.4663	0.5543	0.6379	0.5	0.0	0.0	0.6	0.0	0.0	0.6	0.0	0.0
0.5_0.6_0.6	0.25	0.2496	0.6177	0.0302	0.0021	0.6804	0.4111	0.5125	0.6216	0.5	0.0	0.0	0.6	0.0	0.0	0.6	0.0	0.0
0.5_0.6_0.6	0.2	0.2698	0.5898	0.0323	0.0023	0.6838	0.3316	0.4466	0.5922	0.5	0.0	0.0	0.6	0.0	0.0	0.6	0.0	0.0
0.5_0.6_0.6	0.1	0.3287	0.5256	0.0197	0.0014	0.6341	0.3156	0.4215	0.5282	0.5	0.0	0.0	0.6	0.0	0.0	0.6	0.0	0.0
0.5_0.6_0.6	0.05	0.3556	0.51	0.0133	0.0009	0.5912	0.387	0.4678	0.5115	0.5	0.0	0.0	0.6	0.0	0.0	0.6	0.0	0.0
