Label	trainingSize	Accuracy_Mean	Accuracy_SD	Accuracy_SE	Precision_Mean	Recall_Mean	F1	Accuracy_Median	PriorClass0_Mean	PriorClass0_SD	PriorClass0_SE	ProbabilityEstimate_0given0_Mean 	ProbabilityEstimate_0given0_SD 	ProbabilityEstimate_0given0_SE 	ProbabilityEstimate_0given1_Mean	ProbabilityEstimate_0given1_SD	ProbabilityEstimate_0given1_SE


original	0.9	0.2437	0.0432	0.0031	0.7674	0.4052	0.5303	0.2384	0.5277	0.0065	0.0005	0.6456	0.0007	0.0	0.4129	0.0007	0.0
original	0.8	0.2578	0.0416	0.0029	0.7623	0.3541	0.4836	0.2564	0.5273	0.0098	0.0007	0.6458	0.001	0.0	0.4128	0.001	0.0
original	0.7	0.2747	0.051	0.0036	0.7546	0.3008	0.4302	0.2729	0.5276	0.0124	0.0009	0.6444	0.0014	0.0	0.4136	0.0012	0.0
original	0.6	0.2894	0.062	0.0044	0.7253	0.2817	0.4058	0.2845	0.5256	0.0162	0.0011	0.6427	0.0019	0.0	0.4131	0.0017	0.0
original	0.5	0.3198	0.0682	0.0048	0.711	0.2239	0.3405	0.3203	0.528	0.0206	0.0015	0.6476	0.0022	0.0	0.4142	0.0023	0.0
original	0.45	0.3267	0.0694	0.0049	0.6701	0.2362	0.3493	0.3269	0.5268	0.0227	0.0016	0.6457	0.0024	0.0	0.411	0.0027	0.0
original	0.4	0.3441	0.0623	0.0044	0.6228	0.2493	0.3561	0.3426	0.5269	0.0243	0.0017	0.6422	0.0027	0.0	0.4102	0.003	0.0
original	0.1	0.4265	0.0659	0.0047	0.3753	0.369	0.3721	0.4431	0.5283	0.0593	0.0042	0.6192	0.0093	0.0	0.4269	0.0099	0.0
original	0.35	0.3573	0.0639	0.0045	0.6027	0.2329	0.336	0.368	0.5304	0.0271	0.0019	0.6366	0.0034	0.0	0.4179	0.0031	0.0
original	0.3	0.3681	0.0659	0.0047	0.5752	0.2773	0.3742	0.3803	0.5249	0.0308	0.0022	0.6376	0.0038	0.0	0.4162	0.0037	0.0
original	0.25	0.391	0.0589	0.0042	0.4859	0.2735	0.35	0.401	0.5271	0.0371	0.0026	0.6362	0.0039	0.0	0.4193	0.0046	0.0
original	0.2	0.4057	0.0593	0.0042	0.457	0.2983	0.361	0.4178	0.5271	0.0392	0.0028	0.6383	0.005	0.0	0.4185	0.005	0.0
original	0.05	0.4279	0.0767	0.0054	0.3476	0.4594	0.3958	0.4531	0.5189	0.0901	0.0064	0.5854	0.0126	0.0	0.4533	0.014	0.0


15perc_2repeat	0.9	0.2419	0.0437	0.0031	0.7714	0.3348	0.4669	0.2333	0.5223	0.0084	0.0006	0.6032	0.0008	0.0	0.4493	0.0008	0.0
15perc_5repeat	0.9	0.2411	0.0407	0.0029	0.7591	0.3159	0.4462	0.2359	0.5206	0.0079	0.0006	0.5916	0.0007	0.0	0.4567	0.0008	0.0
5perc_2repeat	0.9	0.2392	0.0458	0.0032	0.7602	0.3923	0.5175	0.2336	0.5248	0.0078	0.0006	0.6294	0.0008	0.0	0.4246	0.0007	0.0
5perc_5repeat	0.9	0.2365	0.0455	0.0032	0.756	0.3876	0.5125	0.2291	0.5242	0.0069	0.0005	0.6251	0.0007	0.0	0.4282	0.0007	0.0
5perc_2repeat	0.8	0.2614	0.0502	0.0035	0.77	0.3226	0.4547	0.2527	0.5258	0.0114	0.0008	0.6307	0.0011	0.0	0.427	0.0011	0.0
5perc_5repeat	0.8	0.2598	0.0461	0.0033	0.7662	0.3187	0.4502	0.2486	0.526	0.0092	0.0007	0.6273	0.001	0.0	0.4307	0.001	0.0
15perc_2repeat	0.8	0.2597	0.0431	0.003	0.7513	0.2746	0.4022	0.2573	0.5231	0.011	0.0008	0.605	0.001	0.0	0.4491	0.0011	0.0
15perc_5repeat	0.8	0.251	0.041	0.0029	0.7595	0.2717	0.4002	0.2421	0.5209	0.0091	0.0006	0.5916	0.0009	0.0	0.4572	0.0009	0.0
5perc_2repeat	0.7	0.2774	0.0532	0.0038	0.7536	0.2778	0.4059	0.2716	0.5272	0.0133	0.0009	0.6319	0.0014	0.0	0.4264	0.0013	0.0
5perc_5repeat	0.7	0.2679	0.0509	0.0036	0.7495	0.2925	0.4208	0.2635	0.5236	0.0131	0.0009	0.6258	0.0013	0.0	0.4285	0.0013	0.0
15perc_2repeat	0.7	0.2689	0.05	0.0035	0.7316	0.252	0.3749	0.2603	0.5219	0.013	0.0009	0.6022	0.0013	0.0	0.4495	0.0014	0.0
15perc_5repeat	0.7	0.2668	0.0466	0.0033	0.7457	0.2343	0.3566	0.2602	0.5213	0.012	0.0008	0.5914	0.0012	0.0	0.4585	0.0012	0.0
5perc_2repeat	0.6	0.2938	0.058	0.0041	0.7348	0.23	0.3503	0.2908	0.5267	0.015	0.0011	0.6305	0.0016	0.0	0.4286	0.0016	0.0
5perc_5repeat	0.6	0.2842	0.0604	0.0043	0.7304	0.2673	0.3914	0.2759	0.5234	0.0158	0.0011	0.6241	0.0016	0.0	0.4273	0.0018	0.0
15perc_2repeat	0.6	0.2875	0.0569	0.004	0.7154	0.2212	0.3379	0.2848	0.5226	0.0147	0.001	0.6048	0.0016	0.0	0.4497	0.0015	0.0
15perc_5repeat	0.6	0.2765	0.0527	0.0037	0.7068	0.2316	0.3489	0.2693	0.5193	0.0142	0.001	0.5904	0.0015	0.0	0.457	0.0015	0.0
15perc_2repeat	0.5	0.2929	0.0604	0.0043	0.6491	0.252	0.363	0.2876	0.5195	0.0179	0.0013	0.5984	0.0019	0.0	0.4494	0.0021	0.0
15perc_5repeat	0.5	0.2915	0.0581	0.0041	0.6237	0.2414	0.3481	0.287	0.5198	0.0176	0.0012	0.588	0.0018	0.0	0.4578	0.0019	0.0
5perc_2repeat	0.5	0.3152	0.0622	0.0044	0.6903	0.2134	0.326	0.3185	0.5255	0.0198	0.0014	0.6302	0.002	0.0	0.4293	0.0024	0.0
5perc_5repeat	0.5	0.3023	0.0639	0.0045	0.7005	0.2551	0.374	0.2972	0.5236	0.0185	0.0013	0.6237	0.0019	0.0	0.4247	0.0021	0.0
5perc_2repeat	0.45	0.3371	0.0644	0.0046	0.639	0.199	0.3035	0.3441	0.5291	0.0222	0.0016	0.6369	0.0023	0.0	0.4283	0.0026	0.0
5perc_5repeat	0.45	0.3221	0.068	0.0048	0.6665	0.2169	0.3273	0.3264	0.5243	0.0217	0.0015	0.6227	0.0023	0.0	0.4299	0.0024	0.0
15perc_2repeat	0.45	0.3156	0.0628	0.0044	0.6201	0.2276	0.3329	0.3193	0.523	0.0207	0.0015	0.6036	0.0022	0.0	0.4493	0.0023	0.0
15perc_5repeat	0.45	0.3063	0.0615	0.0044	0.6178	0.2045	0.3073	0.3074	0.5211	0.0194	0.0014	0.5898	0.002	0.0	0.4615	0.0018	0.0
15perc_2repeat	0.05	0.4207	0.0774	0.0055	0.3323	0.4455	0.3807	0.4405	0.5194	0.075	0.0053	0.5539	0.014	0.0	0.4802	0.0161	0.0
15perc_5repeat	0.05	0.4194	0.0741	0.0052	0.3274	0.4192	0.3677	0.4413	0.5221	0.0661	0.0047	0.532	0.0156	0.0	0.4956	0.016	0.0
15perc_2repeat	0.4	0.3247	0.0631	0.0045	0.59	0.2475	0.3487	0.3318	0.521	0.0239	0.0017	0.5989	0.0025	0.0	0.4519	0.0026	0.0
15perc_5repeat	0.4	0.3136	0.0653	0.0046	0.5699	0.216	0.3132	0.3065	0.5215	0.0202	0.0014	0.5893	0.0022	0.0	0.46	0.0023	0.0
5perc_2repeat	0.4	0.3299	0.0676	0.0048	0.6589	0.2348	0.3463	0.3356	0.5233	0.0226	0.0016	0.6267	0.0027	0.0	0.4251	0.0026	0.0
5perc_5repeat	0.4	0.3276	0.0649	0.0046	0.6492	0.2352	0.3453	0.3345	0.5233	0.0206	0.0015	0.6215	0.0024	0.0	0.4298	0.0027	0.0
5perc_2repeat	0.35	0.3492	0.0679	0.0048	0.6101	0.2315	0.3357	0.3599	0.5251	0.0272	0.0019	0.6319	0.0031	0.0	0.4213	0.0028	0.0
5perc_5repeat	0.35	0.3551	0.0627	0.0044	0.591	0.2312	0.3323	0.3667	0.5262	0.0252	0.0018	0.6269	0.003	0.0	0.4297	0.003	0.0
15perc_2repeat	0.35	0.3386	0.0654	0.0046	0.543	0.2667	0.3577	0.3415	0.5213	0.0255	0.0018	0.6007	0.0028	0.0	0.4487	0.0029	0.0
15perc_5repeat	0.35	0.3292	0.0619	0.0044	0.5423	0.2165	0.3095	0.3271	0.5219	0.0224	0.0016	0.5937	0.0025	0.0	0.4595	0.0027	0.0
5perc_2repeat	0.3	0.3604	0.0631	0.0045	0.5613	0.2317	0.328	0.3698	0.5229	0.0276	0.002	0.6263	0.0033	0.0	0.4245	0.0036	0.0
5perc_5repeat	0.3	0.3631	0.0674	0.0048	0.5304	0.2543	0.3438	0.3775	0.5266	0.0292	0.0021	0.624	0.0033	0.0	0.4344	0.0035	0.0
15perc_2repeat	0.3	0.3435	0.063	0.0045	0.5188	0.2291	0.3178	0.3513	0.522	0.0279	0.002	0.6038	0.003	0.0	0.4514	0.0035	0.0
15perc_5repeat	0.3	0.348	0.0683	0.0048	0.4484	0.2377	0.3107	0.3564	0.5246	0.0268	0.0019	0.5972	0.0032	0.0	0.4644	0.0032	0.0
5perc_2repeat	0.25	0.3809	0.0613	0.0043	0.5417	0.2541	0.3459	0.3902	0.524	0.035	0.0025	0.6279	0.0039	0.0	0.4269	0.004	0.0
5perc_5repeat	0.25	0.3762	0.0617	0.0044	0.5219	0.2247	0.3142	0.3878	0.5267	0.0302	0.0021	0.6239	0.0037	0.0	0.4364	0.0042	0.0
15perc_2repeat	0.25	0.3579	0.0625	0.0044	0.5	0.2746	0.3545	0.3637	0.52	0.0288	0.002	0.6001	0.0037	0.0	0.4525	0.0039	0.0
15perc_5repeat	0.25	0.3481	0.0627	0.0044	0.46	0.2597	0.332	0.3581	0.5214	0.0259	0.0018	0.5904	0.0033	0.0	0.4629	0.0034	0.0
15perc_2repeat	0.2	0.3747	0.0664	0.0047	0.4251	0.2822	0.3392	0.3874	0.5251	0.0374	0.0026	0.6012	0.0044	0.0	0.4552	0.0051	0.0
15perc_5repeat	0.2	0.3663	0.0632	0.0045	0.399	0.2589	0.3141	0.3732	0.5209	0.0314	0.0022	0.5899	0.004	0.0	0.4675	0.0045	0.0
5perc_2repeat	0.2	0.3918	0.0651	0.0046	0.4615	0.2731	0.3431	0.4084	0.5253	0.0378	0.0027	0.622	0.0045	0.0	0.4335	0.0051	0.0
5perc_5repeat	0.2	0.3879	0.0641	0.0045	0.4678	0.2911	0.3589	0.4047	0.5226	0.036	0.0025	0.6134	0.0049	0.0	0.4325	0.0048	0.0
5perc_2repeat	0.1	0.4276	0.0705	0.005	0.3614	0.4506	0.4011	0.4492	0.5245	0.0584	0.0041	0.5991	0.0095	0.0	0.4352	0.0103	0.0
5perc_5repeat	0.1	0.4112	0.0712	0.005	0.3678	0.3584	0.3631	0.429	0.5275	0.0534	0.0038	0.5993	0.0088	0.0	0.4463	0.0087	0.0
15perc_2repeat	0.1	0.407	0.0634	0.0045	0.3127	0.3644	0.3366	0.4218	0.5251	0.0548	0.0039	0.587	0.0082	0.0	0.4802	0.009	0.0
15perc_5repeat	0.1	0.3966	0.0686	0.0049	0.3328	0.3669	0.349	0.4097	0.5175	0.0459	0.0032	0.5784	0.0072	0.0	0.4697	0.0083	0.0
5perc_2repeat	0.05	0.4284	0.0667	0.0047	0.3304	0.4079	0.3651	0.4495	0.5261	0.0791	0.0056	0.5835	0.0176	0.0	0.4715	0.0166	0.0
5perc_5repeat	0.05	0.4223	0.0753	0.0053	0.3089	0.3921	0.3456	0.4455	0.5247	0.0799	0.0057	0.5565	0.0179	0.0	0.54	0.0196	0.0
