Label	trainingSize	SquaredLoss_Mean	Accuracy_Mean	Accuracy_SD	Accuracy_SE	Precision_Mean	Recall_Mean	F1	Accuracy_Median	PriorClass0_Mean	PriorClass0_SD	PriorClass0_SE	ProbabilityEstimate_0given0_Mean 	ProbabilityEstimate_0given0_SD 	ProbabilityEstimate_0given0_SE 	ProbabilityEstimate_1given1_Mean	ProbabilityEstimate_1given1_SD	ProbabilityEstimate_1given1_SE

original	0.9	0.3144	0.6704	0.0555	0.0039	0.0	0.0	0.0	0.6557	0.671	0.0061	0.0004	0.7302	0.0005	0.0	0.3964	0.0009	0.0
original	0.8	0.3109	0.6731	0.0389	0.0028	0.0	0.0	0.0	0.6707	0.6704	0.0096	0.0007	0.729	0.0009	0.0	0.395	0.0012	0.0
original	0.7	0.3148	0.6697	0.0285	0.002	0.0	0.0	0.0	0.672	0.6715	0.0122	0.0009	0.7281	0.0011	0.0	0.3937	0.0018	0.0
original	0.6	0.3141	0.6714	0.0218	0.0015	0.0	0.0	0.0	0.6714	0.6707	0.0145	0.001	0.729	0.0014	0.0	0.3975	0.0021	0.0
original	0.5	0.3179	0.6684	0.0177	0.0012	0.0	0.0	0.0	0.6677	0.6736	0.0177	0.0012	0.7322	0.0018	0.0	0.3907	0.0028	0.0
original	0.45	0.3156	0.6703	0.0192	0.0014	0.0	0.0	0.0	0.6701	0.6717	0.0235	0.0017	0.7326	0.0022	0.0	0.3962	0.0032	0.0
original	0.4	0.3134	0.6721	0.0156	0.0011	0.0	0.0	0.0	0.672	0.6693	0.0234	0.0017	0.7237	0.0022	0.0	0.3957	0.0034	0.0
original	0.1	0.3114	0.6595	0.0584	0.0041	0.0375	0.0305	0.0336	0.672	0.6645	0.0545	0.0039	0.6983	0.0079	0.0	0.4078	0.01	0.0
original	0.35	0.3145	0.6717	0.0132	0.0009	0.0	0.0	0.0	0.67	0.6697	0.0245	0.0017	0.7286	0.0026	0.0	0.3956	0.0038	0.0
original	0.3	0.315	0.6712	0.0123	0.0009	0.0002	0.0	0.0	0.6705	0.6705	0.0287	0.002	0.7241	0.0029	0.0	0.3801	0.0044	0.0
original	0.25	0.3136	0.6717	0.0106	0.0007	0.0002	0.0	0.0	0.671	0.6688	0.0317	0.0022	0.7201	0.0033	0.0	0.3972	0.005	0.0
original	0.2	0.315	0.6701	0.0097	0.0007	0.004	0.0001	0.0002	0.6704	0.6745	0.0389	0.0027	0.7237	0.0043	0.0	0.3888	0.0067	0.0
original	0.05	0.3142	0.6357	0.0905	0.0064	0.0809	0.0924	0.0863	0.6689	0.6721	0.0822	0.0058	0.635	0.0122	0.0	0.3916	0.0121	0.0


15perc_2repeat	0.1	0.3101	0.6644	0.0416	0.0029	0.0215	0.0157	0.0182	0.6703	0.6723	0.0578	0.0041	0.7074	0.0083	0.0	0.3674	0.0117	0.0
30perc_5repeat	0.1	0.3096	0.6651	0.0321	0.0023	0.0178	0.0112	0.0138	0.6685	0.6789	0.0562	0.004	0.7067	0.0078	0.0	0.3374	0.0106	0.0
15perc_5repeat	0.1	0.3126	0.6647	0.0386	0.0027	0.0274	0.014	0.0185	0.6703	0.6753	0.0542	0.0038	0.7139	0.0071	0.0	0.3678	0.0125	0.0
5perc_5repeat	0.1	0.3167	0.6556	0.0621	0.0044	0.0452	0.0381	0.0414	0.6703	0.6746	0.0557	0.0039	0.7152	0.0085	0.0	0.3893	0.013	0.0
30perc_2repeat	0.05	0.3338	0.6285	0.1029	0.0073	0.077	0.1151	0.0922	0.6689	0.6726	0.0827	0.0058	0.6567	0.0147	0.0	0.3577	0.0171	0.0
80perc_2repeat	0.05	0.3255	0.6277	0.1046	0.0074	0.0869	0.1174	0.0999	0.6689	0.6766	0.0783	0.0055	0.6562	0.0136	0.0	0.3704	0.0142	0.0
30perc_10repeat	0.1	0.3109	0.6649	0.0407	0.0029	0.0147	0.0152	0.0149	0.6703	0.6708	0.0586	0.0041	0.7022	0.0071	0.0	0.3463	0.01	0.0
15perc_2repeat	0.05	0.3294	0.6353	0.0937	0.0066	0.0667	0.0956	0.0786	0.6689	0.6818	0.0802	0.0057	0.6773	0.0156	0.0	0.3633	0.0174	0.0
70perc_2repeat	0.05	0.3266	0.6379	0.0915	0.0065	0.059	0.088	0.0706	0.6689	0.6771	0.0802	0.0057	0.6767	0.0121	0.0	0.3576	0.015	0.0
100perc_2repeat	0.05	0.3205	0.6258	0.1051	0.0074	0.0703	0.1211	0.0889	0.6689	0.6689	0.084	0.0059	0.6428	0.013	0.0	0.3498	0.0117	0.0
100perc_5repeat	0.05	0.3124	0.6483	0.0773	0.0055	0.0345	0.0579	0.0432	0.6706	0.6747	0.0754	0.0053	0.6571	0.01	0.0	0.3186	0.0108	0.0
70perc_5repeat	0.05	0.328	0.6269	0.1053	0.0074	0.0848	0.1169	0.0983	0.6689	0.6666	0.0909	0.0064	0.6608	0.0141	0.0	0.3373	0.0146	0.0
15perc_10repeat	0.1	0.3125	0.6618	0.054	0.0038	0.0433	0.0256	0.0322	0.6703	0.6683	0.0571	0.004	0.7026	0.0076	0.0	0.3716	0.013	0.0
90perc_2repeat	0.05	0.3179	0.632	0.0915	0.0065	0.0751	0.1045	0.0874	0.6689	0.6756	0.0807	0.0057	0.6478	0.0149	0.0	0.3486	0.0129	0.0
40perc_5repeat	0.05	0.3387	0.6222	0.1104	0.0078	0.0831	0.134	0.1026	0.6689	0.6734	0.0785	0.0055	0.6587	0.0164	0.0	0.3656	0.0161	0.0
80perc_5repeat	0.05	0.3281	0.6319	0.0999	0.0071	0.0582	0.1043	0.0747	0.6689	0.6815	0.0818	0.0058	0.6688	0.0122	0.0	0.359	0.0131	0.0
40perc_10repeat	0.1	0.3124	0.6626	0.0519	0.0037	0.0232	0.0235	0.0233	0.6703	0.6689	0.0578	0.0041	0.7037	0.0066	0.0	0.3544	0.0106	0.0
30perc_5repeat	0.05	0.3286	0.638	0.0904	0.0064	0.0862	0.0904	0.0883	0.6689	0.6768	0.0836	0.0059	0.6966	0.0147	0.0	0.3325	0.0185	0.0
90perc_5repeat	0.05	0.3185	0.6392	0.0931	0.0066	0.0592	0.0868	0.0704	0.6689	0.6658	0.0862	0.0061	0.6597	0.0111	0.0	0.3258	0.0127	0.0
80perc_10repeat	0.05	0.3151	0.6456	0.0771	0.0055	0.0489	0.0645	0.0556	0.6689	0.6805	0.0853	0.006	0.6677	0.0128	0.0	0.3019	0.0121	0.0
60perc_10repeat	0.05	0.3142	0.6443	0.0806	0.0057	0.0596	0.0711	0.0648	0.6692	0.6663	0.0787	0.0056	0.6644	0.0123	0.0	0.3161	0.0136	0.0
70perc_10repeat	0.05	0.3245	0.6354	0.0968	0.0068	0.0505	0.0962	0.0662	0.6706	0.6645	0.0775	0.0055	0.6689	0.0134	0.0	0.3131	0.0137	0.0
15perc_10repeat	0.05	0.334	0.6347	0.0966	0.0068	0.0816	0.1004	0.09	0.6689	0.6679	0.08	0.0057	0.6839	0.0161	0.0	0.3329	0.021	0.0
30perc_10repeat	0.05	0.331	0.6294	0.0983	0.0069	0.0782	0.1134	0.0926	0.6689	0.67	0.0767	0.0054	0.6635	0.0167	0.0	0.2912	0.0181	0.0
50perc_5repeat	0.1	0.309	0.6697	0.0151	0.0011	0.0138	0.003	0.005	0.6703	0.6692	0.0521	0.0037	0.7019	0.0064	0.0	0.3482	0.0087	0.0
50perc_2repeat	0.1	0.3086	0.6664	0.038	0.0027	0.0213	0.0133	0.0164	0.672	0.6662	0.0561	0.004	0.691	0.0067	0.0	0.3424	0.0099	0.0
50perc_2repeat	0.05	0.3275	0.6322	0.0963	0.0068	0.0728	0.1044	0.0858	0.6689	0.6773	0.0843	0.006	0.6746	0.0137	0.0	0.3568	0.0152	0.0
50perc_10repeat	0.1	0.3115	0.6638	0.0441	0.0031	0.0212	0.0188	0.0199	0.6703	0.6702	0.0619	0.0044	0.6998	0.0073	0.0	0.3495	0.0091	0.0
5perc_10repeat	0.05	0.3329	0.6308	0.098	0.0069	0.104	0.1118	0.1077	0.6689	0.6585	0.0805	0.0057	0.6697	0.0167	0.0	0.3237	0.0212	0.0
40perc_2repeat	0.1	0.3083	0.6682	0.0279	0.002	0.0154	0.0071	0.0097	0.6703	0.6708	0.0604	0.0043	0.7005	0.007	0.0	0.3623	0.0093	0.0
5perc_2repeat	0.1	0.3225	0.6538	0.0713	0.005	0.0464	0.0458	0.0461	0.6703	0.6732	0.0545	0.0039	0.7147	0.0083	0.0	0.3795	0.0129	0.0
40perc_5repeat	0.1	0.3151	0.6582	0.0616	0.0044	0.0213	0.031	0.0253	0.6685	0.674	0.0549	0.0039	0.7006	0.0073	0.0	0.358	0.0105	0.0
30perc_2repeat	0.1	0.3099	0.6623	0.0458	0.0032	0.0269	0.0213	0.0238	0.6703	0.666	0.0556	0.0039	0.7014	0.0077	0.0	0.359	0.0112	0.0
5perc_10repeat	0.1	0.3114	0.6622	0.0485	0.0034	0.0296	0.0223	0.0254	0.6703	0.6643	0.053	0.0037	0.7118	0.0082	0.0	0.3507	0.0134	0.0
5perc_2repeat	0.05	0.335	0.6193	0.1077	0.0076	0.0911	0.1406	0.1105	0.6689	0.6716	0.0827	0.0058	0.6511	0.0176	0.0	0.3844	0.0184	0.0
60perc_5repeat	0.05	0.332	0.621	0.1082	0.0077	0.0925	0.135	0.1098	0.6689	0.6669	0.0812	0.0057	0.646	0.0149	0.0	0.3497	0.0156	0.0
40perc_2repeat	0.05	0.3336	0.6249	0.1067	0.0075	0.0931	0.1252	0.1068	0.6689	0.6647	0.0804	0.0057	0.6725	0.0137	0.0	0.3847	0.0163	0.0
15perc_5repeat	0.05	0.3292	0.641	0.0812	0.0057	0.0749	0.0794	0.0771	0.6689	0.6835	0.0704	0.005	0.6995	0.0164	0.0	0.3384	0.0188	0.0
5perc_5repeat	0.05	0.3426	0.6224	0.1047	0.0074	0.092	0.1329	0.1087	0.6689	0.6684	0.0861	0.0061	0.6624	0.0171	0.0	0.3267	0.0209	0.0
100perc_10repeat	0.05	0.3134	0.6406	0.092	0.0065	0.0529	0.0823	0.0644	0.6689	0.6671	0.0854	0.006	0.6533	0.0108	0.0	0.3099	0.0108	0.0
60perc_2repeat	0.05	0.3236	0.6244	0.0999	0.0071	0.0842	0.1249	0.1006	0.6689	0.6674	0.0841	0.0059	0.6498	0.0149	0.0	0.3623	0.014	0.0
40perc_10repeat	0.05	0.334	0.6236	0.107	0.0076	0.0821	0.1271	0.0998	0.6689	0.6755	0.0856	0.0061	0.6669	0.0158	0.0	0.3559	0.0167	0.0
50perc_10repeat	0.05	0.3345	0.6188	0.109	0.0077	0.1043	0.142	0.1203	0.6689	0.6627	0.0844	0.006	0.6509	0.0142	0.0	0.3339	0.0159	0.0
90perc_10repeat	0.05	0.317	0.6366	0.0949	0.0067	0.0553	0.092	0.0691	0.6706	0.6658	0.0759	0.0054	0.6571	0.0113	0.0	0.3263	0.0126	0.0
50perc_5repeat	0.05	0.3293	0.6262	0.1038	0.0073	0.085	0.1231	0.1006	0.6689	0.6726	0.0768	0.0054	0.6707	0.0135	0.0	0.3558	0.0157	0.0
5perc_2repeat	0.2	0.3147	0.6707	0.0089	0.0006	0.0146	0.0014	0.0026	0.6694	0.6719	0.0362	0.0026	0.7295	0.0041	0.0	0.3893	0.0071	0.0
15perc_2repeat	0.2	0.3155	0.6696	0.0103	0.0007	0.0052	0.0	0.0001	0.6694	0.6763	0.041	0.0029	0.7245	0.0043	0.0	0.3709	0.0063	0.0
30perc_2repeat	0.2	0.3144	0.6708	0.0097	0.0007	0.0068	0.0001	0.0002	0.6694	0.6716	0.0389	0.0027	0.7164	0.0039	0.0	0.3699	0.0068	0.0
60perc_2repeat	0.1	0.3087	0.6662	0.0363	0.0026	0.0317	0.0125	0.0179	0.6703	0.6698	0.0576	0.0041	0.695	0.007	0.0	0.3538	0.0098	0.0
5perc_5repeat	0.2	0.3139	0.6715	0.0094	0.0007	0.0079	0.0001	0.0001	0.6714	0.6689	0.0375	0.0027	0.727	0.0041	0.0	0.3855	0.0061	0.0
30perc_5repeat	0.2	0.3131	0.6713	0.0091	0.0006	0.0029	0.0	0.0	0.6724	0.6695	0.0364	0.0026	0.713	0.0038	0.0	0.371	0.0058	0.0
15perc_5repeat	0.2	0.3147	0.6705	0.0089	0.0006	0.0112	0.0001	0.0001	0.6714	0.6729	0.0355	0.0025	0.7264	0.0042	0.0	0.3896	0.0066	0.0
70perc_2repeat	0.1	0.3087	0.6604	0.0577	0.0041	0.0286	0.0292	0.0289	0.6703	0.6621	0.0574	0.0041	0.6764	0.0069	0.0	0.3514	0.0098	0.0
60perc_5repeat	0.1	0.3103	0.6686	0.0259	0.0018	0.0075	0.0051	0.0061	0.6703	0.6753	0.0562	0.004	0.703	0.0065	0.0	0.3282	0.0087	0.0
80perc_2repeat	0.1	0.3091	0.6651	0.0423	0.003	0.0143	0.0147	0.0145	0.6703	0.6744	0.0555	0.0039	0.6861	0.0069	0.0	0.3382	0.0092	0.0
90perc_2repeat	0.1	0.3052	0.67	0.0099	0.0007	0.0106	0.0023	0.0038	0.672	0.6676	0.0606	0.0043	0.6897	0.0067	0.0	0.3365	0.0085	0.0
80perc_5repeat	0.1	0.3053	0.6671	0.0381	0.0027	0.0129	0.0138	0.0133	0.672	0.658	0.0566	0.004	0.6793	0.0057	0.0	0.3338	0.0077	0.0
70perc_5repeat	0.1	0.3115	0.6639	0.0468	0.0033	0.0076	0.0178	0.0106	0.6703	0.6721	0.0579	0.0041	0.6906	0.0065	0.0	0.333	0.0084	0.0
100perc_2repeat	0.1	0.3065	0.6613	0.055	0.0039	0.0185	0.0258	0.0216	0.6703	0.6683	0.0592	0.0042	0.6725	0.007	0.0	0.3333	0.0083	0.0
5perc_10repeat	0.2	0.3155	0.6689	0.0249	0.0018	0.0113	0.0042	0.0061	0.6714	0.6723	0.04	0.0028	0.7301	0.0043	0.0	0.3894	0.0072	0.0
60perc_10repeat	0.1	0.3114	0.6681	0.0254	0.0018	0.0063	0.0054	0.0058	0.6703	0.6736	0.0478	0.0034	0.7047	0.0057	0.0	0.3315	0.0077	0.0
100perc_5repeat	0.1	0.3074	0.6685	0.0249	0.0018	0.0034	0.0053	0.0042	0.6703	0.6715	0.0608	0.0043	0.6867	0.0056	0.0	0.3212	0.007	0.0
15perc_10repeat	0.2	0.3146	0.6706	0.0091	0.0006	0.006	0.0	0.0001	0.6694	0.6723	0.0365	0.0026	0.7229	0.0039	0.0	0.3825	0.0066	0.0
90perc_5repeat	0.1	0.3103	0.6667	0.0358	0.0025	0.0059	0.0108	0.0077	0.672	0.6719	0.0534	0.0038	0.6841	0.0052	0.0	0.3287	0.0072	0.0
80perc_10repeat	0.1	0.31	0.6679	0.0301	0.0021	0.0054	0.0079	0.0064	0.6703	0.6711	0.0571	0.004	0.6889	0.0057	0.0	0.3197	0.0071	0.0
70perc_10repeat	0.1	0.3062	0.6718	0.0061	0.0004	0.0042	0.0004	0.0007	0.672	0.6615	0.0539	0.0038	0.6872	0.0054	0.0	0.3275	0.0068	0.0
30perc_10repeat	0.2	0.3136	0.6708	0.0092	0.0007	0.0018	0.0	0.0	0.6704	0.6715	0.0368	0.0026	0.71	0.0034	0.0	0.3636	0.0056	0.0
90perc_10repeat	0.1	0.3068	0.6682	0.0319	0.0023	0.0038	0.009	0.0053	0.6703	0.6661	0.0545	0.0039	0.6819	0.0054	0.0	0.3339	0.0066	0.0
100perc_10repeat	0.1	0.3066	0.6663	0.0416	0.0029	0.0048	0.0135	0.0071	0.672	0.6652	0.0538	0.0038	0.6732	0.0053	0.0	0.3244	0.0061	0.0
40perc_2repeat	0.2	0.3114	0.6718	0.0088	0.0006	0.0024	0.0	0.0001	0.6714	0.6677	0.0351	0.0025	0.7067	0.0041	0.0	0.3706	0.0056	0.0
40perc_5repeat	0.2	0.3125	0.6711	0.0096	0.0007	0.0	0.0	0.0	0.6714	0.6705	0.0386	0.0027	0.7084	0.0039	0.0	0.3567	0.0054	0.0
50perc_2repeat	0.2	0.3133	0.6703	0.0092	0.0006	0.004	0.0001	0.0001	0.6694	0.6737	0.0367	0.0026	0.708	0.004	0.0	0.3572	0.0061	0.0
50perc_5repeat	0.2	0.3096	0.6728	0.0089	0.0006	0.0	0.0	0.0	0.6734	0.6636	0.0356	0.0025	0.6988	0.0038	0.0	0.3636	0.005	0.0
40perc_10repeat	0.2	0.3111	0.6724	0.0093	0.0007	0.0002	0.0	0.0	0.6734	0.6652	0.0374	0.0026	0.7053	0.0037	0.0	0.3669	0.0051	0.0
5perc_2repeat	0.25	0.3129	0.672	0.0105	0.0007	0.0068	0.0001	0.0001	0.6731	0.6678	0.0314	0.0022	0.7196	0.0035	0.0	0.3893	0.0052	0.0
15perc_2repeat	0.25	0.3151	0.6707	0.0113	0.0008	0.0054	0.0	0.0001	0.671	0.6719	0.0338	0.0024	0.7273	0.0036	0.0	0.3864	0.0058	0.0
30perc_2repeat	0.25	0.3132	0.6712	0.0106	0.0007	0.0	0.0	0.0	0.671	0.6702	0.0317	0.0022	0.7126	0.0036	0.0	0.3742	0.005	0.0
5perc_5repeat	0.25	0.3156	0.6703	0.0116	0.0008	0.0	0.0	0.0	0.671	0.6728	0.0349	0.0025	0.7274	0.0036	0.0	0.3891	0.0053	0.0
40perc_2repeat	0.25	0.3145	0.671	0.0107	0.0008	0.0	0.0	0.0	0.671	0.6709	0.0322	0.0023	0.7175	0.0032	0.0	0.3704	0.0048	0.0
15perc_5repeat	0.25	0.3155	0.6702	0.0108	0.0008	0.0018	0.0	0.0001	0.671	0.6732	0.0324	0.0023	0.7223	0.0034	0.0	0.3809	0.0056	0.0
50perc_2repeat	0.25	0.3133	0.6707	0.0112	0.0008	0.0	0.0	0.0	0.671	0.6717	0.0335	0.0024	0.7093	0.0036	0.0	0.3658	0.0049	0.0
30perc_5repeat	0.25	0.3139	0.6707	0.0116	0.0008	0.0	0.0	0.0	0.671	0.6717	0.0347	0.0025	0.7141	0.0035	0.0	0.3725	0.0048	0.0
60perc_2repeat	0.2	0.3122	0.6713	0.0089	0.0006	0.0012	0.0	0.0	0.6714	0.6695	0.0358	0.0025	0.7086	0.004	0.0	0.3564	0.0055	0.0
60perc_2repeat	0.25	0.3129	0.6714	0.0106	0.0008	0.0002	0.0	0.0	0.671	0.6698	0.0318	0.0023	0.7086	0.0033	0.0	0.3641	0.0042	0.0
70perc_2repeat	0.25	0.3127	0.6714	0.0111	0.0008	0.0	0.0	0.0	0.671	0.6697	0.0332	0.0023	0.7067	0.0035	0.0	0.3599	0.0045	0.0
40perc_5repeat	0.25	0.3136	0.6714	0.0104	0.0007	0.0	0.0	0.0	0.671	0.6696	0.0311	0.0022	0.7121	0.0029	0.0	0.3647	0.0049	0.0
80perc_2repeat	0.25	0.3117	0.6716	0.0118	0.0008	0.0	0.0	0.0	0.6731	0.6691	0.0354	0.0025	0.6969	0.0032	0.0	0.3572	0.0041	0.0
50perc_5repeat	0.25	0.3122	0.6716	0.0113	0.0008	0.0	0.0	0.0	0.6731	0.6691	0.0339	0.0024	0.7027	0.0032	0.0	0.3572	0.0047	0.0
5perc_10repeat	0.25	0.3146	0.6712	0.0108	0.0008	0.0027	0.0	0.0	0.671	0.6704	0.0323	0.0023	0.7265	0.0036	0.0	0.3814	0.006	0.0
60perc_5repeat	0.25	0.3125	0.6711	0.0115	0.0008	0.0	0.0	0.0	0.671	0.6705	0.0345	0.0024	0.7036	0.0032	0.0	0.3578	0.0041	0.0
70perc_2repeat	0.2	0.3132	0.6702	0.0096	0.0007	0.0037	0.0	0.0001	0.6704	0.6742	0.0385	0.0027	0.7055	0.004	0.0	0.3513	0.0058	0.0
70perc_5repeat	0.25	0.3113	0.6718	0.0109	0.0008	0.0	0.0	0.0	0.671	0.6686	0.0328	0.0023	0.6969	0.0031	0.0	0.3495	0.0039	0.0
15perc_10repeat	0.25	0.3147	0.671	0.0104	0.0007	0.0009	0.0	0.0	0.671	0.6709	0.0312	0.0022	0.7224	0.0034	0.0	0.3758	0.0054	0.0
80perc_5repeat	0.25	0.3162	0.6687	0.0107	0.0008	0.0	0.0	0.0	0.6688	0.6778	0.0322	0.0023	0.7041	0.0028	0.0	0.3332	0.0036	0.0
60perc_5repeat	0.2	0.3153	0.6691	0.0094	0.0007	0.0004	0.0	0.0	0.6673	0.6786	0.0377	0.0027	0.7086	0.0037	0.0	0.3508	0.0049	0.0
80perc_2repeat	0.2	0.3134	0.6701	0.0099	0.0007	0.0	0.0	0.0	0.6694	0.6743	0.0398	0.0028	0.7031	0.0038	0.0	0.3419	0.0052	0.0
30perc_10repeat	0.25	0.3153	0.6704	0.0102	0.0007	0.0006	0.0	0.0	0.671	0.6727	0.0305	0.0022	0.7188	0.0031	0.0	0.3656	0.0045	0.0
90perc_2repeat	0.2	0.3124	0.6708	0.0095	0.0007	0.0	0.0	0.0	0.6714	0.6717	0.0379	0.0027	0.699	0.0036	0.0	0.3492	0.005	0.0
40perc_10repeat	0.25	0.3112	0.6725	0.0108	0.0008	0.0	0.0	0.0	0.6731	0.6665	0.0323	0.0023	0.7046	0.0033	0.0	0.3649	0.0043	0.0
70perc_5repeat	0.2	0.3129	0.6707	0.0098	0.0007	0.0	0.0	0.0	0.6714	0.6721	0.0391	0.0028	0.6999	0.0035	0.0	0.3466	0.0047	0.0
50perc_10repeat	0.25	0.3131	0.6709	0.0111	0.0008	0.0	0.0	0.0	0.671	0.6713	0.0333	0.0024	0.7043	0.0033	0.0	0.3531	0.0039	0.0
50perc_10repeat	0.2	0.3145	0.6702	0.0093	0.0007	0.0	0.0	0.0	0.6694	0.6739	0.037	0.0026	0.7085	0.0035	0.0	0.3502	0.0046	0.0
60perc_10repeat	0.25	0.3124	0.6715	0.0111	0.0008	0.0	0.0	0.0	0.671	0.6695	0.0333	0.0024	0.7007	0.0029	0.0	0.3531	0.0036	0.0
100perc_2repeat	0.2	0.3101	0.6714	0.0095	0.0007	0.0006	0.0	0.0	0.6714	0.6691	0.0383	0.0027	0.69	0.0037	0.0	0.341	0.0048	0.0
70perc_10repeat	0.25	0.3126	0.6709	0.0113	0.0008	0.0	0.0	0.0	0.671	0.6711	0.034	0.0024	0.6976	0.003	0.0	0.3437	0.0035	0.0
80perc_5repeat	0.2	0.3092	0.6721	0.0092	0.0006	0.0	0.0	0.0	0.6714	0.6664	0.0367	0.0026	0.6899	0.0037	0.0	0.3459	0.0046	0.0
60perc_10repeat	0.2	0.313	0.6706	0.0097	0.0007	0.0	0.0	0.0	0.6714	0.6724	0.0389	0.0027	0.7018	0.0035	0.0	0.3415	0.0047	0.0
80perc_10repeat	0.25	0.3119	0.6715	0.0102	0.0007	0.0	0.0	0.0	0.671	0.6695	0.0306	0.0022	0.6921	0.0028	0.0	0.3373	0.0032	0.0
90perc_5repeat	0.2	0.3097	0.6721	0.0091	0.0006	0.0	0.0	0.0	0.6714	0.6666	0.0365	0.0026	0.6871	0.0032	0.0	0.34	0.0043	0.0
100perc_5repeat	0.2	0.3121	0.6706	0.0091	0.0006	0.0	0.0	0.0	0.6694	0.6723	0.0365	0.0026	0.6889	0.0032	0.0	0.323	0.0038	0.0
80perc_10repeat	0.2	0.3125	0.6702	0.0106	0.0008	0.0	0.0	0.0	0.6694	0.6742	0.0426	0.003	0.6941	0.0037	0.0	0.3313	0.004	0.0
70perc_10repeat	0.2	0.3136	0.67	0.009	0.0006	0.0	0.0	0.0	0.6694	0.6747	0.0362	0.0026	0.6988	0.0034	0.0	0.3375	0.0042	0.0
90perc_10repeat	0.2	0.312	0.6706	0.0089	0.0006	0.0	0.0	0.0	0.6714	0.6726	0.0355	0.0025	0.6865	0.003	0.0	0.3288	0.0034	0.0
90perc_2repeat	0.25	0.3111	0.6718	0.0108	0.0008	0.0	0.0	0.0	0.671	0.6685	0.0323	0.0023	0.693	0.0032	0.0	0.3455	0.004	0.0
90perc_5repeat	0.25	0.3096	0.6729	0.01	0.0007	0.0	0.0	0.0	0.6731	0.6653	0.03	0.0021	0.687	0.0028	0.0	0.343	0.0034	0.0
100perc_2repeat	0.25	0.3127	0.6707	0.011	0.0008	0.0	0.0	0.0	0.671	0.6717	0.033	0.0023	0.6956	0.0031	0.0	0.3455	0.0038	0.0
90perc_10repeat	0.25	0.3151	0.6689	0.0106	0.0007	0.0	0.0	0.0	0.6688	0.6772	0.0318	0.0022	0.6944	0.0027	0.0	0.3213	0.0031	0.0
100perc_5repeat	0.25	0.3113	0.6713	0.0106	0.0007	0.0	0.0	0.0	0.671	0.67	0.0318	0.0022	0.6852	0.0028	0.0	0.3303	0.0034	0.0
5perc_2repeat	0.3	0.3157	0.6706	0.0114	0.0008	0.0	0.0	0.0	0.6705	0.6717	0.0268	0.0019	0.7308	0.0031	0.0	0.3952	0.0048	0.0
15perc_2repeat	0.3	0.3146	0.6712	0.0128	0.0009	0.0	0.0	0.0	0.6705	0.6705	0.0299	0.0021	0.7224	0.0029	0.0	0.3777	0.0049	0.0
5perc_5repeat	0.3	0.3133	0.6724	0.012	0.0008	0.0028	0.0	0.0	0.6728	0.6676	0.0279	0.002	0.7257	0.0026	0.0	0.4009	0.0046	0.0
30perc_2repeat	0.3	0.3138	0.6715	0.0119	0.0008	0.0	0.0	0.0	0.6728	0.6698	0.0277	0.002	0.7144	0.0027	0.0	0.3737	0.0039	0.0
100perc_10repeat	0.2	0.3109	0.671	0.0098	0.0007	0.0	0.0	0.0	0.6714	0.6708	0.0394	0.0028	0.6838	0.0034	0.0	0.3191	0.0036	0.0
40perc_2repeat	0.3	0.3139	0.6712	0.011	0.0008	0.0	0.0	0.0	0.6728	0.6703	0.0257	0.0018	0.7113	0.0027	0.0	0.3711	0.0036	0.0
50perc_2repeat	0.3	0.3141	0.6713	0.0116	0.0008	0.0	0.0	0.0	0.6705	0.6703	0.0272	0.0019	0.7126	0.0026	0.0	0.3668	0.0038	0.0
15perc_5repeat	0.3	0.3161	0.6702	0.0128	0.0009	0.0004	0.0	0.0	0.6694	0.6728	0.0299	0.0021	0.7257	0.0029	0.0	0.3803	0.0046	0.0
100perc_10repeat	0.25	0.313	0.67	0.0118	0.0008	0.0	0.0	0.0	0.6688	0.6738	0.0353	0.0025	0.6871	0.0029	0.0	0.3208	0.003	0.0
70perc_2repeat	0.3	0.3105	0.673	0.0127	0.0009	0.0	0.0	0.0	0.6728	0.6663	0.0297	0.0021	0.6996	0.0029	0.0	0.3623	0.004	0.0
40perc_5repeat	0.3	0.3128	0.6717	0.0126	0.0009	0.0	0.0	0.0	0.6705	0.6692	0.0295	0.0021	0.7074	0.0028	0.0	0.3683	0.0038	0.0
80perc_2repeat	0.3	0.3099	0.6733	0.0116	0.0008	0.0	0.0	0.0	0.6728	0.6656	0.0271	0.0019	0.6958	0.0026	0.0	0.3572	0.0036	0.0
50perc_5repeat	0.3	0.3126	0.6715	0.0121	0.0009	0.0	0.0	0.0	0.6728	0.6696	0.0282	0.002	0.7034	0.0025	0.0	0.3663	0.0038	0.0
5perc_10repeat	0.3	0.3154	0.6707	0.0129	0.0009	0.0	0.0	0.0	0.6705	0.6717	0.03	0.0021	0.7285	0.0029	0.0	0.3917	0.0049	0.0
100perc_2repeat	0.3	0.3127	0.6716	0.0119	0.0008	0.0	0.0	0.0	0.6705	0.6694	0.0278	0.002	0.6986	0.0024	0.0	0.3454	0.0032	0.0
60perc_5repeat	0.3	0.3145	0.6704	0.0122	0.0009	0.0	0.0	0.0	0.6682	0.6723	0.0286	0.002	0.7056	0.0026	0.0	0.3517	0.0034	0.0
15perc_10repeat	0.3	0.3146	0.6711	0.0123	0.0009	0.0006	0.0	0.0	0.6705	0.6707	0.0286	0.002	0.7216	0.0027	0.0	0.3798	0.0043	0.0
30perc_10repeat	0.3	0.3155	0.6702	0.0121	0.0009	0.0	0.0	0.0	0.6705	0.6727	0.0283	0.002	0.7179	0.0024	0.0	0.3689	0.004	0.0
40perc_10repeat	0.3	0.3163	0.6693	0.0123	0.0009	0.0	0.0	0.0	0.6705	0.6748	0.0286	0.002	0.7157	0.0028	0.0	0.3579	0.0035	0.0
90perc_5repeat	0.3	0.3108	0.6726	0.0116	0.0008	0.0	0.0	0.0	0.6728	0.6672	0.0272	0.0019	0.6907	0.0024	0.0	0.3391	0.0028	0.0
50perc_10repeat	0.3	0.3132	0.6713	0.0125	0.0009	0.0	0.0	0.0	0.6705	0.6702	0.0293	0.0021	0.7048	0.0028	0.0	0.3526	0.0035	0.0
60perc_10repeat	0.3	0.3147	0.67	0.0117	0.0008	0.0	0.0	0.0	0.6705	0.6733	0.0272	0.0019	0.7039	0.0026	0.0	0.3464	0.0033	0.0
80perc_10repeat	0.3	0.3139	0.67	0.0124	0.0009	0.0	0.0	0.0	0.6705	0.6733	0.0288	0.002	0.6956	0.0026	0.0	0.3315	0.003	0.0
5perc_10repeat	0.35	0.3152	0.6708	0.0139	0.001	0.0	0.0	0.0	0.67	0.6713	0.0259	0.0018	0.7236	0.0024	0.0	0.3851	0.004	0.0
100perc_10repeat	0.3	0.3123	0.6709	0.0127	0.0009	0.0	0.0	0.0	0.6705	0.671	0.0295	0.0021	0.6843	0.0024	0.0	0.3221	0.0027	0.0
60perc_2repeat	0.3	0.3126	0.6722	0.0123	0.0009	0.0	0.0	0.0	0.6728	0.668	0.0288	0.002	0.7089	0.0027	0.0	0.3689	0.0038	0.0
30perc_5repeat	0.3	0.3151	0.67	0.0128	0.0009	0.0	0.0	0.0	0.6705	0.6731	0.0298	0.0021	0.7137	0.0027	0.0	0.3737	0.0039	0.0
5perc_2repeat	0.35	0.3144	0.6716	0.0133	0.0009	0.0	0.0	0.0	0.6725	0.6699	0.0247	0.0017	0.7275	0.0027	0.0	0.3947	0.0041	0.0
90perc_2repeat	0.3	0.3137	0.6707	0.0123	0.0009	0.0	0.0	0.0	0.6705	0.6716	0.0286	0.002	0.6995	0.0026	0.0	0.345	0.0033	0.0
15perc_2repeat	0.35	0.3159	0.6704	0.0135	0.001	0.0	0.0	0.0	0.67	0.6721	0.0251	0.0018	0.7263	0.0026	0.0	0.3845	0.0039	0.0
70perc_5repeat	0.3	0.3122	0.6717	0.0129	0.0009	0.0	0.0	0.0	0.6705	0.6693	0.0301	0.0021	0.6984	0.0027	0.0	0.3493	0.0036	0.0
80perc_5repeat	0.3	0.3136	0.6706	0.0123	0.0009	0.0	0.0	0.0	0.6682	0.6719	0.0288	0.002	0.6965	0.0025	0.0	0.3406	0.0031	0.0
40perc_2repeat	0.35	0.3133	0.6719	0.0138	0.001	0.0	0.0	0.0	0.6725	0.6691	0.0257	0.0018	0.7148	0.0025	0.0	0.3742	0.0036	0.0
30perc_2repeat	0.35	0.313	0.6719	0.0143	0.001	0.0008	0.0	0.0	0.6725	0.6691	0.0266	0.0019	0.7157	0.0025	0.0	0.3793	0.004	0.0
5perc_5repeat	0.35	0.3137	0.672	0.0148	0.001	0.0	0.0	0.0	0.67	0.6691	0.0275	0.0019	0.7269	0.0028	0.0	0.3924	0.004	0.0
15perc_5repeat	0.35	0.3152	0.6708	0.0145	0.001	0.0	0.0	0.0	0.67	0.6714	0.0269	0.0019	0.7268	0.0026	0.0	0.3914	0.0038	0.0
100perc_5repeat	0.3	0.3144	0.6695	0.0114	0.0008	0.0	0.0	0.0	0.6705	0.6745	0.0265	0.0019	0.6917	0.0024	0.0	0.3286	0.0031	0.0
30perc_10repeat	0.35	0.3121	0.6729	0.0142	0.001	0.0002	0.0	0.0	0.6725	0.6674	0.0263	0.0019	0.7127	0.0024	0.0	0.377	0.0034	0.0
40perc_5repeat	0.35	0.3135	0.6716	0.0134	0.0009	0.0002	0.0	0.0	0.6725	0.6698	0.0249	0.0018	0.711	0.0025	0.0	0.3676	0.0033	0.0
70perc_10repeat	0.3	0.3154	0.6693	0.0118	0.0008	0.0	0.0	0.0	0.6705	0.6748	0.0276	0.002	0.6999	0.0023	0.0	0.3398	0.0029	0.0
90perc_10repeat	0.3	0.3134	0.6704	0.0115	0.0008	0.0	0.0	0.0	0.6705	0.6723	0.0268	0.0019	0.6903	0.0023	0.0	0.3266	0.0028	0.0
30perc_5repeat	0.35	0.3159	0.6702	0.0128	0.0009	0.0	0.0	0.0	0.67	0.6724	0.0237	0.0017	0.7208	0.0022	0.0	0.3736	0.0036	0.0
50perc_5repeat	0.35	0.3152	0.67	0.014	0.001	0.0	0.0	0.0	0.67	0.6727	0.026	0.0018	0.7098	0.0023	0.0	0.3594	0.0032	0.0
60perc_2repeat	0.35	0.3129	0.672	0.0137	0.001	0.0	0.0	0.0	0.67	0.6691	0.0254	0.0018	0.7076	0.0022	0.0	0.3622	0.0034	0.0
70perc_2repeat	0.35	0.3148	0.6704	0.0128	0.0009	0.0	0.0	0.0	0.67	0.6721	0.0239	0.0017	0.7077	0.0022	0.0	0.3548	0.0033	0.0
15perc_10repeat	0.35	0.3128	0.6727	0.0139	0.001	0.0	0.0	0.0	0.6725	0.6678	0.0259	0.0018	0.7184	0.0023	0.0	0.3843	0.0036	0.0
80perc_2repeat	0.35	0.313	0.6714	0.0137	0.001	0.0	0.0	0.0	0.6725	0.6703	0.0254	0.0018	0.6995	0.0023	0.0	0.3516	0.0033	0.0
60perc_5repeat	0.35	0.3132	0.6713	0.0133	0.0009	0.0	0.0	0.0	0.67	0.6704	0.0246	0.0017	0.7025	0.0023	0.0	0.3584	0.0028	0.0
90perc_2repeat	0.35	0.3145	0.6701	0.0145	0.001	0.0	0.0	0.0	0.67	0.6726	0.0269	0.0019	0.7035	0.0024	0.0	0.3472	0.0031	0.0
70perc_5repeat	0.35	0.3134	0.671	0.0151	0.0011	0.0	0.0	0.0	0.6712	0.6709	0.0281	0.002	0.7001	0.0022	0.0	0.3444	0.003	0.0
50perc_2repeat	0.35	0.3139	0.671	0.0139	0.001	0.0	0.0	0.0	0.6725	0.6708	0.0258	0.0018	0.7096	0.0023	0.0	0.3649	0.0032	0.0
5perc_2repeat	0.4	0.3163	0.6698	0.0163	0.0012	0.0008	0.0	0.0	0.6694	0.6728	0.0244	0.0017	0.7281	0.0023	0.0	0.3871	0.0035	0.0
50perc_10repeat	0.35	0.3137	0.6713	0.0133	0.0009	0.0	0.0	0.0	0.6725	0.6703	0.0247	0.0017	0.7051	0.0021	0.0	0.3538	0.0029	0.0
100perc_2repeat	0.35	0.3134	0.6708	0.0138	0.001	0.0	0.0	0.0	0.6712	0.6714	0.0256	0.0018	0.6953	0.0024	0.0	0.3395	0.0028	0.0
80perc_5repeat	0.35	0.3134	0.6713	0.0129	0.0009	0.0	0.0	0.0	0.6712	0.6704	0.0239	0.0017	0.6981	0.0022	0.0	0.3412	0.0027	0.0
40perc_10repeat	0.35	0.3149	0.6703	0.0143	0.001	0.0	0.0	0.0	0.67	0.6722	0.0266	0.0019	0.7103	0.0024	0.0	0.3602	0.0031	0.0
15perc_2repeat	0.4	0.3145	0.6715	0.0151	0.0011	0.0	0.0	0.0	0.6707	0.6701	0.0226	0.0016	0.7252	0.0023	0.0	0.3852	0.0033	0.0
90perc_5repeat	0.35	0.3121	0.6716	0.0132	0.0009	0.0	0.0	0.0	0.6725	0.6698	0.0244	0.0017	0.6911	0.0023	0.0	0.3381	0.0027	0.0
100perc_5repeat	0.35	0.313	0.6706	0.0126	0.0009	0.0	0.0	0.0	0.6725	0.6717	0.0234	0.0017	0.6893	0.0021	0.0	0.3328	0.0026	0.0
5perc_5repeat	0.4	0.3158	0.67	0.0145	0.001	0.0	0.0	0.0	0.6694	0.6724	0.0218	0.0015	0.7274	0.0022	0.0	0.3918	0.0036	0.0
70perc_10repeat	0.35	0.3131	0.6712	0.0132	0.0009	0.0	0.0	0.0	0.6725	0.6706	0.0245	0.0017	0.6965	0.0021	0.0	0.3428	0.0026	0.0
15perc_5repeat	0.4	0.3143	0.6711	0.0158	0.0011	0.0	0.0	0.0	0.672	0.6707	0.0237	0.0017	0.7211	0.0024	0.0	0.3843	0.0034	0.0
30perc_2repeat	0.4	0.314	0.6714	0.0158	0.0011	0.0	0.0	0.0	0.672	0.6704	0.0237	0.0017	0.7174	0.002	0.0	0.377	0.0034	0.0
80perc_10repeat	0.35	0.3103	0.6731	0.0141	0.001	0.0	0.0	0.0	0.6737	0.667	0.0262	0.0019	0.6903	0.0022	0.0	0.3421	0.0026	0.0
90perc_10repeat	0.35	0.3118	0.6716	0.012	0.0008	0.0	0.0	0.0	0.6725	0.6697	0.0222	0.0016	0.6864	0.0019	0.0	0.3329	0.0022	0.0
100perc_10repeat	0.35	0.3116	0.6717	0.0131	0.0009	0.0	0.0	0.0	0.67	0.6697	0.0243	0.0017	0.6834	0.002	0.0	0.3237	0.0022	0.0
5perc_10repeat	0.4	0.3164	0.6699	0.0148	0.001	0.0	0.0	0.0	0.6694	0.6726	0.0222	0.0016	0.7292	0.0022	0.0	0.3881	0.0033	0.0
30perc_5repeat	0.4	0.3144	0.6711	0.0154	0.0011	0.0	0.0	0.0	0.672	0.6707	0.0231	0.0016	0.7179	0.0021	0.0	0.3768	0.003	0.0
15perc_10repeat	0.4	0.3138	0.6715	0.0154	0.0011	0.0	0.0	0.0	0.672	0.6701	0.0231	0.0016	0.7192	0.0023	0.0	0.3819	0.0032	0.0
60perc_2repeat	0.4	0.3151	0.6701	0.0152	0.0011	0.0	0.0	0.0	0.6694	0.6722	0.0228	0.0016	0.71	0.002	0.0	0.36	0.0029	0.0
100perc_2repeat	0.4	0.3134	0.6706	0.0162	0.0011	0.0	0.0	0.0	0.672	0.6715	0.0243	0.0017	0.6969	0.0021	0.0	0.3425	0.0027	0.0
5perc_2repeat	0.45	0.3139	0.6719	0.017	0.0012	0.0	0.0	0.0	0.6716	0.6699	0.0208	0.0015	0.7263	0.0021	0.0	0.3938	0.0031	0.0
90perc_5repeat	0.4	0.3127	0.6709	0.0161	0.0011	0.0	0.0	0.0	0.6694	0.6711	0.0241	0.0017	0.6911	0.002	0.0	0.3373	0.0024	0.0
30perc_2repeat	0.45	0.3149	0.6709	0.018	0.0013	0.0	0.0	0.0	0.6701	0.6711	0.022	0.0016	0.7201	0.0019	0.0	0.3787	0.0027	0.0
80perc_2repeat	0.4	0.3136	0.6713	0.0152	0.0011	0.0	0.0	0.0	0.6707	0.6705	0.0228	0.0016	0.7039	0.002	0.0	0.3509	0.0028	0.0
40perc_2repeat	0.4	0.3142	0.6714	0.0138	0.001	0.0	0.0	0.0	0.672	0.6703	0.0207	0.0015	0.717	0.0021	0.0	0.3678	0.003	0.0
40perc_2repeat	0.45	0.3146	0.6707	0.0162	0.0011	0.0	0.0	0.0	0.6686	0.6713	0.0198	0.0014	0.7171	0.0018	0.0	0.372	0.0025	0.0
5perc_5repeat	0.45	0.3125	0.6732	0.0151	0.0011	0.0	0.0	0.0	0.6745	0.6682	0.0185	0.0013	0.7244	0.0018	0.0	0.3901	0.0031	0.0
15perc_5repeat	0.45	0.3158	0.6698	0.0178	0.0013	0.0	0.0	0.0	0.6716	0.6724	0.0218	0.0015	0.721	0.0021	0.0	0.3785	0.0028	0.0
50perc_2repeat	0.45	0.3162	0.6692	0.018	0.0013	0.0	0.0	0.0	0.6686	0.6731	0.022	0.0016	0.7144	0.002	0.0	0.3676	0.0026	0.0
50perc_2repeat	0.4	0.3165	0.6689	0.0165	0.0012	0.0	0.0	0.0	0.668	0.674	0.0247	0.0017	0.7128	0.0021	0.0	0.3639	0.0034	0.0
30perc_5repeat	0.45	0.3155	0.6698	0.017	0.0012	0.0	0.0	0.0	0.6686	0.6724	0.0208	0.0015	0.7174	0.0018	0.0	0.3716	0.0027	0.0
90perc_10repeat	0.4	0.3146	0.6697	0.0168	0.0012	0.0	0.0	0.0	0.6694	0.6728	0.0251	0.0018	0.692	0.0021	0.0	0.3269	0.0024	0.0
60perc_10repeat	0.35	0.3132	0.6712	0.0139	0.001	0.0	0.0	0.0	0.6712	0.6705	0.0258	0.0018	0.7026	0.0024	0.0	0.3512	0.0029	0.0
40perc_5repeat	0.45	0.3161	0.6691	0.0187	0.0013	0.0	0.0	0.0	0.6686	0.6732	0.0228	0.0016	0.7131	0.002	0.0	0.365	0.0028	0.0
60perc_2repeat	0.45	0.3138	0.6711	0.0155	0.0011	0.0	0.0	0.0	0.6716	0.6708	0.019	0.0013	0.7107	0.0018	0.0	0.3676	0.0024	0.0
15perc_2repeat	0.45	0.3169	0.6691	0.017	0.0012	0.0	0.0	0.0	0.6686	0.6733	0.0207	0.0015	0.7269	0.0018	0.0	0.3866	0.0031	0.0
50perc_5repeat	0.45	0.3133	0.6718	0.0183	0.0013	0.0	0.0	0.0	0.6716	0.67	0.0224	0.0016	0.7089	0.002	0.0	0.3619	0.0025	0.0
100perc_10repeat	0.4	0.3145	0.6694	0.0148	0.001	0.0	0.0	0.0	0.6694	0.6733	0.0222	0.0016	0.6885	0.002	0.0	0.3193	0.0021	0.0
40perc_5repeat	0.4	0.3155	0.6699	0.0154	0.0011	0.0	0.0	0.0	0.6694	0.6725	0.0232	0.0016	0.7144	0.0021	0.0	0.3665	0.0029	0.0
70perc_2repeat	0.45	0.3139	0.6711	0.0162	0.0011	0.0	0.0	0.0	0.6716	0.6708	0.0198	0.0014	0.7058	0.0018	0.0	0.359	0.0023	0.0
5perc_10repeat	0.45	0.315	0.6709	0.0161	0.0011	0.0	0.0	0.0	0.6716	0.671	0.0196	0.0014	0.7263	0.002	0.0	0.3926	0.0029	0.0
70perc_2repeat	0.4	0.3159	0.6693	0.0139	0.001	0.0	0.0	0.0	0.6694	0.6735	0.0209	0.0015	0.7091	0.0019	0.0	0.3596	0.0027	0.0
50perc_5repeat	0.4	0.3142	0.6708	0.0139	0.001	0.0	0.0	0.0	0.672	0.6713	0.0209	0.0015	0.7099	0.0021	0.0	0.3641	0.0027	0.0
15perc_10repeat	0.45	0.3159	0.6699	0.0161	0.0011	0.0	0.0	0.0	0.6686	0.6722	0.0197	0.0014	0.7244	0.0019	0.0	0.3857	0.0028	0.0
60perc_5repeat	0.45	0.3137	0.6712	0.0177	0.0013	0.0	0.0	0.0	0.6716	0.6707	0.0216	0.0015	0.7052	0.0019	0.0	0.3548	0.0024	0.0
70perc_10repeat	0.4	0.3139	0.6706	0.0148	0.001	0.0	0.0	0.0	0.6694	0.6716	0.0223	0.0016	0.6987	0.0019	0.0	0.344	0.0023	0.0
60perc_5repeat	0.4	0.3139	0.6708	0.0161	0.0011	0.0	0.0	0.0	0.6694	0.6712	0.0242	0.0017	0.7054	0.002	0.0	0.3564	0.0027	0.0
30perc_10repeat	0.4	0.3127	0.6724	0.016	0.0011	0.0002	0.0	0.0	0.672	0.6688	0.024	0.0017	0.7153	0.0022	0.0	0.3748	0.0033	0.0
70perc_5repeat	0.4	0.3157	0.6693	0.0149	0.0011	0.0	0.0	0.0	0.6707	0.6735	0.0223	0.0016	0.7043	0.002	0.0	0.3447	0.0027	0.0
40perc_10repeat	0.45	0.3146	0.6706	0.0162	0.0011	0.0	0.0	0.0	0.6716	0.6714	0.0198	0.0014	0.713	0.0018	0.0	0.3639	0.0026	0.0
80perc_2repeat	0.45	0.3136	0.671	0.017	0.0012	0.0	0.0	0.0	0.6716	0.671	0.0208	0.0015	0.7024	0.0019	0.0	0.3515	0.0025	0.0
70perc_5repeat	0.45	0.3147	0.6701	0.0179	0.0013	0.0	0.0	0.0	0.6716	0.672	0.0218	0.0015	0.7034	0.0018	0.0	0.3477	0.0021	0.0
40perc_10repeat	0.4	0.3155	0.6701	0.0159	0.0011	0.0	0.0	0.0	0.672	0.6723	0.0238	0.0017	0.7156	0.002	0.0	0.3653	0.0031	0.0
90perc_2repeat	0.4	0.3136	0.671	0.0148	0.001	0.0	0.0	0.0	0.672	0.6709	0.0222	0.0016	0.6987	0.002	0.0	0.3444	0.0026	0.0
50perc_10repeat	0.45	0.3154	0.6701	0.0175	0.0012	0.0	0.0	0.0	0.6686	0.672	0.0214	0.0015	0.7093	0.0018	0.0	0.3574	0.0024	0.0
60perc_10repeat	0.45	0.316	0.6693	0.0177	0.0013	0.0	0.0	0.0	0.6686	0.673	0.0217	0.0015	0.7064	0.0018	0.0	0.3478	0.0022	0.0
80perc_5repeat	0.4	0.3154	0.6693	0.0153	0.0011	0.0	0.0	0.0	0.6694	0.6735	0.023	0.0016	0.6989	0.002	0.0	0.3381	0.0025	0.0
50perc_10repeat	0.4	0.3126	0.6719	0.0152	0.0011	0.0	0.0	0.0	0.6707	0.6696	0.0229	0.0016	0.7046	0.002	0.0	0.3621	0.0027	0.0
30perc_10repeat	0.45	0.3164	0.6692	0.0168	0.0012	0.0	0.0	0.0	0.6716	0.6732	0.0206	0.0015	0.7181	0.0019	0.0	0.3676	0.0026	0.0
70perc_10repeat	0.45	0.3144	0.6704	0.0151	0.0011	0.0	0.0	0.0	0.6716	0.6716	0.0184	0.0013	0.6981	0.0015	0.0	0.3431	0.0019	0.0
60perc_10repeat	0.4	0.3152	0.6697	0.0162	0.0011	0.0	0.0	0.0	0.6694	0.6728	0.0243	0.0017	0.7057	0.0022	0.0	0.3498	0.0026	0.0
100perc_5repeat	0.4	0.3122	0.6714	0.0151	0.0011	0.0	0.0	0.0	0.6694	0.6704	0.0226	0.0016	0.6874	0.0019	0.0	0.33	0.0023	0.0
80perc_10repeat	0.4	0.3127	0.6716	0.0149	0.0011	0.0	0.0	0.0	0.672	0.67	0.0223	0.0016	0.6927	0.0017	0.0	0.3354	0.002	0.0
90perc_2repeat	0.45	0.3134	0.6708	0.0173	0.0012	0.0	0.0	0.0	0.6716	0.6712	0.0212	0.0015	0.6988	0.0019	0.0	0.3485	0.0024	0.0
5perc_2repeat	0.5	0.3134	0.6719	0.0177	0.0013	0.0	0.0	0.0	0.6742	0.67	0.0177	0.0013	0.7272	0.0018	0.0	0.3946	0.0025	0.0
90perc_5repeat	0.45	0.3137	0.6705	0.0156	0.0011	0.0	0.0	0.0	0.6686	0.6715	0.0191	0.0014	0.6923	0.0016	0.0	0.3372	0.0019	0.0
80perc_5repeat	0.45	0.3132	0.671	0.0178	0.0013	0.0	0.0	0.0	0.6686	0.671	0.0217	0.0015	0.6965	0.0018	0.0	0.3396	0.0023	0.0
5perc_5repeat	0.5	0.3168	0.6694	0.0172	0.0012	0.0	0.0	0.0	0.6694	0.6725	0.0172	0.0012	0.7305	0.0017	0.0	0.3901	0.003	0.0
100perc_2repeat	0.45	0.3133	0.671	0.017	0.0012	0.0	0.0	0.0	0.6716	0.6709	0.0207	0.0015	0.6972	0.0017	0.0	0.3454	0.0023	0.0
15perc_5repeat	0.5	0.3186	0.6674	0.0199	0.0014	0.0	0.0	0.0	0.6677	0.6745	0.0199	0.0014	0.7273	0.0019	0.0	0.3805	0.0028	0.0
80perc_10repeat	0.45	0.3137	0.6703	0.0153	0.0011	0.0	0.0	0.0	0.6686	0.6718	0.0187	0.0013	0.6938	0.0016	0.0	0.3377	0.002	0.0
70perc_2repeat	0.5	0.3144	0.6706	0.0182	0.0013	0.0	0.0	0.0	0.6694	0.6713	0.0182	0.0013	0.7074	0.0017	0.0	0.3595	0.0023	0.0
30perc_5repeat	0.5	0.3134	0.6721	0.0193	0.0014	0.0	0.0	0.0	0.671	0.6698	0.0193	0.0014	0.7174	0.0017	0.0	0.375	0.0025	0.0
90perc_10repeat	0.45	0.3159	0.6685	0.0167	0.0012	0.0	0.0	0.0	0.6686	0.674	0.0204	0.0014	0.6931	0.0016	0.0	0.327	0.0019	0.0
40perc_5repeat	0.5	0.3158	0.6695	0.0207	0.0015	0.0	0.0	0.0	0.671	0.6724	0.0207	0.0015	0.716	0.0018	0.0	0.3675	0.0024	0.0
50perc_5repeat	0.5	0.3131	0.6719	0.0204	0.0014	0.0	0.0	0.0	0.671	0.6701	0.0204	0.0014	0.709	0.0017	0.0	0.3625	0.0022	0.0
90perc_2repeat	0.5	0.3127	0.6718	0.0193	0.0014	0.0	0.0	0.0	0.671	0.6701	0.0193	0.0014	0.7009	0.0018	0.0	0.3462	0.0021	0.0
100perc_10repeat	0.45	0.3134	0.6705	0.0163	0.0012	0.0	0.0	0.0	0.6716	0.6715	0.0199	0.0014	0.6857	0.0017	0.0	0.3231	0.0019	0.0
40perc_2repeat	0.5	0.3153	0.6703	0.017	0.0012	0.0	0.0	0.0	0.671	0.6717	0.017	0.0012	0.7164	0.0016	0.0	0.3702	0.0022	0.0
5perc_10repeat	0.5	0.3158	0.6701	0.0189	0.0013	0.0	0.0	0.0	0.671	0.6719	0.0189	0.0013	0.7276	0.0019	0.0	0.3904	0.0025	0.0
15perc_2repeat	0.6	0.3159	0.6688	0.024	0.0017	0.0	0.0	0.0	0.6694	0.6724	0.016	0.0011	0.7255	0.0015	0.0	0.3862	0.0022	0.0
15perc_10repeat	0.5	0.3163	0.6694	0.0186	0.0013	0.0	0.0	0.0	0.6677	0.6726	0.0186	0.0013	0.7243	0.0019	0.0	0.3839	0.0025	0.0
30perc_10repeat	0.5	0.3157	0.6696	0.0193	0.0014	0.0	0.0	0.0	0.6677	0.6723	0.0193	0.0014	0.7172	0.0018	0.0	0.3698	0.0023	0.0
90perc_5repeat	0.5	0.3162	0.6684	0.0189	0.0013	0.0	0.0	0.0	0.6677	0.6735	0.0189	0.0013	0.6955	0.0015	0.0	0.3334	0.002	0.0
100perc_5repeat	0.5	0.3143	0.6699	0.0198	0.0014	0.0	0.0	0.0	0.671	0.672	0.0198	0.0014	0.6899	0.0017	0.0	0.3292	0.0018	0.0
40perc_10repeat	0.5	0.3138	0.6714	0.0178	0.0013	0.0	0.0	0.0	0.671	0.6705	0.0178	0.0013	0.7115	0.0016	0.0	0.367	0.0021	0.0
50perc_10repeat	0.5	0.3136	0.6712	0.0195	0.0014	0.0	0.0	0.0	0.671	0.6708	0.0195	0.0014	0.7069	0.0015	0.0	0.3582	0.0022	0.0
60perc_10repeat	0.5	0.3122	0.6727	0.022	0.0016	0.0	0.0	0.0	0.6742	0.6693	0.022	0.0016	0.7021	0.0018	0.0	0.3516	0.0022	0.0
15perc_2repeat	0.5	0.3176	0.6684	0.0176	0.0012	0.0	0.0	0.0	0.6677	0.6735	0.0176	0.0012	0.7274	0.0017	0.0	0.3829	0.0027	0.0
70perc_5repeat	0.5	0.3136	0.671	0.0189	0.0013	0.0	0.0	0.0	0.6726	0.6709	0.0189	0.0013	0.7008	0.0016	0.0	0.3496	0.0019	0.0
50perc_2repeat	0.5	0.3139	0.6713	0.0186	0.0013	0.0	0.0	0.0	0.671	0.6706	0.0186	0.0013	0.7122	0.0015	0.0	0.3684	0.0027	0.0
80perc_10repeat	0.5	0.3135	0.6704	0.0187	0.0013	0.0	0.0	0.0	0.671	0.6716	0.0187	0.0013	0.6928	0.0016	0.0	0.3373	0.0019	0.0
60perc_2repeat	0.5	0.3152	0.67	0.0183	0.0013	0.0	0.0	0.0	0.671	0.6719	0.0183	0.0013	0.7107	0.0017	0.0	0.3615	0.0022	0.0
100perc_5repeat	0.45	0.3095	0.6736	0.0169	0.0012	0.0	0.0	0.0	0.6745	0.6677	0.0207	0.0015	0.6841	0.0019	0.0	0.3343	0.0019	0.0
5perc_2repeat	0.6	0.3145	0.6711	0.022	0.0016	0.0	0.0	0.0	0.6734	0.6709	0.0146	0.001	0.7277	0.0013	0.0	0.3909	0.0021	0.0
80perc_2repeat	0.5	0.3163	0.6686	0.0209	0.0015	0.0	0.0	0.0	0.6677	0.6734	0.0209	0.0015	0.7066	0.0018	0.0	0.3494	0.0021	0.0
100perc_10repeat	0.5	0.31	0.6733	0.0184	0.0013	0.0	0.0	0.0	0.6742	0.6686	0.0184	0.0013	0.6826	0.0016	0.0	0.3262	0.0018	0.0
60perc_5repeat	0.5	0.315	0.6704	0.0176	0.0012	0.0	0.0	0.0	0.671	0.6716	0.0176	0.0012	0.7069	0.0014	0.0	0.3506	0.0021	0.0
30perc_2repeat	0.5	0.3149	0.6709	0.0186	0.0013	0.0	0.0	0.0	0.6726	0.671	0.0186	0.0013	0.72	0.0018	0.0	0.3764	0.0024	0.0
30perc_5repeat	0.6	0.3126	0.6725	0.0222	0.0016	0.0	0.0	0.0	0.6734	0.67	0.0148	0.001	0.7167	0.0013	0.0	0.3765	0.0019	0.0
100perc_2repeat	0.5	0.3147	0.6697	0.0205	0.0015	0.0	0.0	0.0	0.6677	0.6722	0.0205	0.0015	0.6986	0.0018	0.0	0.3418	0.002	0.0
40perc_2repeat	0.6	0.3138	0.6714	0.0226	0.0016	0.0	0.0	0.0	0.6734	0.6707	0.015	0.0011	0.7166	0.0014	0.0	0.3756	0.0018	0.0
5perc_5repeat	0.6	0.3137	0.6719	0.0249	0.0018	0.0	0.0	0.0	0.6694	0.6703	0.0166	0.0012	0.7299	0.0014	0.0	0.3933	0.0024	0.0
30perc_2repeat	0.6	0.3142	0.6706	0.0233	0.0016	0.0	0.0	0.0	0.6694	0.6712	0.0155	0.0011	0.7185	0.0013	0.0	0.3779	0.002	0.0
5perc_10repeat	0.6	0.316	0.6696	0.0226	0.0016	0.0	0.0	0.0	0.6694	0.6719	0.0151	0.0011	0.7293	0.0014	0.0	0.3905	0.0021	0.0
80perc_5repeat	0.5	0.3137	0.6704	0.0199	0.0014	0.0	0.0	0.0	0.671	0.6715	0.0199	0.0014	0.6964	0.0018	0.0	0.3428	0.002	0.0
15perc_5repeat	0.6	0.3121	0.673	0.0214	0.0015	0.0	0.0	0.0	0.6734	0.6696	0.0142	0.001	0.7224	0.0014	0.0	0.386	0.0021	0.0
60perc_2repeat	0.6	0.3131	0.6715	0.0231	0.0016	0.0	0.0	0.0	0.6734	0.6706	0.0154	0.0011	0.7096	0.0013	0.0	0.3661	0.0019	0.0
70perc_2repeat	0.6	0.3132	0.672	0.0223	0.0016	0.0	0.0	0.0	0.6734	0.6703	0.0148	0.0011	0.708	0.0013	0.0	0.359	0.0017	0.0
50perc_2repeat	0.6	0.3111	0.6737	0.0225	0.0016	0.0	0.0	0.0	0.6734	0.6691	0.015	0.0011	0.7107	0.0014	0.0	0.3698	0.0018	0.0
50perc_5repeat	0.6	0.3133	0.6717	0.0231	0.0016	0.0	0.0	0.0	0.6714	0.6705	0.0154	0.0011	0.709	0.0014	0.0	0.3627	0.0017	0.0
80perc_2repeat	0.6	0.3099	0.6741	0.0235	0.0017	0.0	0.0	0.0	0.6774	0.6689	0.0157	0.0011	0.7007	0.0013	0.0	0.3561	0.0017	0.0
30perc_10repeat	0.6	0.314	0.6711	0.023	0.0016	0.0	0.0	0.0	0.6714	0.6709	0.0154	0.0011	0.7155	0.0013	0.0	0.3706	0.0017	0.0
60perc_5repeat	0.6	0.3162	0.6684	0.0252	0.0018	0.0	0.0	0.0	0.6694	0.6727	0.0168	0.0012	0.7059	0.0014	0.0	0.3531	0.0018	0.0
90perc_2repeat	0.6	0.314	0.6705	0.0239	0.0017	0.0	0.0	0.0	0.6694	0.6713	0.016	0.0011	0.7017	0.0014	0.0	0.349	0.0017	0.0
5perc_2repeat	0.7	0.309	0.6757	0.0297	0.0021	0.0	0.0	0.0	0.6774	0.6689	0.0127	0.0009	0.7262	0.0012	0.0	0.3928	0.0017	0.0
100perc_2repeat	0.6	0.3123	0.6719	0.0236	0.0017	0.0	0.0	0.0	0.6734	0.6704	0.0157	0.0011	0.6977	0.0013	0.0	0.3443	0.0017	0.0
40perc_5repeat	0.6	0.3094	0.6752	0.0216	0.0015	0.0	0.0	0.0	0.6734	0.6681	0.0144	0.001	0.7129	0.0013	0.0	0.3735	0.0018	0.0
70perc_10repeat	0.5	0.3145	0.6703	0.0186	0.0013	0.0	0.0	0.0	0.671	0.6716	0.0186	0.0013	0.7006	0.0015	0.0	0.3433	0.0019	0.0
70perc_5repeat	0.6	0.3138	0.6704	0.0248	0.0018	0.0	0.0	0.0	0.6694	0.6714	0.0166	0.0012	0.7007	0.0014	0.0	0.3493	0.0017	0.0
90perc_10repeat	0.5	0.3139	0.6701	0.0203	0.0014	0.0	0.0	0.0	0.671	0.6718	0.0203	0.0014	0.6911	0.0016	0.0	0.331	0.0019	0.0
15perc_10repeat	0.6	0.3125	0.6722	0.0237	0.0017	0.0	0.0	0.0	0.6694	0.6702	0.0158	0.0011	0.7214	0.0014	0.0	0.3858	0.0022	0.0
15perc_2repeat	0.7	0.3162	0.6691	0.0291	0.0021	0.0	0.0	0.0	0.6694	0.6718	0.0125	0.0009	0.7261	0.0011	0.0	0.3866	0.0017	0.0
5perc_5repeat	0.7	0.3144	0.6706	0.0291	0.0021	0.0	0.0	0.0	0.672	0.6711	0.0125	0.0009	0.7293	0.0011	0.0	0.3934	0.0018	0.0
40perc_10repeat	0.6	0.3114	0.6738	0.0256	0.0018	0.0	0.0	0.0	0.6734	0.6691	0.017	0.0012	0.712	0.0014	0.0	0.3651	0.0019	0.0
90perc_5repeat	0.6	0.3129	0.6713	0.0246	0.0017	0.0	0.0	0.0	0.6694	0.6707	0.0164	0.0012	0.6918	0.0013	0.0	0.3358	0.0016	0.0
50perc_10repeat	0.6	0.3127	0.6721	0.0244	0.0017	0.0	0.0	0.0	0.6734	0.6702	0.0162	0.0011	0.7072	0.0014	0.0	0.3593	0.0015	0.0
100perc_5repeat	0.6	0.3128	0.6715	0.0216	0.0015	0.0	0.0	0.0	0.6694	0.6706	0.0144	0.001	0.6887	0.0012	0.0	0.33	0.0014	0.0
60perc_10repeat	0.6	0.313	0.6715	0.0214	0.0015	0.0	0.0	0.0	0.6694	0.6706	0.0143	0.001	0.7029	0.0013	0.0	0.3525	0.0015	0.0
70perc_10repeat	0.6	0.3154	0.6689	0.0225	0.0016	0.0	0.0	0.0	0.6694	0.6724	0.015	0.0011	0.7004	0.0012	0.0	0.344	0.0016	0.0
80perc_5repeat	0.6	0.3149	0.6698	0.0236	0.0017	0.0	0.0	0.0	0.6694	0.6717	0.0157	0.0011	0.6984	0.0013	0.0	0.3416	0.0016	0.0
60perc_2repeat	0.7	0.3118	0.6728	0.0272	0.0019	0.0	0.0	0.0	0.672	0.6702	0.0117	0.0008	0.7099	0.001	0.0	0.3633	0.0016	0.0
80perc_10repeat	0.6	0.3144	0.6696	0.0231	0.0016	0.0	0.0	0.0	0.6694	0.6719	0.0154	0.0011	0.6939	0.0012	0.0	0.3374	0.0015	0.0
40perc_5repeat	0.7	0.3124	0.6719	0.0291	0.0021	0.0	0.0	0.0	0.672	0.6706	0.0125	0.0009	0.7134	0.0011	0.0	0.3715	0.0015	0.0
90perc_10repeat	0.6	0.3123	0.6716	0.0206	0.0015	0.0	0.0	0.0	0.6734	0.6705	0.0138	0.001	0.6892	0.0012	0.0	0.3313	0.0012	0.0
80perc_2repeat	0.7	0.3136	0.6705	0.0251	0.0018	0.0	0.0	0.0	0.672	0.6712	0.0108	0.0008	0.7041	0.001	0.0	0.3536	0.0014	0.0
30perc_2repeat	0.7	0.3144	0.6709	0.027	0.0019	0.0	0.0	0.0	0.672	0.671	0.0116	0.0008	0.721	0.001	0.0	0.3786	0.0017	0.0
100perc_10repeat	0.6	0.3117	0.672	0.0226	0.0016	0.0	0.0	0.0	0.6734	0.6703	0.0151	0.0011	0.6851	0.0013	0.0	0.3255	0.0014	0.0
70perc_2repeat	0.7	0.3137	0.6704	0.0315	0.0022	0.0	0.0	0.0	0.672	0.6712	0.0135	0.001	0.7071	0.0011	0.0	0.359	0.0014	0.0
40perc_2repeat	0.7	0.3136	0.6713	0.0276	0.002	0.0	0.0	0.0	0.672	0.6708	0.0118	0.0008	0.7175	0.0012	0.0	0.3743	0.0016	0.0
5perc_2repeat	0.8	0.3136	0.6711	0.0416	0.0029	0.0	0.0	0.0	0.6667	0.6709	0.0103	0.0007	0.7286	0.0009	0.0	0.3934	0.0013	0.0
15perc_2repeat	0.8	0.3099	0.6746	0.037	0.0026	0.0	0.0	0.0	0.6748	0.6701	0.0092	0.0006	0.7244	0.0008	0.0	0.3886	0.0012	0.0
15perc_10repeat	0.7	0.3121	0.6727	0.0294	0.0021	0.0	0.0	0.0	0.672	0.6702	0.0126	0.0009	0.7232	0.0011	0.0	0.3844	0.0016	0.0
90perc_2repeat	0.7	0.3138	0.6708	0.0299	0.0021	0.0	0.0	0.0	0.672	0.671	0.0128	0.0009	0.6999	0.0011	0.0	0.3496	0.0015	0.0
100perc_2repeat	0.7	0.3141	0.6702	0.0294	0.0021	0.0	0.0	0.0	0.672	0.6713	0.0126	0.0009	0.6979	0.0011	0.0	0.3436	0.0014	0.0
40perc_2repeat	0.8	0.3151	0.6692	0.0372	0.0026	0.0	0.0	0.0	0.6748	0.6714	0.0092	0.0007	0.7179	0.0008	0.0	0.3727	0.0011	0.0
15perc_5repeat	0.7	0.3109	0.6741	0.0266	0.0019	0.0	0.0	0.0	0.672	0.6696	0.0114	0.0008	0.7214	0.001	0.0	0.3869	0.0017	0.0
30perc_5repeat	0.7	0.3149	0.6697	0.0333	0.0024	0.0	0.0	0.0	0.6667	0.6715	0.0143	0.001	0.7189	0.0013	0.0	0.3751	0.0017	0.0
80perc_5repeat	0.7	0.3126	0.6717	0.027	0.0019	0.0	0.0	0.0	0.672	0.6706	0.0116	0.0008	0.6968	0.001	0.0	0.3433	0.0012	0.0
30perc_2repeat	0.8	0.3143	0.6702	0.0347	0.0025	0.0	0.0	0.0	0.6748	0.6712	0.0086	0.0006	0.7207	0.0008	0.0	0.3788	0.0012	0.0
90perc_5repeat	0.7	0.3171	0.6676	0.0312	0.0022	0.0	0.0	0.0	0.6667	0.6724	0.0134	0.0009	0.695	0.0011	0.0	0.3346	0.0013	0.0
50perc_10repeat	0.7	0.3138	0.6714	0.0257	0.0018	0.0	0.0	0.0	0.672	0.6708	0.011	0.0008	0.7081	0.0009	0.0	0.3575	0.0013	0.0
50perc_2repeat	0.8	0.3107	0.6739	0.0368	0.0026	0.0	0.0	0.0	0.6748	0.6703	0.0091	0.0006	0.7147	0.0009	0.0	0.3717	0.0012	0.0
100perc_5repeat	0.7	0.3129	0.6709	0.0283	0.002	0.0	0.0	0.0	0.672	0.671	0.0121	0.0009	0.6887	0.001	0.0	0.3307	0.0012	0.0
50perc_2repeat	0.7	0.3155	0.6694	0.0328	0.0023	0.0	0.0	0.0	0.672	0.6717	0.0141	0.001	0.7151	0.0011	0.0	0.368	0.0016	0.0
5perc_5repeat	0.8	0.3161	0.6676	0.0363	0.0026	0.0	0.0	0.0	0.6748	0.6718	0.009	0.0006	0.7294	0.0009	0.0	0.3935	0.0012	0.0
30perc_5repeat	0.8	0.3146	0.6703	0.0336	0.0024	0.0	0.0	0.0	0.6667	0.6711	0.0083	0.0006	0.7187	0.0008	0.0	0.3758	0.0011	0.0
60perc_2repeat	0.8	0.3105	0.6739	0.0389	0.0027	0.0	0.0	0.0	0.6748	0.6702	0.0096	0.0007	0.7094	0.0009	0.0	0.3656	0.0011	0.0
50perc_5repeat	0.7	0.3183	0.6663	0.0299	0.0021	0.0	0.0	0.0	0.6667	0.673	0.0128	0.0009	0.7116	0.0011	0.0	0.3588	0.0015	0.0
40perc_5repeat	0.8	0.3137	0.6706	0.0396	0.0028	0.0	0.0	0.0	0.6748	0.6711	0.0098	0.0007	0.7146	0.0008	0.0	0.3692	0.0012	0.0
5perc_10repeat	0.7	0.3105	0.6738	0.029	0.0021	0.0	0.0	0.0	0.672	0.6697	0.0124	0.0009	0.7271	0.0011	0.0	0.396	0.0017	0.0
60perc_5repeat	0.7	0.3181	0.6665	0.0291	0.0021	0.0	0.0	0.0	0.6667	0.6729	0.0125	0.0009	0.7072	0.001	0.0	0.354	0.0014	0.0
70perc_2repeat	0.8	0.3111	0.6734	0.0355	0.0025	0.0	0.0	0.0	0.6748	0.6704	0.0088	0.0006	0.7069	0.0008	0.0	0.36	0.001	0.0
70perc_5repeat	0.7	0.3154	0.6689	0.0276	0.002	0.0	0.0	0.0	0.6667	0.6718	0.0118	0.0008	0.702	0.0011	0.0	0.35	0.0014	0.0
80perc_2repeat	0.8	0.3136	0.6702	0.0382	0.0027	0.0	0.0	0.0	0.6667	0.6712	0.0094	0.0007	0.7031	0.0008	0.0	0.354	0.0011	0.0
50perc_5repeat	0.8	0.3133	0.6709	0.0414	0.0029	0.0	0.0	0.0	0.6667	0.671	0.0102	0.0007	0.7095	0.0009	0.0	0.3633	0.0011	0.0
60perc_5repeat	0.8	0.314	0.6703	0.0394	0.0028	0.0	0.0	0.0	0.6667	0.6711	0.0098	0.0007	0.7057	0.0008	0.0	0.3561	0.001	0.0
90perc_2repeat	0.8	0.3112	0.6728	0.0372	0.0026	0.0	0.0	0.0	0.6748	0.6705	0.0092	0.0007	0.6999	0.0008	0.0	0.3503	0.0011	0.0
90perc_10repeat	0.7	0.314	0.6699	0.0278	0.002	0.0	0.0	0.0	0.672	0.6714	0.0119	0.0008	0.6889	0.001	0.0	0.3307	0.0011	0.0
15perc_5repeat	0.8	0.316	0.6681	0.036	0.0025	0.0	0.0	0.0	0.6667	0.6717	0.0089	0.0006	0.7241	0.0008	0.0	0.3853	0.0012	0.0
100perc_10repeat	0.7	0.3102	0.6737	0.0293	0.0021	0.0	0.0	0.0	0.672	0.6698	0.0126	0.0009	0.684	0.001	0.0	0.3254	0.0012	0.0
100perc_2repeat	0.8	0.3147	0.6691	0.0375	0.0027	0.0	0.0	0.0	0.6667	0.6714	0.0093	0.0007	0.6973	0.0008	0.0	0.3427	0.0011	0.0
30perc_10repeat	0.7	0.3101	0.6742	0.0299	0.0021	0.0	0.0	0.0	0.6774	0.6696	0.0128	0.0009	0.7157	0.0011	0.0	0.3764	0.0015	0.0
80perc_10repeat	0.7	0.3118	0.6725	0.0269	0.0019	0.0	0.0	0.0	0.672	0.6703	0.0115	0.0008	0.6938	0.001	0.0	0.3391	0.0011	0.0
30perc_2repeat	0.9	0.3189	0.6648	0.0599	0.0042	0.0	0.0	0.0	0.6721	0.6716	0.0065	0.0005	0.721	0.0006	0.0	0.3792	0.0008	0.0
70perc_5repeat	0.8	0.3112	0.6729	0.0386	0.0027	0.0	0.0	0.0	0.6748	0.6705	0.0096	0.0007	0.7007	0.0008	0.0	0.3518	0.001	0.0
30perc_10repeat	0.8	0.3158	0.6682	0.0377	0.0027	0.0	0.0	0.0	0.6667	0.6717	0.0093	0.0007	0.7183	0.0008	0.0	0.3723	0.0012	0.0
15perc_2repeat	0.9	0.3068	0.6767	0.0567	0.004	0.0	0.0	0.0	0.6721	0.6703	0.0062	0.0004	0.7248	0.0006	0.0	0.3903	0.0008	0.0
5perc_2repeat	0.9	0.3137	0.6702	0.0551	0.0039	0.0	0.0	0.0	0.6721	0.671	0.006	0.0004	0.7287	0.0005	0.0	0.3937	0.0008	0.0
40perc_10repeat	0.7	0.3128	0.6722	0.0301	0.0021	0.0	0.0	0.0	0.6667	0.6704	0.0129	0.0009	0.7125	0.0011	0.0	0.3683	0.0014	0.0
40perc_10repeat	0.8	0.311	0.6731	0.0365	0.0026	0.0	0.0	0.0	0.6748	0.6704	0.009	0.0006	0.7121	0.0007	0.0	0.3677	0.0012	0.0
40perc_2repeat	0.9	0.3125	0.6715	0.0569	0.004	0.0	0.0	0.0	0.6721	0.6709	0.0062	0.0004	0.7174	0.0006	0.0	0.3748	0.0009	0.0
90perc_5repeat	0.8	0.3116	0.6726	0.0401	0.0028	0.0	0.0	0.0	0.6748	0.6706	0.0099	0.0007	0.6929	0.0008	0.0	0.3377	0.0009	0.0
80perc_5repeat	0.8	0.3122	0.6723	0.0394	0.0028	0.0	0.0	0.0	0.6748	0.6706	0.0098	0.0007	0.6983	0.0008	0.0	0.3446	0.001	0.0
15perc_5repeat	0.9	0.3136	0.671	0.061	0.0043	0.0	0.0	0.0	0.6721	0.671	0.0067	0.0005	0.7243	0.0006	0.0	0.3852	0.0008	0.0
100perc_5repeat	0.8	0.3185	0.6655	0.0387	0.0027	0.0	0.0	0.0	0.6667	0.6723	0.0096	0.0007	0.6905	0.0008	0.0	0.3291	0.0009	0.0
60perc_10repeat	0.7	0.3152	0.6692	0.029	0.0021	0.0	0.0	0.0	0.6667	0.6717	0.0124	0.0009	0.7039	0.001	0.0	0.3523	0.0012	0.0
70perc_2repeat	0.9	0.3119	0.6721	0.0548	0.0039	0.0	0.0	0.0	0.6721	0.6708	0.006	0.0004	0.7073	0.0005	0.0	0.36	0.0008	0.0
30perc_5repeat	0.9	0.3053	0.6787	0.0548	0.0039	0.0	0.0	0.0	0.6885	0.6701	0.006	0.0004	0.7173	0.0006	0.0	0.3773	0.0007	0.0
40perc_5repeat	0.9	0.3247	0.6587	0.0565	0.004	0.0	0.0	0.0	0.6721	0.6723	0.0062	0.0004	0.7152	0.0006	0.0	0.3675	0.0008	0.0
70perc_10repeat	0.7	0.3123	0.6719	0.0251	0.0018	0.0	0.0	0.0	0.672	0.6706	0.0107	0.0008	0.6981	0.001	0.0	0.3459	0.0012	0.0
50perc_2repeat	0.9	0.3155	0.6688	0.0605	0.0043	0.0	0.0	0.0	0.6721	0.6712	0.0066	0.0005	0.7148	0.0006	0.0	0.368	0.0008	0.0
80perc_2repeat	0.9	0.3076	0.6765	0.0576	0.0041	0.0	0.0	0.0	0.6721	0.6704	0.0063	0.0004	0.7037	0.0006	0.0	0.355	0.0008	0.0
60perc_10repeat	0.8	0.3101	0.6741	0.0365	0.0026	0.0	0.0	0.0	0.6748	0.6702	0.009	0.0006	0.7031	0.0008	0.0	0.3541	0.0009	0.0
90perc_2repeat	0.9	0.3175	0.6679	0.059	0.0042	0.0	0.0	0.0	0.6721	0.6713	0.0064	0.0005	0.7013	0.0006	0.0	0.348	0.0009	0.0
5perc_10repeat	0.8	0.3151	0.669	0.0381	0.0027	0.0	0.0	0.0	0.6667	0.6714	0.0094	0.0007	0.7291	0.0008	0.0	0.392	0.0013	0.0
50perc_5repeat	0.9	0.3116	0.6719	0.0535	0.0038	0.0	0.0	0.0	0.6721	0.6709	0.0058	0.0004	0.7096	0.0005	0.0	0.3637	0.0008	0.0
100perc_2repeat	0.9	0.3166	0.668	0.0499	0.0035	0.0	0.0	0.0	0.6721	0.6713	0.0054	0.0004	0.6976	0.0005	0.0	0.3421	0.0008	0.0
5perc_5repeat	0.9	0.3175	0.667	0.058	0.0041	0.0	0.0	0.0	0.6721	0.6714	0.0063	0.0004	0.7293	0.0006	0.0	0.3924	0.0008	0.0
60perc_2repeat	0.9	0.313	0.671	0.0508	0.0036	0.0	0.0	0.0	0.6721	0.671	0.0055	0.0004	0.7104	0.0006	0.0	0.3635	0.0008	0.0
60perc_5repeat	0.9	0.313	0.6713	0.0552	0.0039	0.0	0.0	0.0	0.6721	0.6709	0.006	0.0004	0.7061	0.0005	0.0	0.3567	0.0007	0.0
15perc_10repeat	0.8	0.3159	0.6689	0.0376	0.0027	0.0	0.0	0.0	0.6667	0.6715	0.0093	0.0007	0.7237	0.0008	0.0	0.3832	0.0012	0.0
90perc_10repeat	0.8	0.3084	0.6757	0.0358	0.0025	0.0	0.0	0.0	0.6748	0.6698	0.0088	0.0006	0.6887	0.0007	0.0	0.3329	0.0009	0.0
70perc_5repeat	0.9	0.3047	0.6798	0.0546	0.0039	0.0	0.0	0.0	0.6885	0.67	0.006	0.0004	0.7009	0.0005	0.0	0.351	0.0007	0.0
5perc_10repeat	0.9	0.3123	0.6702	0.0536	0.0038	0.0	0.0	0.0	0.6721	0.671	0.0059	0.0004	0.728	0.0006	0.0	0.3925	0.0007	0.0
50perc_10repeat	0.8	0.3137	0.6703	0.0369	0.0026	0.0	0.0	0.0	0.6667	0.6711	0.0091	0.0006	0.7084	0.0008	0.0	0.3595	0.0011	0.0
80perc_5repeat	0.9	0.3064	0.6772	0.0594	0.0042	0.0	0.0	0.0	0.6803	0.6703	0.0065	0.0005	0.6965	0.0005	0.0	0.3442	0.0007	0.0
15perc_10repeat	0.9	0.3108	0.6725	0.0504	0.0036	0.0	0.0	0.0	0.6721	0.6708	0.0055	0.0004	0.7239	0.0005	0.0	0.386	0.0008	0.0
90perc_5repeat	0.9	0.3156	0.6679	0.0584	0.0041	0.0	0.0	0.0	0.6721	0.6713	0.0064	0.0005	0.6932	0.0006	0.0	0.3371	0.0007	0.0
100perc_10repeat	0.8	0.3131	0.6708	0.0356	0.0025	0.0	0.0	0.0	0.6748	0.671	0.0088	0.0006	0.6854	0.0007	0.0	0.325	0.0008	0.0
100perc_5repeat	0.9	0.306	0.6779	0.06	0.0042	0.0	0.0	0.0	0.6803	0.6702	0.0065	0.0005	0.6886	0.0006	0.0	0.3312	0.0007	0.0
40perc_10repeat	0.9	0.3072	0.6776	0.0575	0.0041	0.0	0.0	0.0	0.6721	0.6702	0.0063	0.0004	0.712	0.0005	0.0	0.3677	0.0007	0.0
70perc_10repeat	0.8	0.3185	0.6656	0.0363	0.0026	0.0	0.0	0.0	0.6667	0.6723	0.009	0.0006	0.7001	0.0008	0.0	0.3437	0.0009	0.0
80perc_10repeat	0.8	0.3167	0.6674	0.0396	0.0028	0.0	0.0	0.0	0.6667	0.6719	0.0098	0.0007	0.6945	0.0008	0.0	0.3375	0.0009	0.0
70perc_10repeat	0.9	0.3107	0.6748	0.0579	0.0041	0.0	0.0	0.0	0.6885	0.6706	0.0063	0.0004	0.6988	0.0005	0.0	0.3458	0.0007	0.0
100perc_10repeat	0.9	0.3102	0.6733	0.0592	0.0042	0.0	0.0	0.0	0.6721	0.6707	0.0065	0.0005	0.685	0.0005	0.0	0.3254	0.0006	0.0
50perc_10repeat	0.9	0.3122	0.6711	0.0578	0.0041	0.0	0.0	0.0	0.6721	0.671	0.0063	0.0004	0.7084	0.0005	0.0	0.3596	0.0007	0.0
60perc_10repeat	0.9	0.3139	0.6711	0.0561	0.004	0.0	0.0	0.0	0.6721	0.6709	0.0061	0.0004	0.7038	0.0005	0.0	0.353	0.0007	0.0
30perc_10repeat	0.9	0.3169	0.6672	0.0549	0.0039	0.0	0.0	0.0	0.6721	0.6714	0.006	0.0004	0.7172	0.0005	0.0	0.374	0.0007	0.0
80perc_10repeat	0.9	0.3075	0.6765	0.0528	0.0037	0.0	0.0	0.0	0.6721	0.6704	0.0058	0.0004	0.6937	0.0005	0.0	0.3397	0.0006	0.0
90perc_10repeat	0.9	0.3171	0.6674	0.0553	0.0039	0.0	0.0	0.0	0.6557	0.6714	0.006	0.0004	0.6902	0.0005	0.0	0.3319	0.0007	0.0
