15perc_2repeat	0.1	0.3518	0.5018	0.0289	0.002	0.3518	0.4119	0.3795	0.5161	0.5258	0.0541	0.0038	0.5805	0.0084	0.0	0.5301	0.0083	0.0
30perc_5repeat	0.1	0.3143	0.5045	0.0289	0.002	0.3143	0.3714	0.3405	0.519	0.5109	0.039	0.0028	0.549	0.0057	0.0	0.4999	0.0061	0.0
5perc_5repeat	0.1	0.3497	0.5025	0.0284	0.002	0.3497	0.4019	0.3739	0.5179	0.5242	0.055	0.0039	0.6094	0.0094	0.0	0.5631	0.0094	0.0
15perc_5repeat	0.1	0.354	0.5061	0.0298	0.0021	0.354	0.36	0.357	0.5215	0.5167	0.0501	0.0035	0.5849	0.0073	0.0	0.5307	0.0075	0.0
100perc_2repeat	0.05	0.4929	0.4981	0.0257	0.0018	0.4929	0.5617	0.5251	0.4889	0.4953	0.0279	0.002	0.611	0.015	0.0	0.6241	0.0149	0.0
90perc_2repeat	0.05	0.4422	0.4984	0.0261	0.0018	0.4422	0.5454	0.4884	0.4872	0.4947	0.0327	0.0023	0.5971	0.012	0.0	0.6049	0.0118	0.0
30perc_2repeat	0.05	0.3128	0.4989	0.0279	0.002	0.3128	0.4428	0.3666	0.5092	0.5185	0.065	0.0046	0.511	0.013	0.0	0.4833	0.0124	0.0
80perc_2repeat	0.05	0.4155	0.499	0.0267	0.0019	0.4155	0.4858	0.4479	0.4959	0.5004	0.0329	0.0023	0.544	0.011	0.0	0.5448	0.0106	0.0
70perc_2repeat	0.05	0.4017	0.5024	0.0267	0.0019	0.4017	0.4409	0.4204	0.5162	0.4994	0.0436	0.0031	0.5508	0.0108	0.0	0.5274	0.0112	0.0
100perc_5repeat	0.05	0.4372	0.4958	0.027	0.0019	0.4372	0.6018	0.5065	0.4802	0.4877	0.0583	0.0041	0.5446	0.0165	0.0	0.5848	0.0164	0.0
70perc_5repeat	0.05	0.4275	0.4976	0.0273	0.0019	0.4275	0.5451	0.4792	0.4806	0.4958	0.0328	0.0023	0.5074	0.0078	0.0	0.5213	0.0075	0.0
15perc_2repeat	0.05	0.3226	0.5036	0.0273	0.0019	0.3226	0.3793	0.3486	0.5195	0.5228	0.088	0.0062	0.5701	0.015	0.0	0.5128	0.0162	0.0
30perc_10repeat	0.1	0.3357	0.5043	0.0284	0.002	0.3357	0.3596	0.3472	0.5179	0.5155	0.0316	0.0022	0.5334	0.0046	0.0	0.4957	0.0051	0.0
80perc_5repeat	0.05	0.4282	0.4948	0.0273	0.0019	0.4282	0.5877	0.4954	0.4788	0.4942	0.0378	0.0027	0.525	0.0091	0.0	0.5508	0.0096	0.0
40perc_10repeat	0.1	0.3523	0.4971	0.0298	0.0021	0.3523	0.4795	0.4062	0.501	0.5076	0.0273	0.0019	0.5165	0.0044	0.0	0.5013	0.0041	0.0
15perc_10repeat	0.1	0.2943	0.509	0.0264	0.0019	0.2943	0.2886	0.2914	0.5215	0.5249	0.0461	0.0033	0.5912	0.0068	0.0	0.517	0.0081	0.0
90perc_5repeat	0.05	0.4025	0.4955	0.027	0.0019	0.4025	0.5799	0.4752	0.4792	0.4883	0.0449	0.0032	0.5351	0.0117	0.0	0.5551	0.012	0.0
80perc_10repeat	0.05	0.402	0.4952	0.0271	0.0019	0.402	0.6012	0.4818	0.4787	0.4859	0.04	0.0028	0.501	0.0098	0.0	0.5476	0.0089	0.0
30perc_5repeat	0.05	0.2931	0.5052	0.0261	0.0018	0.2931	0.3555	0.3213	0.5212	0.5202	0.0598	0.0042	0.5426	0.0104	0.0	0.4702	0.0115	0.0
40perc_5repeat	0.05	0.3356	0.499	0.0271	0.0019	0.3356	0.4851	0.3967	0.5006	0.507	0.0436	0.0031	0.5147	0.0087	0.0	0.4931	0.0099	0.0
70perc_10repeat	0.05	0.44	0.4967	0.0267	0.0019	0.44	0.5786	0.4999	0.4817	0.493	0.0328	0.0023	0.4977	0.007	0.0	0.5154	0.0069	0.0
15perc_10repeat	0.05	0.3047	0.5011	0.0275	0.0019	0.3047	0.4199	0.3532	0.5195	0.5222	0.0702	0.005	0.566	0.0142	0.0	0.5153	0.0145	0.0
60perc_10repeat	0.05	0.4339	0.4966	0.0274	0.0019	0.4339	0.5426	0.4822	0.4808	0.498	0.0265	0.0019	0.5018	0.0064	0.0	0.509	0.0067	0.0
30perc_10repeat	0.05	0.3143	0.5022	0.0273	0.0019	0.3143	0.3961	0.3505	0.5212	0.512	0.0429	0.003	0.5209	0.0091	0.0	0.4802	0.0088	0.0
50perc_2repeat	0.1	0.3759	0.5018	0.0305	0.0022	0.3759	0.4301	0.4012	0.5162	0.509	0.0391	0.0028	0.5521	0.0056	0.0	0.5312	0.0061	0.0
50perc_5repeat	0.1	0.4	0.5019	0.0311	0.0022	0.4	0.4679	0.4313	0.5166	0.503	0.0255	0.0018	0.5175	0.0041	0.0	0.511	0.0045	0.0
50perc_10repeat	0.1	0.4497	0.5041	0.0297	0.0021	0.4497	0.4277	0.4384	0.5169	0.5044	0.0166	0.0012	0.5123	0.0032	0.0	0.5071	0.003	0.0
5perc_10repeat	0.05	0.3248	0.502	0.0267	0.0019	0.3248	0.4068	0.3612	0.5187	0.5281	0.0815	0.0058	0.5654	0.0185	0.0	0.4984	0.0199	0.0
50perc_2repeat	0.05	0.3612	0.499	0.0276	0.002	0.3612	0.4671	0.4074	0.5037	0.5105	0.0529	0.0037	0.5276	0.0106	0.0	0.5169	0.0101	0.0
30perc_2repeat	0.1	0.3307	0.5071	0.0281	0.002	0.3307	0.3166	0.3235	0.5202	0.5173	0.0451	0.0032	0.5656	0.007	0.0	0.5197	0.0071	0.0
5perc_2repeat	0.1	0.3573	0.5046	0.0287	0.002	0.3573	0.369	0.363	0.5197	0.5265	0.0553	0.0039	0.5935	0.0091	0.0	0.549	0.0096	0.0
40perc_2repeat	0.1	0.3805	0.4994	0.03	0.0021	0.3805	0.4798	0.4244	0.5143	0.512	0.0419	0.003	0.5427	0.0062	0.0	0.5286	0.0068	0.0
40perc_5repeat	0.1	0.3656	0.5036	0.0308	0.0022	0.3656	0.4111	0.387	0.5169	0.5105	0.0328	0.0023	0.5209	0.005	0.0	0.5024	0.005	0.0
60perc_2repeat	0.05	0.3346	0.5053	0.0256	0.0018	0.3346	0.3677	0.3504	0.5206	0.5144	0.0429	0.003	0.5311	0.0093	0.0	0.4889	0.0101	0.0
5perc_2repeat	0.05	0.3399	0.4993	0.0275	0.0019	0.3399	0.4438	0.3849	0.5098	0.5123	0.0787	0.0056	0.552	0.0166	0.0	0.5229	0.0178	0.0
5perc_10repeat	0.1	0.3675	0.5047	0.0268	0.0019	0.3675	0.3389	0.3526	0.5197	0.5355	0.0572	0.004	0.6127	0.0091	0.0	0.5511	0.0093	0.0
60perc_5repeat	0.05	0.424	0.4978	0.0269	0.0019	0.424	0.5111	0.4635	0.4848	0.4996	0.0308	0.0022	0.5009	0.0078	0.0	0.5073	0.0072	0.0
90perc_10repeat	0.05	0.4008	0.4953	0.0259	0.0018	0.4008	0.6132	0.4848	0.4788	0.4799	0.052	0.0037	0.5145	0.0107	0.0	0.5544	0.0122	0.0
40perc_10repeat	0.05	0.3245	0.5005	0.0277	0.002	0.3245	0.4425	0.3744	0.5158	0.5086	0.0393	0.0028	0.5089	0.0084	0.0	0.4967	0.0073	0.0
15perc_5repeat	0.05	0.3231	0.4994	0.0271	0.0019	0.3231	0.4491	0.3758	0.5161	0.5235	0.0678	0.0048	0.5368	0.015	0.0	0.5027	0.0164	0.0
5perc_5repeat	0.05	0.3319	0.5011	0.0266	0.0019	0.3319	0.4144	0.3686	0.5178	0.5273	0.0939	0.0066	0.562	0.0184	0.0	0.5107	0.0188	0.0
100perc_10repeat	0.05	0.4253	0.4956	0.0272	0.0019	0.4253	0.5947	0.4959	0.4805	0.4751	0.0695	0.0049	0.5925	0.0195	0.0	0.6482	0.0186	0.0
50perc_5repeat	0.05	0.3558	0.5013	0.0266	0.0019	0.3558	0.431	0.3898	0.5176	0.5058	0.0362	0.0026	0.5166	0.0084	0.0	0.4974	0.0079	0.0
50perc_10repeat	0.05	0.3824	0.5027	0.0278	0.002	0.3824	0.4121	0.3967	0.5206	0.5052	0.0262	0.0019	0.5025	0.006	0.0	0.4896	0.0064	0.0
40perc_2repeat	0.05	0.3331	0.5052	0.0276	0.0019	0.3331	0.376	0.3533	0.5219	0.5141	0.0576	0.0041	0.5432	0.0113	0.0	0.4983	0.0113	0.0
5perc_2repeat	0.2	0.4686	0.5131	0.0326	0.0023	0.4686	0.3051	0.3696	0.5215	0.5245	0.0384	0.0027	0.6242	0.0049	0.0	0.5745	0.0051	0.0
15perc_2repeat	0.2	0.4259	0.5155	0.0321	0.0023	0.4259	0.2517	0.3164	0.5211	0.5255	0.0347	0.0025	0.6037	0.004	0.0	0.5397	0.0045	0.0
30perc_2repeat	0.2	0.3945	0.5136	0.0342	0.0024	0.3945	0.316	0.3509	0.5209	0.5156	0.0305	0.0022	0.567	0.0037	0.0	0.5255	0.0039	0.0
60perc_2repeat	0.1	0.4251	0.5027	0.0302	0.0021	0.4251	0.4134	0.4192	0.5178	0.5087	0.0306	0.0022	0.5417	0.0062	0.0	0.5291	0.0053	0.0
5perc_5repeat	0.2	0.415	0.5163	0.034	0.0024	0.415	0.2626	0.3217	0.5202	0.527	0.0395	0.0028	0.6254	0.0047	0.0	0.555	0.0053	0.0
15perc_5repeat	0.2	0.4045	0.5123	0.0351	0.0025	0.4045	0.3363	0.3673	0.5204	0.5194	0.0346	0.0024	0.5856	0.0043	0.0	0.536	0.0044	0.0
30perc_5repeat	0.2	0.4167	0.5183	0.0346	0.0024	0.4167	0.2691	0.3271	0.5237	0.5133	0.0233	0.0016	0.5508	0.0032	0.0	0.5135	0.003	0.0
70perc_2repeat	0.1	0.4319	0.4992	0.0315	0.0022	0.4319	0.5157	0.4701	0.4854	0.5026	0.0292	0.0021	0.5495	0.0053	0.0	0.5503	0.006	0.0
100perc_2repeat	0.1	0.5052	0.5013	0.031	0.0022	0.5052	0.5699	0.5356	0.4851	0.4901	0.0197	0.0014	0.604	0.0077	0.0	0.6158	0.0081	0.0
60perc_5repeat	0.1	0.4699	0.5041	0.0316	0.0022	0.4699	0.4867	0.4781	0.5133	0.4982	0.0213	0.0015	0.5259	0.0039	0.0	0.5254	0.0037	0.0
90perc_2repeat	0.1	0.4852	0.4985	0.0288	0.002	0.4852	0.5954	0.5346	0.485	0.4947	0.0237	0.0017	0.568	0.0065	0.0	0.5799	0.0068	0.0
80perc_2repeat	0.1	0.4931	0.5013	0.0321	0.0023	0.4931	0.5285	0.5102	0.4878	0.4966	0.0229	0.0016	0.5527	0.0065	0.0	0.5641	0.0058	0.0
70perc_5repeat	0.1	0.4713	0.4978	0.029	0.002	0.4713	0.5752	0.5181	0.4819	0.4937	0.0225	0.0016	0.5275	0.0041	0.0	0.5361	0.0044	0.0
90perc_5repeat	0.1	0.4659	0.4986	0.0286	0.002	0.4659	0.5935	0.522	0.4837	0.4897	0.0325	0.0023	0.5578	0.0071	0.0	0.5787	0.0069	0.0
80perc_5repeat	0.1	0.4422	0.4987	0.0295	0.0021	0.4422	0.585	0.5037	0.4843	0.4915	0.0266	0.0019	0.5311	0.005	0.0	0.5447	0.0059	0.0
100perc_5repeat	0.1	0.483	0.4998	0.0289	0.002	0.483	0.5818	0.5278	0.4832	0.4829	0.0382	0.0027	0.6003	0.009	0.0	0.6246	0.0089	0.0
5perc_10repeat	0.2	0.4475	0.5168	0.0308	0.0022	0.4475	0.2686	0.3357	0.524	0.525	0.0344	0.0024	0.625	0.0046	0.0	0.5597	0.0053	0.0
60perc_10repeat	0.1	0.4689	0.5007	0.0314	0.0022	0.4689	0.499	0.4835	0.4925	0.4981	0.0165	0.0012	0.5117	0.0033	0.0	0.5119	0.0029	0.0
70perc_10repeat	0.1	0.4675	0.4989	0.0315	0.0022	0.4675	0.5926	0.5227	0.4811	0.4949	0.0208	0.0015	0.5119	0.0038	0.0	0.5359	0.0039	0.0
15perc_10repeat	0.2	0.3996	0.5177	0.0328	0.0023	0.3996	0.249	0.3068	0.5222	0.5227	0.0307	0.0022	0.5824	0.0038	0.0	0.5273	0.0039	0.0
30perc_10repeat	0.2	0.3994	0.5157	0.0327	0.0023	0.3994	0.3078	0.3476	0.5222	0.5131	0.0196	0.0014	0.5436	0.0025	0.0	0.5113	0.0026	0.0
90perc_10repeat	0.1	0.4738	0.4967	0.0288	0.002	0.4738	0.6421	0.5452	0.4803	0.4834	0.0378	0.0027	0.5446	0.0069	0.0	0.5873	0.006	0.0
100perc_10repeat	0.1	0.4695	0.4946	0.0279	0.002	0.4695	0.6593	0.5485	0.4797	0.4803	0.0487	0.0034	0.5842	0.0102	0.0	0.629	0.0097	0.0
80perc_10repeat	0.1	0.4551	0.4996	0.0305	0.0022	0.4551	0.5984	0.517	0.4821	0.4885	0.0314	0.0022	0.5321	0.0052	0.0	0.5564	0.0052	0.0
40perc_2repeat	0.2	0.3859	0.5112	0.035	0.0025	0.3859	0.3189	0.3492	0.5181	0.5141	0.0287	0.002	0.5578	0.0036	0.0	0.5205	0.0037	0.0
40perc_5repeat	0.2	0.4202	0.5123	0.0341	0.0024	0.4202	0.3345	0.3724	0.5202	0.5096	0.0197	0.0014	0.5346	0.0028	0.0	0.5066	0.0027	0.0
50perc_2repeat	0.2	0.4314	0.5146	0.0355	0.0025	0.4314	0.3342	0.3766	0.5223	0.5099	0.0266	0.0019	0.5465	0.0032	0.0	0.519	0.003	0.0
40perc_10repeat	0.2	0.4442	0.5147	0.035	0.0025	0.4442	0.3243	0.3749	0.5231	0.5077	0.0173	0.0012	0.5242	0.0019	0.0	0.5047	0.0021	0.0
50perc_5repeat	0.2	0.4651	0.5087	0.0358	0.0025	0.4651	0.4337	0.4489	0.5161	0.5047	0.0157	0.0011	0.5203	0.0022	0.0	0.5108	0.0023	0.0
5perc_2repeat	0.25	0.5057	0.526	0.0405	0.0029	0.5057	0.274	0.3554	0.524	0.5228	0.0309	0.0022	0.6244	0.004	0.0	0.5719	0.0044	0.0
15perc_2repeat	0.25	0.4467	0.5175	0.0385	0.0027	0.4467	0.3258	0.3768	0.5211	0.5205	0.0288	0.002	0.5929	0.0038	0.0	0.5488	0.0037	0.0
30perc_2repeat	0.25	0.4356	0.5218	0.0374	0.0026	0.4356	0.2853	0.3447	0.523	0.5172	0.0275	0.0019	0.5734	0.0031	0.0	0.5301	0.0034	0.0
5perc_5repeat	0.25	0.5175	0.5258	0.0369	0.0026	0.5175	0.1957	0.284	0.5251	0.5284	0.0342	0.0024	0.6347	0.0041	0.0	0.565	0.0044	0.0
40perc_2repeat	0.25	0.4513	0.5231	0.0382	0.0027	0.4513	0.3026	0.3622	0.5245	0.5138	0.0236	0.0017	0.559	0.0028	0.0	0.5227	0.003	0.0
15perc_5repeat	0.25	0.4486	0.5264	0.0389	0.0028	0.4486	0.2206	0.2958	0.5249	0.521	0.0265	0.0019	0.5887	0.0031	0.0	0.5332	0.0035	0.0
50perc_2repeat	0.25	0.4763	0.5228	0.0439	0.0031	0.4763	0.3805	0.423	0.5257	0.5103	0.0215	0.0015	0.5494	0.0029	0.0	0.5275	0.0025	0.0
60perc_2repeat	0.2	0.4733	0.5119	0.0396	0.0028	0.4733	0.4009	0.4341	0.5166	0.5057	0.0222	0.0016	0.5443	0.003	0.0	0.5288	0.0031	0.0
60perc_2repeat	0.25	0.5325	0.5259	0.0447	0.0032	0.5325	0.3946	0.4533	0.5254	0.5051	0.0194	0.0014	0.5511	0.0021	0.0	0.5363	0.0024	0.0
30perc_5repeat	0.25	0.4368	0.5165	0.0407	0.0029	0.4368	0.3294	0.3756	0.521	0.5115	0.0245	0.0017	0.5491	0.0029	0.0	0.5186	0.0027	0.0
70perc_2repeat	0.25	0.5582	0.5311	0.0498	0.0035	0.5582	0.4557	0.5018	0.5284	0.5025	0.0157	0.0011	0.5531	0.0023	0.0	0.5478	0.0025	0.0
40perc_5repeat	0.25	0.4405	0.5156	0.0379	0.0027	0.4405	0.3664	0.4	0.5206	0.5079	0.0188	0.0013	0.5332	0.0023	0.0	0.5124	0.0022	0.0
80perc_2repeat	0.25	0.5737	0.535	0.0469	0.0033	0.5737	0.5341	0.5532	0.5334	0.499	0.0155	0.0011	0.5665	0.0024	0.0	0.5685	0.0028	0.0
50perc_5repeat	0.25	0.4643	0.5135	0.0379	0.0027	0.4643	0.4507	0.4574	0.5178	0.504	0.0173	0.0012	0.5204	0.0018	0.0	0.5132	0.0021	0.0
5perc_10repeat	0.25	0.5223	0.5237	0.0396	0.0028	0.5223	0.2648	0.3514	0.5236	0.524	0.0322	0.0023	0.619	0.0038	0.0	0.569	0.0041	0.0
60perc_5repeat	0.25	0.5164	0.5186	0.0415	0.0029	0.5164	0.4898	0.5028	0.5215	0.5008	0.0143	0.001	0.5201	0.0017	0.0	0.5198	0.0019	0.0
70perc_2repeat	0.2	0.5184	0.5164	0.0423	0.003	0.5184	0.4622	0.4887	0.5231	0.5012	0.021	0.0015	0.5483	0.0031	0.0	0.5444	0.0032	0.0
90perc_2repeat	0.2	0.5714	0.5213	0.0457	0.0032	0.5714	0.6017	0.5862	0.5096	0.4939	0.0163	0.0012	0.5842	0.0037	0.0	0.5971	0.0039	0.0
70perc_5repeat	0.25	0.5202	0.5229	0.0476	0.0034	0.5202	0.6543	0.5796	0.5137	0.4954	0.016	0.0011	0.5262	0.0019	0.0	0.5376	0.0021	0.0
80perc_5repeat	0.25	0.5412	0.5185	0.0488	0.0035	0.5412	0.7256	0.6199	0.496	0.4909	0.0164	0.0012	0.5414	0.0022	0.0	0.5667	0.0025	0.0
80perc_2repeat	0.2	0.5432	0.5192	0.0427	0.003	0.5432	0.5709	0.5567	0.5219	0.497	0.0173	0.0012	0.5607	0.0031	0.0	0.567	0.003	0.0
60perc_5repeat	0.2	0.4925	0.5122	0.0396	0.0028	0.4925	0.5278	0.5096	0.5157	0.4997	0.0158	0.0011	0.5213	0.0021	0.0	0.5214	0.0021	0.0
15perc_10repeat	0.25	0.4353	0.5256	0.0404	0.0029	0.4353	0.2304	0.3013	0.5226	0.5208	0.0255	0.0018	0.5888	0.003	0.0	0.5321	0.0037	0.0
30perc_10repeat	0.25	0.4302	0.5174	0.0387	0.0027	0.4302	0.2964	0.351	0.5225	0.5112	0.0189	0.0013	0.542	0.0024	0.0	0.509	0.0023	0.0
40perc_10repeat	0.25	0.4453	0.5215	0.0382	0.0027	0.4453	0.3069	0.3634	0.5217	0.5083	0.0137	0.001	0.527	0.0017	0.0	0.502	0.0017	0.0
50perc_10repeat	0.2	0.4751	0.509	0.0363	0.0026	0.4751	0.4272	0.4499	0.5173	0.502	0.0135	0.001	0.5108	0.0018	0.0	0.5055	0.0016	0.0
100perc_2repeat	0.2	0.5494	0.5153	0.0385	0.0027	0.5494	0.7049	0.6175	0.4988	0.4892	0.014	0.001	0.6161	0.0039	0.0	0.6348	0.0038	0.0
70perc_5repeat	0.2	0.5148	0.5114	0.0428	0.003	0.5148	0.6293	0.5663	0.4941	0.4956	0.0172	0.0012	0.5275	0.0023	0.0	0.5387	0.0024	0.0
80perc_5repeat	0.2	0.5224	0.5129	0.0445	0.0031	0.5224	0.6902	0.5947	0.491	0.4913	0.0174	0.0012	0.5402	0.0029	0.0	0.5642	0.0026	0.0
90perc_5repeat	0.2	0.5343	0.5129	0.043	0.003	0.5343	0.6825	0.5993	0.4898	0.4865	0.0214	0.0015	0.5666	0.0037	0.0	0.592	0.0036	0.0
50perc_10repeat	0.25	0.5006	0.5117	0.0368	0.0026	0.5006	0.4296	0.4624	0.5173	0.5021	0.0121	0.0009	0.5108	0.0014	0.0	0.5061	0.0015	0.0
60perc_10repeat	0.25	0.5033	0.5101	0.0383	0.0027	0.5033	0.5927	0.5444	0.5095	0.4976	0.0106	0.0008	0.5099	0.0014	0.0	0.5148	0.0015	0.0
100perc_5repeat	0.2	0.5284	0.5076	0.0395	0.0028	0.5284	0.7134	0.6071	0.4876	0.4802	0.0277	0.002	0.5929	0.0046	0.0	0.6325	0.0045	0.0
80perc_10repeat	0.25	0.5247	0.5113	0.0471	0.0033	0.5247	0.7925	0.6314	0.4889	0.4857	0.0175	0.0012	0.5289	0.0022	0.0	0.5636	0.0022	0.0
70perc_10repeat	0.25	0.5139	0.5141	0.0432	0.0031	0.5139	0.6961	0.5913	0.4945	0.4929	0.0147	0.001	0.5173	0.0017	0.0	0.5361	0.002	0.0
60perc_10repeat	0.2	0.4924	0.5022	0.0363	0.0026	0.4924	0.6196	0.5487	0.4886	0.4969	0.013	0.0009	0.5089	0.0017	0.0	0.517	0.0017	0.0
70perc_10repeat	0.2	0.4984	0.5096	0.0393	0.0028	0.4984	0.6991	0.5819	0.494	0.4917	0.0151	0.0011	0.5169	0.0019	0.0	0.5361	0.0022	0.0
80perc_10repeat	0.2	0.5106	0.5093	0.0421	0.003	0.5106	0.7062	0.5927	0.4871	0.4912	0.0209	0.0015	0.5377	0.003	0.0	0.5665	0.0028	0.0
90perc_10repeat	0.2	0.5032	0.4992	0.0333	0.0024	0.5032	0.7545	0.6037	0.4856	0.4796	0.0264	0.0019	0.5507	0.0038	0.0	0.5975	0.0036	0.0
90perc_2repeat	0.25	0.576	0.54	0.0514	0.0036	0.576	0.654	0.6125	0.5299	0.4948	0.0133	0.0009	0.5823	0.0025	0.0	0.5939	0.0028	0.0
90perc_5repeat	0.25	0.549	0.52	0.0491	0.0035	0.549	0.7159	0.6215	0.496	0.4876	0.0184	0.0013	0.5694	0.0028	0.0	0.5941	0.003	0.0
100perc_10repeat	0.2	0.5421	0.5075	0.0367	0.0026	0.5421	0.6581	0.5945	0.4879	0.4793	0.0342	0.0024	0.5981	0.0052	0.0	0.6361	0.0044	0.0
100perc_2repeat	0.25	0.5566	0.5364	0.0525	0.0037	0.5566	0.7322	0.6324	0.5083	0.4912	0.011	0.0008	0.6093	0.0032	0.0	0.6274	0.0033	0.0
90perc_10repeat	0.25	0.5332	0.5136	0.0485	0.0034	0.5332	0.7548	0.6249	0.4888	0.4826	0.0219	0.0016	0.5559	0.0031	0.0	0.5947	0.0031	0.0
100perc_5repeat	0.25	0.5418	0.5118	0.0448	0.0032	0.5418	0.7598	0.6325	0.4914	0.4795	0.0234	0.0017	0.5953	0.0038	0.0	0.6422	0.0041	0.0
5perc_2repeat	0.3	0.5519	0.5345	0.044	0.0031	0.5519	0.2548	0.3486	0.531	0.5254	0.0292	0.0021	0.6235	0.0035	0.0	0.5723	0.0035	0.0
15perc_2repeat	0.3	0.5223	0.5326	0.0424	0.003	0.5223	0.2452	0.3337	0.5275	0.5229	0.0274	0.0019	0.6066	0.0032	0.0	0.5513	0.0033	0.0
5perc_5repeat	0.3	0.5614	0.5326	0.0447	0.0032	0.5614	0.2656	0.3606	0.5273	0.5252	0.0265	0.0019	0.6194	0.0035	0.0	0.5674	0.0035	0.0
40perc_2repeat	0.3	0.4737	0.531	0.0469	0.0033	0.4737	0.3503	0.4027	0.5251	0.5094	0.0235	0.0017	0.5563	0.0025	0.0	0.5278	0.0026	0.0
50perc_2repeat	0.3	0.5014	0.5261	0.0474	0.0033	0.5014	0.3908	0.4393	0.523	0.5081	0.019	0.0013	0.5477	0.0025	0.0	0.5276	0.0024	0.0
15perc_5repeat	0.3	0.4888	0.5319	0.0461	0.0033	0.4888	0.288	0.3625	0.5235	0.5201	0.0237	0.0017	0.5856	0.0031	0.0	0.5421	0.0029	0.0
30perc_5repeat	0.3	0.4346	0.5284	0.0418	0.003	0.4346	0.2634	0.328	0.5245	0.5148	0.0189	0.0013	0.5536	0.0022	0.0	0.513	0.0023	0.0
100perc_10repeat	0.25	0.5244	0.5067	0.0436	0.0031	0.5244	0.8024	0.6343	0.4882	0.4771	0.0284	0.002	0.5879	0.0042	0.0	0.6426	0.0039	0.0
70perc_2repeat	0.3	0.5968	0.5458	0.0521	0.0037	0.5968	0.4446	0.5096	0.5402	0.5017	0.0153	0.0011	0.555	0.002	0.0	0.5497	0.0019	0.0
40perc_5repeat	0.3	0.4849	0.5244	0.0418	0.003	0.4849	0.3199	0.3855	0.5239	0.5084	0.0171	0.0012	0.5347	0.0018	0.0	0.5125	0.0018	0.0
80perc_2repeat	0.3	0.5823	0.5555	0.0563	0.004	0.5823	0.6093	0.5955	0.548	0.498	0.0122	0.0009	0.5623	0.0021	0.0	0.5676	0.002	0.0
50perc_5repeat	0.3	0.504	0.5272	0.0422	0.003	0.504	0.386	0.4372	0.5245	0.5058	0.0135	0.001	0.5258	0.0016	0.0	0.5111	0.0016	0.0
5perc_2repeat	0.35	0.5927	0.5397	0.0464	0.0033	0.5927	0.2294	0.3308	0.5307	0.5237	0.0268	0.0019	0.6259	0.0029	0.0	0.5724	0.0031	0.0
5perc_10repeat	0.3	0.5495	0.538	0.0438	0.0031	0.5495	0.2152	0.3093	0.5301	0.5258	0.0251	0.0018	0.6202	0.003	0.0	0.5628	0.0035	0.0
15perc_2repeat	0.35	0.5245	0.5353	0.0518	0.0037	0.5245	0.2724	0.3586	0.529	0.5218	0.0269	0.0019	0.6014	0.0028	0.0	0.5484	0.0034	0.0
80perc_5repeat	0.3	0.5411	0.5321	0.0527	0.0037	0.5411	0.7387	0.6247	0.5134	0.4909	0.0142	0.001	0.5407	0.002	0.0	0.5628	0.0021	0.0
15perc_10repeat	0.3	0.4951	0.533	0.0455	0.0032	0.4951	0.2631	0.3436	0.5274	0.521	0.0247	0.0017	0.5885	0.0028	0.0	0.5388	0.0029	0.0
30perc_10repeat	0.3	0.4542	0.5287	0.0404	0.0029	0.4542	0.2592	0.33	0.5243	0.5125	0.0162	0.0011	0.5432	0.0019	0.0	0.5102	0.002	0.0
40perc_10repeat	0.3	0.484	0.5256	0.0383	0.0027	0.484	0.2997	0.3702	0.5265	0.5082	0.0125	0.0009	0.5252	0.0014	0.0	0.5035	0.0014	0.0
50perc_10repeat	0.3	0.5066	0.5145	0.0395	0.0028	0.5066	0.4414	0.4718	0.5155	0.5015	0.011	0.0008	0.5118	0.0012	0.0	0.5068	0.0012	0.0
60perc_10repeat	0.3	0.512	0.5167	0.044	0.0031	0.512	0.6317	0.5656	0.5094	0.4971	0.0105	0.0007	0.5098	0.0012	0.0	0.5178	0.0012	0.0
80perc_10repeat	0.3	0.5315	0.5227	0.0522	0.0037	0.5315	0.7459	0.6207	0.4984	0.4897	0.016	0.0011	0.532	0.0021	0.0	0.5585	0.002	0.0
100perc_10repeat	0.3	0.5431	0.5204	0.0508	0.0036	0.5431	0.7751	0.6387	0.4967	0.4789	0.0254	0.0018	0.5953	0.0034	0.0	0.6407	0.0034	0.0
5perc_10repeat	0.35	0.611	0.5349	0.041	0.0029	0.611	0.1876	0.2871	0.5324	0.528	0.0249	0.0018	0.628	0.003	0.0	0.5675	0.0029	0.0
30perc_2repeat	0.3	0.4653	0.5289	0.0404	0.0029	0.4653	0.2613	0.3346	0.5255	0.5172	0.022	0.0016	0.5736	0.0027	0.0	0.5279	0.0027	0.0
60perc_2repeat	0.3	0.5506	0.534	0.0459	0.0032	0.5506	0.4154	0.4735	0.5294	0.5042	0.0183	0.0013	0.5463	0.0021	0.0	0.5351	0.0021	0.0
100perc_2repeat	0.3	0.5563	0.5484	0.0544	0.0038	0.5563	0.7555	0.6407	0.5298	0.4919	0.0103	0.0007	0.6112	0.0027	0.0	0.6293	0.0027	0.0
90perc_2repeat	0.3	0.5757	0.5523	0.0576	0.0041	0.5757	0.6933	0.629	0.5456	0.4937	0.0122	0.0009	0.5836	0.0022	0.0	0.5974	0.0023	0.0
30perc_2repeat	0.35	0.4887	0.5386	0.0486	0.0034	0.4887	0.2853	0.3603	0.5279	0.5164	0.0221	0.0016	0.5698	0.0023	0.0	0.531	0.0025	0.0
70perc_5repeat	0.3	0.5391	0.5269	0.0508	0.0036	0.5391	0.677	0.6002	0.521	0.4947	0.0139	0.001	0.5265	0.0016	0.0	0.5413	0.0019	0.0
60perc_5repeat	0.3	0.5407	0.5234	0.0454	0.0032	0.5407	0.4984	0.5187	0.5268	0.4994	0.0139	0.001	0.5225	0.0016	0.0	0.5217	0.0017	0.0
100perc_5repeat	0.3	0.5321	0.5206	0.052	0.0037	0.5321	0.8345	0.6499	0.4977	0.479	0.0199	0.0014	0.5946	0.0029	0.0	0.6378	0.0032	0.0
40perc_2repeat	0.35	0.502	0.5374	0.0462	0.0033	0.502	0.2376	0.3225	0.5288	0.5127	0.0194	0.0014	0.5629	0.0021	0.0	0.5212	0.0024	0.0
15perc_5repeat	0.35	0.5369	0.5388	0.045	0.0032	0.5369	0.1815	0.2713	0.5307	0.5224	0.0217	0.0015	0.5914	0.0024	0.0	0.5356	0.0026	0.0
90perc_5repeat	0.3	0.5573	0.5353	0.0571	0.004	0.5573	0.722	0.6291	0.51	0.4872	0.0182	0.0013	0.5718	0.0024	0.0	0.5959	0.0027	0.0
5perc_5repeat	0.35	0.5862	0.544	0.048	0.0034	0.5862	0.2612	0.3614	0.531	0.5232	0.0243	0.0017	0.6237	0.0029	0.0	0.5732	0.003	0.0
30perc_5repeat	0.35	0.4698	0.534	0.0444	0.0031	0.4698	0.242	0.3194	0.5262	0.5138	0.0176	0.0012	0.5534	0.0019	0.0	0.5154	0.002	0.0
70perc_10repeat	0.3	0.5255	0.5235	0.0522	0.0037	0.5255	0.7463	0.6168	0.502	0.4916	0.0116	0.0008	0.5165	0.0013	0.0	0.5366	0.0016	0.0
30perc_10repeat	0.35	0.5132	0.5352	0.044	0.0031	0.5132	0.2554	0.3411	0.5299	0.5102	0.0143	0.001	0.5413	0.0016	0.0	0.5121	0.0015	0.0
50perc_2repeat	0.35	0.5144	0.5395	0.0515	0.0036	0.5144	0.4046	0.453	0.5277	0.5077	0.0197	0.0014	0.5484	0.0022	0.0	0.5293	0.0022	0.0
90perc_10repeat	0.3	0.5322	0.5245	0.0584	0.0041	0.5322	0.7867	0.6349	0.4926	0.4833	0.0197	0.0014	0.5569	0.0026	0.0	0.5956	0.0027	0.0
60perc_2repeat	0.35	0.5617	0.545	0.0533	0.0038	0.5617	0.4033	0.4695	0.5364	0.5055	0.0166	0.0012	0.5488	0.0019	0.0	0.5343	0.0019	0.0
15perc_10repeat	0.35	0.5605	0.5417	0.0492	0.0035	0.5605	0.2459	0.3419	0.5313	0.519	0.0203	0.0014	0.5866	0.0024	0.0	0.5411	0.0025	0.0
70perc_2repeat	0.35	0.6092	0.5598	0.0594	0.0042	0.6092	0.4884	0.5422	0.5477	0.5018	0.0152	0.0011	0.555	0.0017	0.0	0.5504	0.002	0.0
80perc_2repeat	0.35	0.6117	0.5723	0.0584	0.0041	0.6117	0.5522	0.5804	0.5717	0.4988	0.0129	0.0009	0.5648	0.0016	0.0	0.5661	0.0019	0.0
60perc_5repeat	0.35	0.5755	0.5403	0.0512	0.0036	0.5755	0.4813	0.5242	0.5388	0.4994	0.0115	0.0008	0.5241	0.0012	0.0	0.5216	0.0013	0.0
90perc_2repeat	0.35	0.5976	0.5832	0.0606	0.0043	0.5976	0.686	0.6388	0.591	0.4944	0.0113	0.0008	0.5831	0.0019	0.0	0.5958	0.0021	0.0
40perc_10repeat	0.35	0.5034	0.5263	0.0422	0.003	0.5034	0.3329	0.4007	0.527	0.5061	0.0109	0.0008	0.5233	0.0014	0.0	0.5055	0.0012	0.0
50perc_10repeat	0.35	0.5208	0.5258	0.0373	0.0026	0.5208	0.3593	0.4252	0.5288	0.503	0.0089	0.0006	0.5142	0.001	0.0	0.5043	0.001	0.0
100perc_2repeat	0.35	0.5746	0.5796	0.0575	0.0041	0.5746	0.7553	0.6527	0.5719	0.4925	0.0099	0.0007	0.6084	0.0022	0.0	0.6247	0.0022	0.0
5perc_2repeat	0.4	0.6165	0.5465	0.0513	0.0036	0.6165	0.2499	0.3556	0.5359	0.526	0.0248	0.0018	0.6284	0.0029	0.0	0.5723	0.0029	0.0
70perc_5repeat	0.35	0.5693	0.5477	0.0559	0.004	0.5693	0.6321	0.5991	0.545	0.4951	0.0115	0.0008	0.5302	0.0015	0.0	0.5387	0.0015	0.0
50perc_5repeat	0.35	0.5328	0.5281	0.0483	0.0034	0.5328	0.4301	0.476	0.5264	0.5038	0.0136	0.001	0.5221	0.0014	0.0	0.5145	0.0015	0.0
80perc_5repeat	0.35	0.557	0.5441	0.0596	0.0042	0.557	0.7482	0.6386	0.5238	0.4903	0.0144	0.001	0.5414	0.0018	0.0	0.5647	0.0019	0.0
90perc_5repeat	0.35	0.5411	0.5418	0.0585	0.0041	0.5411	0.8186	0.6515	0.5121	0.4861	0.0144	0.001	0.5633	0.002	0.0	0.5951	0.0021	0.0
15perc_2repeat	0.4	0.59	0.551	0.056	0.004	0.59	0.2615	0.3624	0.5389	0.5204	0.0243	0.0017	0.6014	0.0024	0.0	0.5509	0.0026	0.0
100perc_5repeat	0.35	0.5372	0.5383	0.0597	0.0042	0.5372	0.8277	0.6516	0.5112	0.4823	0.0172	0.0012	0.6016	0.0026	0.0	0.6411	0.0027	0.0
60perc_10repeat	0.35	0.5254	0.5224	0.0505	0.0036	0.5254	0.6558	0.5834	0.5131	0.4969	0.01	0.0007	0.5106	0.001	0.0	0.5189	0.0011	0.0
5perc_5repeat	0.4	0.5985	0.5469	0.0541	0.0038	0.5985	0.2539	0.3565	0.5349	0.5242	0.0231	0.0016	0.6197	0.0027	0.0	0.5692	0.0029	0.0
70perc_10repeat	0.35	0.5244	0.5225	0.0511	0.0036	0.5244	0.7735	0.625	0.4978	0.4924	0.0113	0.0008	0.5156	0.0013	0.0	0.5376	0.0014	0.0
30perc_2repeat	0.4	0.5389	0.544	0.0499	0.0035	0.5389	0.2419	0.3339	0.532	0.5174	0.0196	0.0014	0.5687	0.0021	0.0	0.5278	0.002	0.0
15perc_5repeat	0.4	0.5884	0.5524	0.0506	0.0036	0.5884	0.2013	0.2999	0.5347	0.5232	0.0193	0.0014	0.591	0.002	0.0	0.5398	0.0022	0.0
80perc_10repeat	0.35	0.542	0.5316	0.0596	0.0042	0.542	0.7925	0.6437	0.4998	0.4864	0.0142	0.001	0.5333	0.0018	0.0	0.5671	0.0018	0.0
90perc_10repeat	0.35	0.5437	0.5326	0.0603	0.0043	0.5437	0.7913	0.6445	0.5014	0.4837	0.0181	0.0013	0.5611	0.0022	0.0	0.5965	0.0023	0.0
100perc_10repeat	0.35	0.5406	0.5306	0.0603	0.0043	0.5406	0.8216	0.6521	0.502	0.4775	0.0223	0.0016	0.5909	0.0029	0.0	0.639	0.0027	0.0
30perc_5repeat	0.4	0.5017	0.5414	0.0472	0.0033	0.5017	0.2016	0.2877	0.5299	0.5164	0.0163	0.0012	0.555	0.0018	0.0	0.5147	0.0017	0.0
5perc_10repeat	0.4	0.6272	0.5543	0.0566	0.004	0.6272	0.2459	0.3533	0.5392	0.5235	0.0226	0.0016	0.6201	0.0026	0.0	0.5681	0.0026	0.0
15perc_10repeat	0.4	0.5642	0.5476	0.0565	0.004	0.5642	0.2702	0.3654	0.5324	0.5189	0.0206	0.0015	0.5854	0.0023	0.0	0.5404	0.0024	0.0
40perc_5repeat	0.35	0.4811	0.5333	0.048	0.0034	0.4811	0.307	0.3748	0.5262	0.509	0.0149	0.0011	0.5344	0.0016	0.0	0.5108	0.0017	0.0
100perc_2repeat	0.4	0.5721	0.5958	0.0528	0.0037	0.5721	0.7932	0.6647	0.5855	0.4905	0.0083	0.0006	0.6078	0.002	0.0	0.6282	0.0024	0.0
90perc_5repeat	0.4	0.5499	0.5516	0.063	0.0045	0.5499	0.8127	0.656	0.5291	0.4858	0.014	0.001	0.5665	0.0018	0.0	0.5969	0.0021	0.0
5perc_2repeat	0.45	0.6777	0.5651	0.0554	0.0039	0.6777	0.222	0.3344	0.55	0.5252	0.0204	0.0014	0.6313	0.0022	0.0	0.5755	0.0023	0.0
15perc_2repeat	0.45	0.6505	0.5623	0.0582	0.0041	0.6505	0.232	0.3421	0.5501	0.5209	0.0207	0.0015	0.5987	0.0022	0.0	0.5517	0.0024	0.0
40perc_2repeat	0.45	0.538	0.546	0.0577	0.0041	0.538	0.3158	0.398	0.5319	0.5119	0.0187	0.0013	0.5556	0.0018	0.0	0.5257	0.0019	0.0
40perc_2repeat	0.4	0.507	0.5434	0.0522	0.0037	0.507	0.2905	0.3693	0.5381	0.5132	0.0191	0.0014	0.5553	0.0019	0.0	0.5234	0.002	0.0
50perc_2repeat	0.45	0.5833	0.5654	0.0571	0.004	0.5833	0.3424	0.4315	0.5541	0.5086	0.0158	0.0011	0.5497	0.0016	0.0	0.5273	0.0017	0.0
100perc_5repeat	0.4	0.5437	0.5573	0.0621	0.0044	0.5437	0.8292	0.6568	0.5327	0.4832	0.0172	0.0012	0.6004	0.0023	0.0	0.6357	0.0025	0.0
15perc_5repeat	0.45	0.6281	0.5616	0.0586	0.0041	0.6281	0.235	0.3421	0.5495	0.5182	0.018	0.0013	0.5899	0.0019	0.0	0.5447	0.0019	0.0
30perc_5repeat	0.45	0.5582	0.5464	0.0504	0.0036	0.5582	0.2048	0.2997	0.5352	0.5154	0.0142	0.001	0.5538	0.0016	0.0	0.5161	0.0016	0.0
50perc_2repeat	0.4	0.5472	0.5401	0.0482	0.0034	0.5472	0.312	0.3974	0.5296	0.5094	0.0169	0.0012	0.5525	0.0019	0.0	0.5261	0.0019	0.0
60perc_2repeat	0.45	0.6089	0.5584	0.06	0.0042	0.6089	0.4229	0.4991	0.5494	0.5054	0.0162	0.0011	0.5471	0.0016	0.0	0.536	0.0017	0.0
40perc_5repeat	0.45	0.5349	0.5413	0.05	0.0035	0.5349	0.2958	0.3809	0.5347	0.5088	0.0134	0.0009	0.5342	0.0014	0.0	0.5116	0.0013	0.0
60perc_2repeat	0.4	0.6006	0.5586	0.0597	0.0042	0.6006	0.4175	0.4926	0.5539	0.5046	0.0149	0.0011	0.548	0.0017	0.0	0.5366	0.0016	0.0
70perc_2repeat	0.45	0.6409	0.5853	0.0589	0.0042	0.6409	0.5141	0.5705	0.5925	0.5007	0.0128	0.0009	0.5539	0.0014	0.0	0.549	0.0014	0.0
80perc_5repeat	0.4	0.5651	0.5562	0.0612	0.0043	0.5651	0.7423	0.6417	0.5487	0.4924	0.0133	0.0009	0.5412	0.0015	0.0	0.5614	0.0017	0.0
40perc_5repeat	0.4	0.5317	0.5382	0.0466	0.0033	0.5317	0.3063	0.3887	0.5339	0.5085	0.0142	0.001	0.5345	0.0015	0.0	0.5125	0.0014	0.0
30perc_2repeat	0.45	0.5364	0.5507	0.0568	0.004	0.5364	0.2781	0.3663	0.5351	0.5162	0.0192	0.0014	0.5691	0.0021	0.0	0.5297	0.002	0.0
50perc_5repeat	0.45	0.5687	0.5428	0.0452	0.0032	0.5687	0.3155	0.4058	0.5378	0.5057	0.0127	0.0009	0.5276	0.0012	0.0	0.5107	0.0012	0.0
100perc_10repeat	0.4	0.545	0.5447	0.0641	0.0045	0.545	0.8164	0.6537	0.5123	0.4801	0.0193	0.0014	0.5934	0.0023	0.0	0.6358	0.0027	0.0
70perc_2repeat	0.4	0.6126	0.567	0.0583	0.0041	0.6126	0.531	0.5689	0.5626	0.5007	0.0136	0.001	0.5522	0.0017	0.0	0.5511	0.0017	0.0
5perc_10repeat	0.45	0.6759	0.5672	0.0574	0.0041	0.6759	0.2331	0.3467	0.5568	0.5243	0.0206	0.0015	0.624	0.0023	0.0	0.5714	0.0023	0.0
50perc_5repeat	0.4	0.5564	0.5345	0.0501	0.0035	0.5564	0.4426	0.493	0.5334	0.504	0.0121	0.0009	0.5238	0.0013	0.0	0.5169	0.0013	0.0
15perc_10repeat	0.45	0.6236	0.5514	0.0539	0.0038	0.6236	0.2188	0.324	0.5408	0.5194	0.0176	0.0012	0.585	0.002	0.0	0.5383	0.0019	0.0
30perc_10repeat	0.4	0.4899	0.5334	0.0443	0.0031	0.4899	0.2578	0.3378	0.5273	0.5129	0.0151	0.0011	0.5437	0.0016	0.0	0.5118	0.0017	0.0
60perc_5repeat	0.45	0.5882	0.5571	0.058	0.0041	0.5882	0.5479	0.5674	0.5537	0.4991	0.0103	0.0007	0.522	0.0011	0.0	0.524	0.0012	0.0
80perc_2repeat	0.4	0.6131	0.5896	0.0594	0.0042	0.6131	0.6362	0.6244	0.5967	0.4976	0.0112	0.0008	0.5627	0.0015	0.0	0.568	0.0017	0.0
60perc_5repeat	0.4	0.5794	0.5495	0.056	0.004	0.5794	0.5024	0.5382	0.5502	0.5003	0.0112	0.0008	0.5241	0.0013	0.0	0.5226	0.0012	0.0
30perc_10repeat	0.45	0.5368	0.543	0.0481	0.0034	0.5368	0.1935	0.2845	0.5363	0.5127	0.0129	0.0009	0.5436	0.0014	0.0	0.5107	0.0012	0.0
60perc_10repeat	0.4	0.5384	0.5296	0.0476	0.0034	0.5384	0.6066	0.5705	0.5277	0.4976	0.0096	0.0007	0.5112	0.001	0.0	0.5165	0.0009	0.0
90perc_2repeat	0.4	0.6016	0.6018	0.0581	0.0041	0.6016	0.7006	0.6473	0.6142	0.4945	0.0094	0.0007	0.5827	0.0018	0.0	0.5948	0.0021	0.0
80perc_2repeat	0.45	0.6336	0.6068	0.0579	0.0041	0.6336	0.5946	0.6135	0.6187	0.4989	0.0106	0.0008	0.567	0.0015	0.0	0.5703	0.0015	0.0
70perc_5repeat	0.45	0.5738	0.5689	0.0632	0.0045	0.5738	0.7192	0.6383	0.574	0.4946	0.0109	0.0008	0.5297	0.0011	0.0	0.5421	0.0012	0.0
40perc_10repeat	0.45	0.527	0.5329	0.0402	0.0028	0.527	0.2528	0.3417	0.5299	0.5079	0.011	0.0008	0.5243	0.0011	0.0	0.5033	0.0011	0.0
70perc_5repeat	0.4	0.5645	0.5487	0.0596	0.0042	0.5645	0.6985	0.6244	0.5466	0.4952	0.0121	0.0009	0.5288	0.0013	0.0	0.5423	0.0013	0.0
50perc_10repeat	0.45	0.5418	0.5348	0.0446	0.0032	0.5418	0.4211	0.4739	0.5333	0.5018	0.0088	0.0006	0.5137	0.0009	0.0	0.5076	0.001	0.0
5perc_5repeat	0.45	0.6615	0.5651	0.055	0.0039	0.6615	0.2284	0.3395	0.5572	0.5228	0.0218	0.0015	0.6234	0.0024	0.0	0.5689	0.0024	0.0
40perc_10repeat	0.4	0.5033	0.5299	0.042	0.003	0.5033	0.2824	0.3618	0.5249	0.5073	0.0113	0.0008	0.5246	0.0012	0.0	0.5046	0.0013	0.0
60perc_10repeat	0.45	0.554	0.5447	0.0533	0.0038	0.554	0.6132	0.5821	0.5445	0.4991	0.0081	0.0006	0.5127	0.0009	0.0	0.5169	0.0008	0.0
80perc_10repeat	0.4	0.5416	0.5436	0.0632	0.0045	0.5416	0.8215	0.6528	0.5158	0.4884	0.0127	0.0009	0.5344	0.0015	0.0	0.5613	0.0015	0.0
70perc_10repeat	0.45	0.546	0.5441	0.06	0.0042	0.546	0.7543	0.6335	0.527	0.4939	0.0106	0.0008	0.5177	0.0011	0.0	0.5359	0.0012	0.0
70perc_10repeat	0.4	0.547	0.5409	0.0561	0.004	0.547	0.7368	0.6279	0.532	0.4932	0.0106	0.0007	0.5191	0.0013	0.0	0.5362	0.0012	0.0
50perc_10repeat	0.4	0.5217	0.5277	0.0459	0.0032	0.5217	0.4482	0.4822	0.527	0.5028	0.0103	0.0007	0.5123	0.001	0.0	0.5074	0.001	0.0
90perc_10repeat	0.4	0.5304	0.535	0.0609	0.0043	0.5304	0.847	0.6523	0.5072	0.4812	0.0161	0.0011	0.5553	0.0021	0.0	0.5983	0.0019	0.0
90perc_2repeat	0.45	0.6115	0.6212	0.0506	0.0036	0.6115	0.7105	0.6573	0.6307	0.4952	0.0094	0.0007	0.5835	0.0016	0.0	0.5954	0.0018	0.0
5perc_2repeat	0.5	0.6701	0.5713	0.0576	0.0041	0.6701	0.2282	0.3405	0.5642	0.5262	0.0189	0.0013	0.6322	0.0021	0.0	0.5733	0.0023	0.0
100perc_2repeat	0.45	0.5956	0.6301	0.0451	0.0032	0.5956	0.771	0.6721	0.6343	0.4918	0.0078	0.0005	0.6092	0.0017	0.0	0.6263	0.0017	0.0
90perc_5repeat	0.45	0.5442	0.563	0.0619	0.0044	0.5442	0.8502	0.6636	0.5436	0.4853	0.0119	0.0008	0.5643	0.0015	0.0	0.5987	0.0017	0.0
80perc_5repeat	0.45	0.5626	0.5725	0.0653	0.0046	0.5626	0.7972	0.6597	0.5675	0.4901	0.0118	0.0008	0.5429	0.0013	0.0	0.5655	0.0014	0.0
5perc_5repeat	0.5	0.6908	0.5702	0.058	0.0041	0.6908	0.1955	0.3047	0.5585	0.5273	0.019	0.0013	0.6274	0.002	0.0	0.5664	0.0021	0.0
50perc_2repeat	0.5	0.6101	0.5644	0.0564	0.004	0.6101	0.3173	0.4175	0.5537	0.5088	0.0161	0.0011	0.5526	0.0014	0.0	0.5272	0.0016	0.0
80perc_10repeat	0.45	0.5327	0.5462	0.0663	0.0047	0.5327	0.8536	0.656	0.5172	0.4871	0.0123	0.0009	0.5318	0.0013	0.0	0.5652	0.0015	0.0
15perc_5repeat	0.5	0.6435	0.5647	0.0567	0.004	0.6435	0.2332	0.3424	0.5528	0.5194	0.0178	0.0013	0.5901	0.0019	0.0	0.542	0.0019	0.0
70perc_2repeat	0.5	0.6539	0.5958	0.0579	0.0041	0.6539	0.4981	0.5654	0.6003	0.5032	0.0132	0.0009	0.5554	0.0012	0.0	0.5493	0.0015	0.0
80perc_2repeat	0.5	0.631	0.6204	0.0511	0.0036	0.631	0.6441	0.6375	0.6254	0.4982	0.0105	0.0007	0.5646	0.0012	0.0	0.5693	0.0014	0.0
30perc_5repeat	0.5	0.5613	0.5559	0.0546	0.0039	0.5613	0.2479	0.3439	0.5387	0.5125	0.0129	0.0009	0.5502	0.0014	0.0	0.5179	0.0015	0.0
90perc_10repeat	0.45	0.5439	0.555	0.0652	0.0046	0.5439	0.8388	0.6599	0.5303	0.4838	0.0143	0.001	0.5593	0.0017	0.0	0.5973	0.0018	0.0
90perc_2repeat	0.5	0.6179	0.6368	0.0474	0.0033	0.6179	0.7347	0.6713	0.6512	0.4942	0.0088	0.0006	0.5818	0.0015	0.0	0.5953	0.0015	0.0
60perc_5repeat	0.5	0.5821	0.5639	0.0609	0.0043	0.5821	0.563	0.5724	0.5698	0.4997	0.0109	0.0008	0.5226	0.001	0.0	0.5247	0.0012	0.0
100perc_10repeat	0.45	0.5392	0.5576	0.0648	0.0046	0.5392	0.8602	0.6629	0.5324	0.4782	0.0166	0.0012	0.5932	0.0021	0.0	0.6402	0.0022	0.0
15perc_2repeat	0.6	0.7031	0.584	0.062	0.0044	0.7031	0.2304	0.3471	0.576	0.521	0.0157	0.0011	0.6004	0.0017	0.0	0.5479	0.0017	0.0
5perc_10repeat	0.5	0.7026	0.5793	0.0594	0.0042	0.7026	0.2568	0.3762	0.575	0.5226	0.0187	0.0013	0.6241	0.002	0.0	0.5738	0.0021	0.0
5perc_5repeat	0.6	0.748	0.5906	0.0547	0.0039	0.748	0.2354	0.3581	0.5835	0.5246	0.0139	0.001	0.6265	0.0016	0.0	0.5706	0.0016	0.0
90perc_5repeat	0.5	0.553	0.5799	0.0584	0.0041	0.553	0.8479	0.6694	0.575	0.4861	0.0116	0.0008	0.5647	0.0014	0.0	0.5976	0.0015	0.0
15perc_10repeat	0.5	0.6479	0.557	0.0535	0.0038	0.6479	0.185	0.2878	0.5439	0.5216	0.0168	0.0012	0.5899	0.0017	0.0	0.5369	0.0017	0.0
40perc_10repeat	0.5	0.5405	0.5371	0.0459	0.0032	0.5405	0.2694	0.3595	0.5312	0.5072	0.0094	0.0007	0.524	0.0011	0.0	0.5044	0.001	0.0
100perc_5repeat	0.5	0.5584	0.5872	0.0618	0.0044	0.5584	0.8428	0.6718	0.5755	0.4819	0.013	0.0009	0.5972	0.0019	0.0	0.6364	0.0018	0.0
50perc_10repeat	0.5	0.5576	0.541	0.0449	0.0032	0.5576	0.4184	0.4781	0.5366	0.5017	0.0078	0.0005	0.5136	0.0008	0.0	0.5072	0.0008	0.0
40perc_5repeat	0.5	0.5448	0.5455	0.0519	0.0037	0.5448	0.2606	0.3525	0.5313	0.5105	0.0121	0.0009	0.5364	0.0013	0.0	0.5098	0.0013	0.0
15perc_2repeat	0.5	0.6567	0.5684	0.0609	0.0043	0.6567	0.215	0.3239	0.5537	0.5224	0.0184	0.0013	0.6014	0.0018	0.0	0.5493	0.002	0.0
30perc_2repeat	0.5	0.5831	0.5534	0.0551	0.0039	0.5831	0.2392	0.3392	0.5392	0.5166	0.0179	0.0013	0.5712	0.0019	0.0	0.5287	0.0018	0.0
80perc_5repeat	0.5	0.5684	0.5868	0.0673	0.0048	0.5684	0.8055	0.6665	0.5902	0.4905	0.0111	0.0008	0.544	0.0013	0.0	0.5676	0.0013	0.0
90perc_10repeat	0.5	0.5491	0.5713	0.0654	0.0046	0.5491	0.8472	0.6664	0.5605	0.4827	0.0141	0.001	0.5595	0.0016	0.0	0.5959	0.0015	0.0
40perc_2repeat	0.5	0.6036	0.5567	0.0534	0.0038	0.6036	0.2343	0.3376	0.5461	0.514	0.0148	0.001	0.5588	0.0016	0.0	0.5242	0.0015	0.0
5perc_2repeat	0.6	0.7331	0.5958	0.0613	0.0043	0.7331	0.2646	0.3889	0.5985	0.525	0.0156	0.0011	0.6277	0.0016	0.0	0.575	0.0018	0.0
60perc_2repeat	0.5	0.6366	0.5784	0.0592	0.0042	0.6366	0.4269	0.5111	0.5746	0.505	0.0134	0.001	0.5467	0.0013	0.0	0.5344	0.0014	0.0
100perc_5repeat	0.45	0.5534	0.5735	0.0644	0.0046	0.5534	0.8321	0.6647	0.5541	0.4816	0.015	0.0011	0.5964	0.0022	0.0	0.634	0.0021	0.0
30perc_10repeat	0.5	0.5619	0.5535	0.0544	0.0039	0.5619	0.2537	0.3495	0.5418	0.511	0.0116	0.0008	0.5407	0.0012	0.0	0.513	0.0013	0.0
40perc_2repeat	0.6	0.6482	0.5865	0.0601	0.0042	0.6482	0.3003	0.4105	0.5814	0.5105	0.0136	0.001	0.5549	0.0013	0.0	0.5264	0.0014	0.0
100perc_2repeat	0.5	0.6097	0.648	0.0365	0.0026	0.6097	0.7625	0.6776	0.6572	0.4909	0.007	0.0005	0.6099	0.0015	0.0	0.6283	0.0015	0.0
50perc_5repeat	0.5	0.5752	0.557	0.0542	0.0038	0.5752	0.3211	0.4121	0.5453	0.5055	0.0114	0.0008	0.5276	0.0011	0.0	0.5111	0.0011	0.0
30perc_5repeat	0.6	0.6164	0.5571	0.0501	0.0035	0.6164	0.1869	0.2869	0.5485	0.5142	0.0111	0.0008	0.554	0.0011	0.0	0.5163	0.0012	0.0
70perc_5repeat	0.5	0.5758	0.5741	0.0607	0.0043	0.5758	0.7082	0.6352	0.5789	0.4957	0.0102	0.0007	0.5293	0.001	0.0	0.5408	0.0012	0.0
5perc_10repeat	0.6	0.7473	0.5888	0.0643	0.0046	0.7473	0.2402	0.3635	0.5804	0.526	0.0162	0.0011	0.624	0.0017	0.0	0.5675	0.0016	0.0
50perc_2repeat	0.6	0.6351	0.5839	0.0643	0.0045	0.6351	0.3586	0.4584	0.5795	0.5086	0.0145	0.001	0.5498	0.0013	0.0	0.5273	0.0013	0.0
100perc_10repeat	0.5	0.5403	0.5662	0.0629	0.0044	0.5403	0.8751	0.6681	0.5443	0.4767	0.0168	0.0012	0.5899	0.002	0.0	0.6409	0.0019	0.0
30perc_2repeat	0.6	0.673	0.5745	0.0566	0.004	0.673	0.231	0.344	0.5655	0.5167	0.0143	0.001	0.5727	0.0015	0.0	0.5303	0.0014	0.0
60perc_2repeat	0.6	0.6846	0.6015	0.0564	0.004	0.6846	0.4073	0.5108	0.6118	0.5062	0.0116	0.0008	0.5498	0.0011	0.0	0.5343	0.0012	0.0
40perc_5repeat	0.6	0.5999	0.5604	0.0564	0.004	0.5999	0.2603	0.3631	0.5515	0.5095	0.0101	0.0007	0.534	0.001	0.0	0.5102	0.001	0.0
70perc_2repeat	0.6	0.6684	0.621	0.054	0.0038	0.6684	0.5378	0.596	0.6326	0.5013	0.0105	0.0007	0.554	0.001	0.0	0.5496	0.0012	0.0
15perc_5repeat	0.6	0.6844	0.5804	0.0608	0.0043	0.6844	0.228	0.342	0.5727	0.5206	0.0156	0.0011	0.5918	0.0015	0.0	0.5421	0.0016	0.0
50perc_5repeat	0.6	0.6022	0.568	0.0555	0.0039	0.6022	0.3372	0.4323	0.56	0.5057	0.0099	0.0007	0.5277	0.001	0.0	0.5121	0.001	0.0
80perc_2repeat	0.6	0.6614	0.6497	0.0416	0.0029	0.6614	0.6205	0.6403	0.6552	0.4995	0.0098	0.0007	0.5662	0.0011	0.0	0.5676	0.0012	0.0
60perc_5repeat	0.6	0.6205	0.5875	0.0592	0.0042	0.6205	0.5622	0.5899	0.5964	0.5	0.0093	0.0007	0.5235	0.0008	0.0	0.5228	0.0009	0.0
90perc_2repeat	0.6	0.6306	0.6614	0.0315	0.0022	0.6306	0.7308	0.677	0.666	0.4935	0.0076	0.0005	0.5844	0.0011	0.0	0.5982	0.0012	0.0
5perc_2repeat	0.7	0.7512	0.6083	0.0626	0.0044	0.7512	0.2829	0.411	0.6147	0.5262	0.0138	0.001	0.6305	0.0015	0.0	0.573	0.0013	0.0
60perc_10repeat	0.5	0.5489	0.5451	0.0568	0.004	0.5489	0.6724	0.6044	0.5441	0.4971	0.0082	0.0006	0.511	0.0008	0.0	0.5191	0.0009	0.0
70perc_10repeat	0.5	0.5437	0.5536	0.0647	0.0046	0.5437	0.8083	0.6501	0.5379	0.492	0.0089	0.0006	0.5168	0.0009	0.0	0.5365	0.001	0.0
30perc_10repeat	0.6	0.6008	0.5599	0.0545	0.0039	0.6008	0.1726	0.2682	0.5512	0.5129	0.0096	0.0007	0.5439	0.001	0.0	0.5094	0.001	0.0
70perc_5repeat	0.6	0.5891	0.6007	0.0642	0.0045	0.5891	0.7504	0.66	0.62	0.4951	0.0089	0.0006	0.5283	0.0009	0.0	0.5403	0.0009	0.0
80perc_10repeat	0.5	0.5417	0.5555	0.0673	0.0048	0.5417	0.8431	0.6596	0.5266	0.4878	0.0118	0.0008	0.533	0.0013	0.0	0.5643	0.0014	0.0
100perc_2repeat	0.6	0.6308	0.6745	0.0236	0.0017	0.6308	0.7615	0.69	0.6765	0.4908	0.0054	0.0004	0.6076	0.0011	0.0	0.6266	0.0012	0.0
80perc_5repeat	0.6	0.5754	0.6051	0.0639	0.0045	0.5754	0.8053	0.6712	0.6152	0.4912	0.0095	0.0007	0.5426	0.001	0.0	0.5639	0.0012	0.0
90perc_5repeat	0.6	0.5758	0.6175	0.0545	0.0039	0.5758	0.8423	0.684	0.6214	0.4858	0.0096	0.0007	0.5649	0.0011	0.0	0.5965	0.0013	0.0
50perc_10repeat	0.6	0.5659	0.5473	0.05	0.0035	0.5659	0.4576	0.506	0.5449	0.5018	0.0079	0.0006	0.5125	0.0007	0.0	0.5075	0.0007	0.0
15perc_10repeat	0.6	0.702	0.5763	0.0616	0.0044	0.702	0.221	0.3361	0.5665	0.52	0.0129	0.0009	0.5852	0.0014	0.0	0.5383	0.0014	0.0
100perc_5repeat	0.6	0.5802	0.6264	0.0499	0.0035	0.5802	0.8346	0.6845	0.6268	0.4818	0.0115	0.0008	0.5984	0.0014	0.0	0.6362	0.0017	0.0
60perc_10repeat	0.6	0.5704	0.5655	0.059	0.0042	0.5704	0.6712	0.6167	0.5748	0.4974	0.0072	0.0005	0.5121	0.0007	0.0	0.5181	0.0007	0.0
70perc_10repeat	0.6	0.5573	0.5718	0.0675	0.0048	0.5573	0.8158	0.6622	0.5656	0.4925	0.0079	0.0006	0.5185	0.0009	0.0	0.5376	0.0009	0.0
15perc_2repeat	0.7	0.7548	0.5999	0.0674	0.0048	0.7548	0.2563	0.3826	0.6047	0.5228	0.0129	0.0009	0.6	0.0014	0.0	0.5488	0.0013	0.0
80perc_10repeat	0.6	0.5506	0.5787	0.0658	0.0047	0.5506	0.8498	0.6682	0.5686	0.4885	0.0097	0.0007	0.5336	0.001	0.0	0.5622	0.001	0.0
15perc_5repeat	0.7	0.7374	0.5914	0.0655	0.0046	0.7374	0.2382	0.36	0.5895	0.5208	0.0124	0.0009	0.5913	0.0012	0.0	0.5417	0.0012	0.0
5perc_5repeat	0.7	0.7454	0.6075	0.0633	0.0045	0.7454	0.2935	0.4212	0.6061	0.5247	0.0135	0.001	0.6258	0.0014	0.0	0.5718	0.0014	0.0
90perc_10repeat	0.6	0.5506	0.5886	0.0603	0.0043	0.5506	0.8754	0.676	0.5771	0.4818	0.0117	0.0008	0.557	0.0011	0.0	0.5977	0.0013	0.0
30perc_2repeat	0.7	0.707	0.588	0.0656	0.0046	0.707	0.2396	0.3579	0.5865	0.5171	0.013	0.0009	0.5723	0.0012	0.0	0.5301	0.0012	0.0
80perc_2repeat	0.7	0.665	0.6655	0.0361	0.0025	0.665	0.6495	0.6571	0.6697	0.4986	0.009	0.0006	0.5687	0.001	0.0	0.5715	0.001	0.0
40perc_2repeat	0.7	0.6903	0.5871	0.0674	0.0048	0.6903	0.283	0.4014	0.586	0.5139	0.0123	0.0009	0.5597	0.0012	0.0	0.5258	0.0012	0.0
100perc_10repeat	0.6	0.5604	0.6027	0.0542	0.0038	0.5604	0.8582	0.678	0.5985	0.4779	0.0139	0.001	0.5942	0.0016	0.0	0.641	0.0016	0.0
70perc_2repeat	0.7	0.6807	0.6389	0.0546	0.0039	0.6807	0.5727	0.622	0.6508	0.5012	0.011	0.0008	0.5537	0.001	0.0	0.5506	0.0011	0.0
40perc_5repeat	0.7	0.6107	0.5761	0.0632	0.0045	0.6107	0.26	0.3648	0.5668	0.509	0.0104	0.0007	0.5356	0.001	0.0	0.5101	0.001	0.0
90perc_2repeat	0.7	0.6446	0.675	0.0286	0.002	0.6446	0.7176	0.6791	0.676	0.4943	0.0076	0.0005	0.5837	0.0009	0.0	0.5954	0.001	0.0
15perc_10repeat	0.7	0.7399	0.5834	0.0628	0.0044	0.7399	0.2148	0.333	0.5783	0.5207	0.0112	0.0008	0.5866	0.0011	0.0	0.5372	0.0011	0.0
50perc_2repeat	0.7	0.6867	0.6005	0.0637	0.0045	0.6867	0.3686	0.4797	0.6119	0.5085	0.0121	0.0009	0.5505	0.0012	0.0	0.5282	0.0011	0.0
100perc_2repeat	0.7	0.6424	0.6829	0.027	0.0019	0.6424	0.7499	0.692	0.6838	0.4907	0.0042	0.0003	0.608	0.0009	0.0	0.6275	0.001	0.0
40perc_10repeat	0.6	0.5725	0.5538	0.0533	0.0038	0.5725	0.2679	0.365	0.5444	0.5078	0.009	0.0006	0.5242	0.0009	0.0	0.5048	0.0009	0.0
60perc_5repeat	0.7	0.6264	0.5977	0.0631	0.0045	0.6264	0.5818	0.6033	0.6052	0.4994	0.0092	0.0007	0.5229	0.0008	0.0	0.5226	0.0009	0.0
60perc_2repeat	0.7	0.6943	0.6157	0.0602	0.0043	0.6943	0.4363	0.5359	0.6274	0.5056	0.011	0.0008	0.548	0.001	0.0	0.5335	0.0011	0.0
80perc_5repeat	0.7	0.584	0.6238	0.0543	0.0038	0.584	0.8224	0.683	0.6302	0.4904	0.009	0.0006	0.5431	0.0008	0.0	0.5672	0.001	0.0
30perc_2repeat	0.8	0.7166	0.6002	0.0681	0.0048	0.7166	0.2759	0.3984	0.6065	0.5164	0.0119	0.0008	0.5723	0.0011	0.0	0.531	0.0011	0.0
30perc_5repeat	0.7	0.6342	0.5815	0.0644	0.0046	0.6342	0.2467	0.3552	0.584	0.5132	0.011	0.0008	0.5508	0.001	0.0	0.5179	0.0012	0.0
5perc_5repeat	0.8	0.7586	0.6219	0.0594	0.0042	0.7586	0.3268	0.4568	0.6272	0.5258	0.0102	0.0007	0.6272	0.0011	0.0	0.5711	0.0009	0.0
40perc_10repeat	0.7	0.6126	0.5664	0.0542	0.0038	0.6126	0.2509	0.356	0.5644	0.507	0.0071	0.0005	0.5244	0.0007	0.0	0.5054	0.0007	0.0
15perc_5repeat	0.8	0.7601	0.6071	0.0667	0.0047	0.7601	0.2707	0.3993	0.6106	0.5198	0.0094	0.0007	0.5913	0.001	0.0	0.5419	0.001	0.0
5perc_2repeat	0.8	0.7575	0.6292	0.0601	0.0042	0.7575	0.3358	0.4653	0.6354	0.526	0.0101	0.0007	0.6305	0.001	0.0	0.574	0.0011	0.0
90perc_5repeat	0.7	0.5886	0.641	0.0446	0.0032	0.5886	0.8255	0.6872	0.6477	0.4869	0.0085	0.0006	0.5668	0.001	0.0	0.5971	0.001	0.0
40perc_2repeat	0.8	0.7192	0.5977	0.0661	0.0047	0.7192	0.2761	0.399	0.6068	0.5134	0.0107	0.0008	0.5596	0.0009	0.0	0.5248	0.0011	0.0
15perc_2repeat	0.8	0.7717	0.6113	0.0642	0.0045	0.7717	0.29	0.4216	0.6195	0.5232	0.0112	0.0008	0.6032	0.0011	0.0	0.5499	0.001	0.0
50perc_10repeat	0.7	0.5736	0.5578	0.0591	0.0042	0.5736	0.4398	0.4979	0.5563	0.502	0.0075	0.0005	0.5134	0.0007	0.0	0.5078	0.0007	0.0
100perc_5repeat	0.7	0.5944	0.6495	0.0339	0.0024	0.5944	0.8195	0.689	0.6508	0.4823	0.0094	0.0007	0.599	0.0011	0.0	0.6369	0.0011	0.0
60perc_10repeat	0.7	0.5816	0.58	0.0586	0.0041	0.5816	0.6878	0.6303	0.5865	0.4973	0.0067	0.0005	0.5114	0.0006	0.0	0.5177	0.0007	0.0
50perc_5repeat	0.7	0.6154	0.5782	0.0646	0.0046	0.6154	0.4056	0.489	0.5699	0.5044	0.0091	0.0006	0.5246	0.0008	0.0	0.5133	0.0009	0.0
30perc_5repeat	0.8	0.7037	0.5896	0.069	0.0049	0.7037	0.2398	0.3577	0.5893	0.5135	0.0088	0.0006	0.5514	0.0009	0.0	0.5178	0.0008	0.0
70perc_10repeat	0.7	0.557	0.5835	0.0673	0.0048	0.557	0.8504	0.6731	0.5755	0.4923	0.0071	0.0005	0.5165	0.0006	0.0	0.5371	0.0007	0.0
40perc_5repeat	0.8	0.6659	0.5841	0.0689	0.0049	0.6659	0.2636	0.3777	0.5816	0.5091	0.0084	0.0006	0.5355	0.0008	0.0	0.5116	0.0008	0.0
70perc_2repeat	0.8	0.679	0.6606	0.046	0.0033	0.679	0.5979	0.6358	0.6655	0.5005	0.0099	0.0007	0.5535	0.0008	0.0	0.5506	0.0009	0.0
70perc_5repeat	0.7	0.6175	0.6298	0.0571	0.004	0.6175	0.7208	0.6652	0.642	0.4961	0.0085	0.0006	0.5297	0.0008	0.0	0.5387	0.0008	0.0
5perc_10repeat	0.7	0.7566	0.6036	0.0646	0.0046	0.7566	0.2699	0.3979	0.6013	0.5257	0.0126	0.0009	0.6256	0.0014	0.0	0.5666	0.0013	0.0
5perc_2repeat	0.9	0.7705	0.6499	0.0713	0.005	0.7705	0.3828	0.5115	0.6577	0.5259	0.007	0.0005	0.6307	0.0008	0.0	0.574	0.0008	0.0
60perc_2repeat	0.8	0.703	0.6374	0.0539	0.0038	0.703	0.4792	0.5699	0.6444	0.5052	0.0102	0.0007	0.5489	0.0009	0.0	0.5363	0.0009	0.0
5perc_10repeat	0.8	0.764	0.6241	0.0575	0.0041	0.764	0.3208	0.4519	0.6213	0.5248	0.0092	0.0007	0.6258	0.0009	0.0	0.5691	0.001	0.0
90perc_10repeat	0.7	0.5638	0.6139	0.0506	0.0036	0.5638	0.8564	0.68	0.6118	0.4831	0.0097	0.0007	0.5592	0.001	0.0	0.5986	0.001	0.0
15perc_2repeat	0.9	0.7614	0.6269	0.0711	0.005	0.7614	0.3328	0.4632	0.6328	0.522	0.0085	0.0006	0.6031	0.0008	0.0	0.5516	0.0008	0.0
90perc_2repeat	0.8	0.6588	0.6871	0.0353	0.0025	0.6588	0.7148	0.6857	0.6875	0.4948	0.0069	0.0005	0.5839	0.0007	0.0	0.5954	0.0008	0.0
50perc_5repeat	0.8	0.6439	0.5896	0.0659	0.0047	0.6439	0.3838	0.4809	0.5899	0.5042	0.0084	0.0006	0.5251	0.0008	0.0	0.513	0.0008	0.0
50perc_2repeat	0.8	0.6947	0.6245	0.0632	0.0045	0.6947	0.4094	0.5152	0.6354	0.5078	0.0107	0.0008	0.5488	0.001	0.0	0.5288	0.001	0.0
30perc_10repeat	0.7	0.6563	0.5637	0.059	0.0042	0.6563	0.1713	0.2717	0.5563	0.5132	0.0084	0.0006	0.5449	0.0009	0.0	0.5108	0.0008	0.0
60perc_5repeat	0.8	0.6516	0.6253	0.0648	0.0046	0.6516	0.5897	0.6191	0.6411	0.5007	0.0081	0.0006	0.5234	0.0007	0.0	0.523	0.0007	0.0
80perc_2repeat	0.8	0.6607	0.6759	0.0388	0.0027	0.6607	0.6726	0.6666	0.6769	0.4982	0.0086	0.0006	0.5658	0.0009	0.0	0.5705	0.0008	0.0
15perc_10repeat	0.8	0.7615	0.6157	0.0637	0.0045	0.7615	0.2825	0.4121	0.6236	0.5188	0.008	0.0006	0.5855	0.0008	0.0	0.5402	0.0008	0.0
50perc_2repeat	0.9	0.7135	0.6304	0.0757	0.0054	0.7135	0.3986	0.5115	0.6341	0.5096	0.0106	0.0008	0.5507	0.0009	0.0	0.5278	0.0009	0.0
5perc_5repeat	0.9	0.7727	0.6396	0.0679	0.0048	0.7727	0.3656	0.4964	0.641	0.5256	0.0065	0.0005	0.6275	0.0007	0.0	0.571	0.0007	0.0
60perc_2repeat	0.9	0.7149	0.646	0.0678	0.0048	0.7149	0.4757	0.5713	0.643	0.5066	0.0102	0.0007	0.55	0.0009	0.0	0.5343	0.0009	0.0
80perc_5repeat	0.8	0.6065	0.6507	0.0486	0.0034	0.6065	0.7944	0.6878	0.6576	0.4912	0.0078	0.0006	0.5436	0.0008	0.0	0.5645	0.0008	0.0
40perc_10repeat	0.8	0.6196	0.5631	0.0623	0.0044	0.6196	0.2128	0.3167	0.555	0.508	0.0066	0.0005	0.5254	0.0007	0.0	0.504	0.0006	0.0
30perc_2repeat	0.9	0.7489	0.618	0.0752	0.0053	0.7489	0.302	0.4304	0.6236	0.5172	0.0092	0.0007	0.5718	0.0009	0.0	0.53	0.0009	0.0
15perc_5repeat	0.9	0.7673	0.6248	0.0839	0.0059	0.7673	0.3122	0.4438	0.6262	0.5204	0.0078	0.0006	0.5917	0.0007	0.0	0.5419	0.0007	0.0
40perc_2repeat	0.9	0.7215	0.6139	0.0743	0.0053	0.7215	0.3127	0.4363	0.618	0.5129	0.0098	0.0007	0.5582	0.0008	0.0	0.5255	0.0009	0.0
30perc_5repeat	0.9	0.7238	0.6013	0.0816	0.0058	0.7238	0.2544	0.3765	0.6039	0.5134	0.0079	0.0006	0.5518	0.0007	0.0	0.5173	0.0007	0.0
40perc_5repeat	0.9	0.6499	0.5914	0.0749	0.0053	0.6499	0.2646	0.3761	0.5974	0.5095	0.0079	0.0006	0.5355	0.0007	0.0	0.5111	0.0007	0.0
100perc_2repeat	0.8	0.648	0.6879	0.0339	0.0024	0.648	0.7433	0.6924	0.6878	0.4908	0.0034	0.0002	0.6089	0.0007	0.0	0.628	0.0007	0.0
100perc_5repeat	0.8	0.6168	0.6714	0.036	0.0025	0.6168	0.808	0.6996	0.6706	0.4814	0.0069	0.0005	0.5983	0.0009	0.0	0.6375	0.0008	0.0
80perc_2repeat	0.9	0.6702	0.6772	0.0527	0.0037	0.6702	0.6672	0.6687	0.6761	0.4978	0.0084	0.0006	0.5659	0.0007	0.0	0.5695	0.0008	0.0
50perc_10repeat	0.8	0.5983	0.5779	0.0596	0.0042	0.5983	0.46	0.5201	0.5797	0.502	0.0067	0.0005	0.5131	0.0006	0.0	0.5078	0.0006	0.0
90perc_2repeat	0.9	0.6563	0.6853	0.0578	0.0041	0.6563	0.7127	0.6833	0.6879	0.4946	0.0057	0.0004	0.5836	0.0006	0.0	0.5969	0.0006	0.0
80perc_10repeat	0.7	0.5557	0.5956	0.0553	0.0039	0.5557	0.8765	0.6802	0.5914	0.4865	0.0085	0.0006	0.5326	0.0009	0.0	0.5654	0.0009	0.0
70perc_5repeat	0.8	0.6002	0.6314	0.057	0.004	0.6002	0.7606	0.6709	0.6411	0.4949	0.0078	0.0005	0.5278	0.0007	0.0	0.541	0.0008	0.0
70perc_10repeat	0.8	0.5689	0.6056	0.0667	0.0047	0.5689	0.8338	0.6764	0.6101	0.4932	0.0068	0.0005	0.5179	0.0006	0.0	0.5363	0.0006	0.0
60perc_5repeat	0.9	0.6466	0.6366	0.0678	0.0048	0.6466	0.6466	0.6466	0.6472	0.4997	0.0077	0.0005	0.522	0.0007	0.0	0.5243	0.0007	0.0
70perc_2repeat	0.9	0.6971	0.6659	0.0561	0.004	0.6971	0.5862	0.6369	0.6636	0.5026	0.0103	0.0007	0.5553	0.0009	0.0	0.5486	0.0009	0.0
80perc_10repeat	0.8	0.5684	0.6184	0.0484	0.0034	0.5684	0.8694	0.6874	0.619	0.4871	0.0069	0.0005	0.5326	0.0007	0.0	0.5644	0.0007	0.0
100perc_10repeat	0.7	0.5777	0.6317	0.0391	0.0028	0.5777	0.8516	0.6884	0.6303	0.4775	0.0106	0.0008	0.5926	0.0012	0.0	0.6403	0.0012	0.0
80perc_5repeat	0.9	0.6156	0.664	0.0534	0.0038	0.6156	0.7883	0.6913	0.6639	0.4915	0.0068	0.0005	0.5449	0.0007	0.0	0.566	0.0006	0.0
90perc_5repeat	0.8	0.5998	0.6547	0.0361	0.0025	0.5998	0.8218	0.6935	0.6554	0.4858	0.0077	0.0005	0.566	0.0008	0.0	0.5991	0.0008	0.0
100perc_2repeat	0.9	0.6471	0.6875	0.0565	0.004	0.6471	0.7347	0.6882	0.6836	0.491	0.0024	0.0002	0.6094	0.0005	0.0	0.6282	0.0005	0.0
90perc_10repeat	0.8	0.5805	0.6373	0.0415	0.0029	0.5805	0.8518	0.6904	0.6376	0.4827	0.0069	0.0005	0.5579	0.0007	0.0	0.5985	0.0008	0.0
90perc_5repeat	0.9	0.6155	0.6679	0.052	0.0037	0.6155	0.802	0.6965	0.6708	0.486	0.0062	0.0004	0.5666	0.0006	0.0	0.5992	0.0006	0.0
15perc_10repeat	0.9	0.752	0.6243	0.078	0.0055	0.752	0.3021	0.4311	0.623	0.5195	0.0061	0.0004	0.5861	0.0006	0.0	0.5388	0.0006	0.0
30perc_10repeat	0.9	0.6763	0.5731	0.0753	0.0053	0.6763	0.1819	0.2867	0.5731	0.5137	0.0066	0.0005	0.5454	0.0006	0.0	0.5104	0.0006	0.0
30perc_10repeat	0.8	0.6702	0.5798	0.0653	0.0046	0.6702	0.2023	0.3108	0.5737	0.5121	0.0076	0.0005	0.5428	0.0007	0.0	0.5113	0.0007	0.0
40perc_10repeat	0.9	0.6048	0.5788	0.0775	0.0055	0.6048	0.2312	0.3345	0.579	0.5071	0.0062	0.0004	0.5254	0.0006	0.0	0.5048	0.0006	0.0
50perc_5repeat	0.9	0.6647	0.613	0.0766	0.0054	0.6647	0.4294	0.5217	0.6207	0.5038	0.0073	0.0005	0.5242	0.0007	0.0	0.5141	0.0006	0.0
50perc_10repeat	0.9	0.6224	0.5854	0.0715	0.0051	0.6224	0.4499	0.5222	0.597	0.502	0.0058	0.0004	0.5135	0.0005	0.0	0.5078	0.0005	0.0
70perc_5repeat	0.9	0.6331	0.6602	0.0561	0.004	0.6331	0.7528	0.6878	0.6643	0.4959	0.007	0.0005	0.5297	0.0006	0.0	0.5412	0.0007	0.0
60perc_10repeat	0.8	0.5983	0.5878	0.07	0.0049	0.5983	0.6759	0.6347	0.5933	0.4979	0.0068	0.0005	0.5121	0.0006	0.0	0.5179	0.0006	0.0
60perc_10repeat	0.9	0.6024	0.6147	0.0665	0.0047	0.6024	0.6906	0.6435	0.622	0.4979	0.0061	0.0004	0.5124	0.0005	0.0	0.518	0.0005	0.0
100perc_5repeat	0.9	0.6221	0.6744	0.0515	0.0036	0.6221	0.7922	0.6969	0.6672	0.4816	0.0043	0.0003	0.599	0.0005	0.0	0.6379	0.0005	0.0
80perc_10repeat	0.9	0.5893	0.6411	0.052	0.0037	0.5893	0.8593	0.6991	0.6407	0.4871	0.0054	0.0004	0.5327	0.0006	0.0	0.565	0.0005	0.0
90perc_10repeat	0.9	0.601	0.6602	0.0523	0.0037	0.601	0.8334	0.6984	0.6679	0.4825	0.0058	0.0004	0.5592	0.0006	0.0	0.5994	0.0006	0.0
100perc_10repeat	0.9	0.6134	0.6742	0.0509	0.0036	0.6134	0.8089	0.6977	0.6751	0.4781	0.0056	0.0004	0.5944	0.0006	0.0	0.6403	0.0006	0.0
5perc_10repeat	0.9	0.769	0.6442	0.0661	0.0047	0.769	0.3721	0.5015	0.6554	0.525	0.0066	0.0005	0.6245	0.0006	0.0	0.5685	0.0007	0.0
100perc_10repeat	0.8	0.5998	0.658	0.0353	0.0025	0.5998	0.8327	0.6973	0.6592	0.4774	0.0082	0.0006	0.5933	0.0009	0.0	0.6413	0.0009	0.0
70perc_10repeat	0.9	0.5651	0.6141	0.0769	0.0054	0.5651	0.8561	0.6808	0.623	0.4924	0.0056	0.0004	0.5171	0.0005	0.0	0.5378	0.0005	0.0
