Label	trainingSize	Accuracy_Mean	Accuracy_SD	Accuracy_SE	Precision_Mean	Recall_Mean	F1	Accuracy_Median	PriorClass0_Mean	PriorClass0_SD	PriorClass0_SE	ProbabilityEstimate_0given0_Mean 	ProbabilityEstimate_0given0_SD 	ProbabilityEstimate_0given0_SE 	ProbabilityEstimate_0given1_Mean	ProbabilityEstimate_0given1_SD	ProbabilityEstimate_0given1_SE


original	0.9	0.2403	0.0416	0.0029	0.7748	0.4117	0.5377	0.2364	0.5277	0.0063	0.0004	0.6458	0.0006	0.0	0.4129	0.0007	0.0
original	0.8	0.2568	0.0479	0.0034	0.7611	0.3559	0.485	0.2499	0.5269	0.0103	0.0007	0.6453	0.0011	0.0	0.4128	0.001	0.0
original	0.7	0.2774	0.0535	0.0038	0.7494	0.3037	0.4323	0.2735	0.5273	0.0137	0.001	0.6474	0.0013	0.0	0.4125	0.0015	0.0
original	0.6	0.2914	0.0525	0.0037	0.7494	0.2718	0.3989	0.2878	0.527	0.0153	0.0011	0.6449	0.0017	0.0	0.4093	0.0017	0.0
original	0.5	0.3143	0.0697	0.0049	0.7058	0.2396	0.3577	0.3173	0.5278	0.0215	0.0015	0.6472	0.0021	0.0	0.411	0.0023	0.0
original	0.45	0.332	0.0685	0.0048	0.6687	0.2325	0.345	0.3376	0.5286	0.0222	0.0016	0.6436	0.0026	0.0	0.4154	0.0028	0.0
original	0.4	0.3455	0.0627	0.0044	0.6504	0.2259	0.3353	0.3569	0.5267	0.0244	0.0017	0.6425	0.0027	0.0	0.4142	0.0028	0.0
original	0.1	0.4209	0.0641	0.0045	0.314	0.2969	0.3052	0.4364	0.5322	0.0604	0.0043	0.618	0.0108	0.0	0.4534	0.0105	0.0
original	0.35	0.3527	0.0672	0.0047	0.607	0.2761	0.3795	0.366	0.5218	0.0295	0.0021	0.6396	0.0029	0.0	0.4078	0.0032	0.0
original	0.3	0.3751	0.0636	0.0045	0.5453	0.278	0.3682	0.3845	0.5269	0.0316	0.0022	0.6344	0.0038	0.0	0.4205	0.0038	0.0
original	0.25	0.3915	0.0605	0.0043	0.5205	0.2552	0.3425	0.4022	0.5286	0.0346	0.0024	0.6422	0.0043	0.0	0.4183	0.0042	0.0
original	0.2	0.3961	0.0599	0.0042	0.4416	0.21	0.2846	0.4128	0.5328	0.0384	0.0027	0.6348	0.0053	0.0	0.4326	0.0057	0.0
original	0.05	0.4211	0.0713	0.005	0.3422	0.4001	0.3689	0.4472	0.5271	0.0816	0.0058	0.581	0.014	0.0	0.4738	0.0142	0.0



15perc_2repeat	0.9	0.2396	0.0433	0.0031	0.7844	0.3366	0.471	0.2362	0.5225	0.008	0.0006	0.6028	0.0008	0.0	0.4487	0.0008	0.0
15perc_5repeat	0.9	0.2416	0.0408	0.0029	0.7717	0.3164	0.4488	0.2378	0.5201	0.0075	0.0005	0.5925	0.0007	0.0	0.4568	0.0007	0.0
5perc_2repeat	0.9	0.2443	0.0472	0.0033	0.7487	0.3773	0.5017	0.2411	0.5253	0.0077	0.0005	0.6317	0.0008	0.0	0.4252	0.0008	0.0
5perc_5repeat	0.9	0.2435	0.0451	0.0032	0.7655	0.3754	0.5037	0.2385	0.5252	0.0074	0.0005	0.6266	0.0007	0.0	0.4288	0.0007	0.0
5perc_2repeat	0.8	0.2597	0.0513	0.0036	0.7613	0.3372	0.4674	0.2514	0.5255	0.0114	0.0008	0.6312	0.0011	0.0	0.4262	0.0011	0.0
5perc_5repeat	0.8	0.2585	0.0472	0.0033	0.7709	0.3161	0.4484	0.2522	0.5258	0.01	0.0007	0.6258	0.001	0.0	0.4316	0.001	0.0
15perc_2repeat	0.8	0.255	0.0448	0.0032	0.7612	0.2869	0.4167	0.2504	0.5222	0.0108	0.0008	0.6026	0.001	0.0	0.45	0.001	0.0
15perc_5repeat	0.8	0.2536	0.0495	0.0035	0.7495	0.2816	0.4093	0.2416	0.52	0.0104	0.0007	0.5915	0.001	0.0	0.4574	0.0011	0.0
5perc_2repeat	0.7	0.2731	0.0562	0.004	0.7517	0.2906	0.4191	0.2665	0.5252	0.0137	0.001	0.6288	0.0014	0.0	0.4276	0.0016	0.0
5perc_5repeat	0.7	0.2716	0.0533	0.0038	0.7552	0.2858	0.4147	0.2619	0.5244	0.0126	0.0009	0.6274	0.0014	0.0	0.428	0.0013	0.0
15perc_2repeat	0.7	0.2726	0.0531	0.0038	0.7253	0.2516	0.3736	0.267	0.5226	0.0145	0.001	0.6038	0.0014	0.0	0.4504	0.0014	0.0
15perc_5repeat	0.7	0.2639	0.0473	0.0033	0.747	0.2389	0.362	0.2581	0.5207	0.0116	0.0008	0.5908	0.0011	0.0	0.4585	0.0011	0.0
5perc_2repeat	0.6	0.2896	0.0624	0.0044	0.718	0.2629	0.3848	0.2843	0.5251	0.0162	0.0011	0.6284	0.0018	0.0	0.4264	0.0017	0.0
5perc_5repeat	0.6	0.2948	0.0591	0.0042	0.7293	0.2315	0.3515	0.2882	0.5261	0.0159	0.0011	0.6291	0.0016	0.0	0.4303	0.0017	0.0
15perc_2repeat	0.6	0.2782	0.0544	0.0038	0.7082	0.243	0.3618	0.2724	0.5216	0.0149	0.0011	0.6015	0.0016	0.0	0.4473	0.0017	0.0
15perc_5repeat	0.6	0.2878	0.0568	0.004	0.691	0.2087	0.3206	0.2838	0.5225	0.0147	0.001	0.5944	0.0016	0.0	0.4588	0.0015	0.0
5perc_2repeat	0.5	0.3102	0.0624	0.0044	0.6776	0.2307	0.3442	0.3082	0.5234	0.0201	0.0014	0.6267	0.002	0.0	0.4287	0.0024	0.0
5perc_5repeat	0.5	0.3172	0.0613	0.0043	0.7158	0.2077	0.322	0.3245	0.5253	0.0192	0.0014	0.6277	0.002	0.0	0.4303	0.002	0.0
15perc_2repeat	0.5	0.2971	0.0583	0.0041	0.659	0.2332	0.3445	0.2956	0.5198	0.0185	0.0013	0.6009	0.0019	0.0	0.447	0.002	0.0
15perc_5repeat	0.5	0.2921	0.0586	0.0041	0.6596	0.21	0.3186	0.2871	0.5209	0.0159	0.0011	0.5909	0.0018	0.0	0.4583	0.0019	0.0
5perc_2repeat	0.45	0.3237	0.0672	0.0047	0.6665	0.2373	0.35	0.3283	0.5247	0.0207	0.0015	0.6273	0.0024	0.0	0.4244	0.0024	0.0
5perc_5repeat	0.45	0.3264	0.0648	0.0046	0.6608	0.2471	0.3597	0.3288	0.5255	0.0221	0.0016	0.6266	0.0024	0.0	0.4282	0.0025	0.0
15perc_2repeat	0.45	0.3076	0.0668	0.0047	0.6009	0.2307	0.3334	0.3006	0.5215	0.0204	0.0014	0.6003	0.0022	0.0	0.4512	0.0025	0.0
15perc_5repeat	0.45	0.3041	0.0641	0.0045	0.6012	0.2313	0.3341	0.3066	0.5203	0.0196	0.0014	0.5922	0.002	0.0	0.4568	0.0022	0.0
15perc_2repeat	0.05	0.4258	0.0725	0.0051	0.3007	0.4356	0.3558	0.4511	0.5231	0.0863	0.0061	0.5307	0.0174	0.0	0.5174	0.016	0.0
15perc_5repeat	0.05	0.4065	0.0799	0.0057	0.3017	0.4313	0.3551	0.4348	0.5182	0.0672	0.0048	0.5407	0.0143	0.0	0.4974	0.0137	0.0
5perc_2repeat	0.4	0.344	0.0647	0.0046	0.6351	0.189	0.2913	0.3547	0.5296	0.0223	0.0016	0.6302	0.0027	0.0	0.4342	0.0027	0.0
5perc_5repeat	0.4	0.3383	0.0645	0.0046	0.6358	0.1927	0.2957	0.3547	0.5257	0.0224	0.0016	0.6283	0.0024	0.0	0.4332	0.0026	0.0
15perc_2repeat	0.4	0.329	0.0679	0.0048	0.5812	0.2187	0.3178	0.3367	0.5231	0.0247	0.0017	0.6036	0.0025	0.0	0.4525	0.0028	0.0
15perc_5repeat	0.4	0.3164	0.068	0.0048	0.5587	0.2717	0.3657	0.3079	0.5189	0.0223	0.0016	0.5908	0.0025	0.0	0.4575	0.0025	0.0
5perc_2repeat	0.35	0.3516	0.0655	0.0046	0.5697	0.2748	0.3708	0.3591	0.525	0.0284	0.002	0.6254	0.0032	0.0	0.4281	0.0031	0.0
5perc_5repeat	0.35	0.3546	0.065	0.0046	0.5413	0.2024	0.2946	0.3617	0.528	0.0251	0.0018	0.6288	0.003	0.0	0.4371	0.0032	0.0
15perc_2repeat	0.35	0.3356	0.0684	0.0048	0.537	0.2337	0.3257	0.3467	0.5236	0.0238	0.0017	0.6024	0.0027	0.0	0.4542	0.0029	0.0
15perc_5repeat	0.35	0.3263	0.0636	0.0045	0.5416	0.221	0.3139	0.3279	0.5203	0.0226	0.0016	0.5883	0.0024	0.0	0.4607	0.0026	0.0
15perc_2repeat	0.3	0.3467	0.0678	0.0048	0.481	0.2891	0.3611	0.3489	0.5199	0.0297	0.0021	0.597	0.0035	0.0	0.4516	0.0034	0.0
15perc_5repeat	0.3	0.345	0.0639	0.0045	0.4425	0.2549	0.3235	0.3532	0.5214	0.0266	0.0019	0.5913	0.003	0.0	0.4642	0.0032	0.0
5perc_2repeat	0.3	0.3679	0.0619	0.0044	0.5273	0.2562	0.3448	0.3773	0.5249	0.0304	0.0021	0.6269	0.0036	0.0	0.4258	0.0037	0.0
5perc_5repeat	0.3	0.3653	0.064	0.0045	0.5781	0.2249	0.3239	0.3719	0.5255	0.0288	0.002	0.6266	0.0035	0.0	0.4292	0.0034	0.0
15perc_2repeat	0.25	0.3614	0.0605	0.0043	0.4597	0.2403	0.3156	0.3686	0.5217	0.0284	0.002	0.5984	0.0036	0.0	0.4563	0.004	0.0
15perc_5repeat	0.25	0.3582	0.0635	0.0045	0.4347	0.25	0.3175	0.3626	0.523	0.0296	0.0021	0.5908	0.0034	0.0	0.4613	0.0037	0.0
5perc_2repeat	0.25	0.3831	0.0627	0.0044	0.5072	0.2755	0.3571	0.3979	0.5248	0.0331	0.0023	0.6261	0.0043	0.0	0.4242	0.0044	0.0
5perc_5repeat	0.25	0.3741	0.063	0.0045	0.4892	0.2075	0.2914	0.3845	0.5295	0.0323	0.0023	0.6291	0.0037	0.0	0.4415	0.004	0.0
5perc_2repeat	0.2	0.3995	0.0634	0.0045	0.4692	0.3425	0.3959	0.409	0.5205	0.0407	0.0029	0.6161	0.0047	0.0	0.4228	0.0056	0.0
5perc_5repeat	0.2	0.3976	0.0607	0.0043	0.4742	0.3198	0.382	0.4125	0.5207	0.0376	0.0027	0.6208	0.0049	0.0	0.4278	0.0053	0.0
15perc_2repeat	0.2	0.3804	0.0608	0.0043	0.424	0.2848	0.3407	0.3894	0.5237	0.0367	0.0026	0.6005	0.0045	0.0	0.4519	0.0047	0.0
15perc_5repeat	0.2	0.3718	0.061	0.0043	0.4066	0.3351	0.3674	0.3811	0.5198	0.0307	0.0022	0.5837	0.0036	0.0	0.4565	0.0042	0.0
5perc_2repeat	0.1	0.4232	0.061	0.0043	0.3175	0.3206	0.319	0.4366	0.5274	0.0605	0.0043	0.6217	0.0085	0.0	0.4576	0.0097	0.0
5perc_5repeat	0.1	0.4128	0.0678	0.0048	0.3072	0.2832	0.2947	0.4323	0.5303	0.0548	0.0039	0.6132	0.0093	0.0	0.4628	0.0098	0.0
15perc_2repeat	0.1	0.404	0.0712	0.005	0.3456	0.3485	0.347	0.423	0.5232	0.0512	0.0036	0.5901	0.0082	0.0	0.4707	0.0095	0.0
15perc_5repeat	0.1	0.3994	0.0678	0.0048	0.3287	0.3754	0.3505	0.4162	0.5203	0.0487	0.0034	0.58	0.0074	0.0	0.4771	0.0083	0.0
5perc_2repeat	0.05	0.4267	0.0736	0.0052	0.367	0.4262	0.3944	0.4498	0.5199	0.0833	0.0059	0.5804	0.0177	0.0	0.4603	0.0168	0.0
5perc_5repeat	0.05	0.4342	0.0735	0.0052	0.3166	0.4669	0.3773	0.4578	0.5144	0.0935	0.0066	0.531	0.0191	0.0	0.4929	0.02	0.0


30perc_2repeat	0.35	0.3102	0.0569	0.004	0.5282	0.2654	0.3533	0.3087	0.5146	0.0205	0.0014	0.5696	0.0022	0.0	0.4693	0.0025	0.0
30perc_5repeat	0.35	0.2997	0.0515	0.0036	0.4587	0.2814	0.3489	0.2963	0.5133	0.0185	0.0013	0.5512	0.0021	0.0	0.4857	0.0021	0.0
30perc_10repeat	0.35	0.2861	0.0448	0.0032	0.4635	0.2424	0.3184	0.2795	0.5127	0.0156	0.0011	0.5428	0.0017	0.0	0.4916	0.0017	0.0
30perc_2repeat	0.9	0.2385	0.0353	0.0025	0.7555	0.2993	0.4287	0.237	0.5171	0.0093	0.0007	0.5718	0.0009	0.0	0.4701	0.0009	0.0
30perc_5repeat	0.9	0.2367	0.0329	0.0023	0.7095	0.2641	0.3849	0.2296	0.513	0.0087	0.0006	0.5515	0.0008	0.0	0.4816	0.0007	0.0
30perc_10repeat	0.9	0.241	0.0306	0.0022	0.7062	0.2082	0.3216	0.2322	0.5126	0.0061	0.0004	0.5438	0.0006	0.0	0.4888	0.0006	0.0
30perc_2repeat	0.8	0.2497	0.0429	0.003	0.7105	0.2862	0.4081	0.2394	0.5161	0.0121	0.0009	0.5715	0.0011	0.0	0.4687	0.0012	0.0
30perc_5repeat	0.8	0.2468	0.0334	0.0024	0.6767	0.2367	0.3507	0.2366	0.5134	0.0096	0.0007	0.5526	0.0009	0.0	0.483	0.0009	0.0
30perc_10repeat	0.8	0.244	0.0256	0.0018	0.6874	0.2086	0.3201	0.2379	0.5119	0.0077	0.0005	0.543	0.0007	0.0	0.4878	0.0007	0.0
30perc_2repeat	0.7	0.256	0.0431	0.003	0.7047	0.2402	0.3583	0.2468	0.5166	0.0119	0.0008	0.5722	0.0011	0.0	0.4698	0.0012	0.0
30perc_5repeat	0.7	0.2575	0.038	0.0027	0.6595	0.1998	0.3066	0.2464	0.5147	0.0099	0.0007	0.5535	0.001	0.0	0.4843	0.001	0.0
30perc_10repeat	0.7	0.2501	0.0312	0.0022	0.6449	0.2258	0.3345	0.2398	0.5114	0.0092	0.0006	0.5419	0.0009	0.0	0.4878	0.0009	0.0
30perc_2repeat	0.6	0.2708	0.0497	0.0035	0.6624	0.2413	0.3537	0.2576	0.5168	0.015	0.0011	0.5704	0.0016	0.0	0.4696	0.0014	0.0
30perc_5repeat	0.6	0.2657	0.0433	0.0031	0.6071	0.2327	0.3365	0.2531	0.5136	0.0137	0.001	0.5528	0.0014	0.0	0.4829	0.0013	0.0
30perc_10repeat	0.6	0.2603	0.0323	0.0023	0.5925	0.2152	0.3157	0.2531	0.5121	0.0105	0.0007	0.5421	0.0011	0.0	0.4885	0.0011	0.0
30perc_2repeat	0.5	0.282	0.0536	0.0038	0.5897	0.2888	0.3877	0.2703	0.5152	0.0186	0.0013	0.5673	0.0018	0.0	0.4686	0.0018	0.0
30perc_5repeat	0.5	0.2701	0.0435	0.0031	0.5726	0.238	0.3363	0.2594	0.5125	0.0138	0.001	0.5513	0.0014	0.0	0.4834	0.0014	0.0
30perc_10repeat	0.5	0.2672	0.0372	0.0026	0.5595	0.211	0.3064	0.2576	0.5119	0.0122	0.0009	0.5426	0.0012	0.0	0.4897	0.0013	0.0
30perc_2repeat	0.45	0.2941	0.0558	0.0039	0.5804	0.249	0.3485	0.2824	0.5155	0.0178	0.0013	0.5717	0.0021	0.0	0.4696	0.0019	0.0
30perc_5repeat	0.45	0.2808	0.0442	0.0031	0.543	0.2203	0.3134	0.2715	0.5137	0.0143	0.001	0.5539	0.0016	0.0	0.484	0.0016	0.0
30perc_10repeat	0.45	0.2745	0.0374	0.0026	0.5232	0.2163	0.3061	0.2666	0.5128	0.0121	0.0009	0.544	0.0013	0.0	0.4897	0.0013	0.0
30perc_2repeat	0.4	0.3037	0.0572	0.004	0.5498	0.2256	0.3199	0.3016	0.5173	0.0195	0.0014	0.572	0.0022	0.0	0.4703	0.0023	0.0
30perc_5repeat	0.4	0.2796	0.0443	0.0031	0.5409	0.2592	0.3505	0.2681	0.5133	0.0162	0.0011	0.5504	0.0017	0.0	0.4816	0.0016	0.0
30perc_10repeat	0.4	0.2801	0.0406	0.0029	0.4814	0.2486	0.3279	0.2716	0.512	0.0146	0.001	0.5438	0.0014	0.0	0.4906	0.0016	0.0
30perc_2repeat	0.3	0.3225	0.0615	0.0043	0.4558	0.2766	0.3443	0.3217	0.5176	0.0246	0.0017	0.5697	0.0028	0.0	0.4719	0.0027	0.0
30perc_5repeat	0.3	0.3007	0.0523	0.0037	0.4557	0.2553	0.3273	0.2935	0.5156	0.0217	0.0015	0.5522	0.0021	0.0	0.4842	0.0022	0.0
30perc_10repeat	0.3	0.2937	0.0475	0.0034	0.4421	0.2617	0.3288	0.2828	0.514	0.0176	0.0012	0.5442	0.002	0.0	0.4901	0.0019	0.0
30perc_2repeat	0.25	0.3367	0.0618	0.0044	0.4389	0.335	0.38	0.3395	0.5129	0.0271	0.0019	0.5628	0.0036	0.0	0.4718	0.0034	0.0
30perc_5repeat	0.25	0.3107	0.0551	0.0039	0.4461	0.2445	0.3158	0.3033	0.5153	0.02	0.0014	0.5536	0.0027	0.0	0.4863	0.0025	0.0
30perc_10repeat	0.25	0.3104	0.0534	0.0038	0.3921	0.234	0.2931	0.3064	0.5142	0.0186	0.0013	0.5467	0.0025	0.0	0.4937	0.0022	0.0
30perc_2repeat	0.2	0.3393	0.0679	0.0048	0.42	0.3256	0.3668	0.3386	0.5144	0.0317	0.0022	0.5614	0.004	0.0	0.4761	0.0039	0.0
30perc_5repeat	0.2	0.3292	0.0636	0.0045	0.4163	0.3206	0.3622	0.3238	0.514	0.0258	0.0018	0.5513	0.0034	0.0	0.4837	0.0033	0.0
30perc_10repeat	0.2	0.3118	0.0542	0.0038	0.3879	0.3059	0.3421	0.3077	0.5122	0.0215	0.0015	0.5406	0.0026	0.0	0.4932	0.0027	0.0
30perc_2repeat	0.1	0.3808	0.075	0.0053	0.3551	0.4007	0.3766	0.3993	0.5198	0.05	0.0035	0.5598	0.007	0.0	0.4784	0.0072	0.0
30perc_5repeat	0.1	0.3656	0.0724	0.0051	0.3379	0.3958	0.3646	0.372	0.5133	0.0378	0.0027	0.5447	0.0058	0.0	0.4873	0.0062	0.0
30perc_10repeat	0.1	0.3544	0.0659	0.0047	0.3238	0.3394	0.3314	0.3565	0.5165	0.0324	0.0023	0.5449	0.0046	0.0	0.4947	0.0052	0.0
30perc_2repeat	0.05	0.4072	0.0745	0.0053	0.3168	0.4313	0.3653	0.4255	0.5177	0.0638	0.0045	0.5417	0.0123	0.0	0.498	0.0133	0.0
30perc_5repeat	0.05	0.3929	0.0746	0.0053	0.3075	0.4453	0.3638	0.4123	0.516	0.0564	0.004	0.5313	0.0109	0.0	0.508	0.0107	0.0
30perc_10repeat	0.05	0.3829	0.0717	0.0051	0.2834	0.3854	0.3266	0.4069	0.5161	0.0487	0.0034	0.5282	0.0092	0.0	0.5286	0.0094	0.0


5perc_10repeat	0.9	0.2428	0.0428	0.003	0.7703	0.373	0.5026	0.2362	0.5247	0.0063	0.0004	0.6251	0.0006	0.0	0.4301	0.0006	0.0
5perc_10repeat	0.8	0.2607	0.0433	0.0031	0.7654	0.3189	0.4502	0.2549	0.5253	0.0099	0.0007	0.6263	0.001	0.0	0.4313	0.001	0.0
5perc_10repeat	0.7	0.2733	0.0523	0.0037	0.7549	0.2775	0.4058	0.2665	0.5246	0.0127	0.0009	0.6244	0.0013	0.0	0.4317	0.0013	0.0
5perc_10repeat	0.6	0.2951	0.0592	0.0042	0.7286	0.235	0.3553	0.2907	0.5259	0.0147	0.001	0.6255	0.0017	0.0	0.4316	0.0017	0.0
5perc_10repeat	0.5	0.3035	0.0614	0.0043	0.681	0.2579	0.3741	0.2991	0.5241	0.0177	0.0013	0.6227	0.002	0.0	0.4262	0.0022	0.0
5perc_10repeat	0.45	0.3185	0.0636	0.0045	0.6468	0.228	0.3372	0.3174	0.5253	0.0204	0.0014	0.6222	0.0023	0.0	0.4307	0.0025	0.0
5perc_10repeat	0.4	0.3248	0.069	0.0049	0.6145	0.2645	0.3698	0.3247	0.5214	0.0227	0.0016	0.6232	0.0025	0.0	0.4271	0.0027	0.0
5perc_10repeat	0.35	0.3381	0.0717	0.0051	0.6052	0.2377	0.3413	0.3515	0.5246	0.0242	0.0017	0.6224	0.003	0.0	0.4328	0.003	0.0
5perc_10repeat	0.3	0.3591	0.068	0.0048	0.545	0.2559	0.3483	0.3691	0.5253	0.0287	0.002	0.6188	0.0034	0.0	0.4359	0.0035	0.0
5perc_10repeat	0.25	0.3763	0.0637	0.0045	0.4926	0.2585	0.3391	0.3793	0.5259	0.0337	0.0024	0.6226	0.0042	0.0	0.4325	0.0043	0.0
5perc_10repeat	0.2	0.3934	0.0604	0.0043	0.4412	0.2297	0.3021	0.4033	0.5291	0.0385	0.0027	0.6249	0.0047	0.0	0.4424	0.0052	0.0
5perc_10repeat	0.1	0.4165	0.0643	0.0045	0.3675	0.2886	0.3233	0.4302	0.529	0.0499	0.0035	0.6158	0.0085	0.0	0.4509	0.0098	0.0
5perc_10repeat	0.05	0.4371	0.0706	0.005	0.3065	0.4014	0.3475	0.4563	0.5227	0.0916	0.0065	0.578	0.0184	0.0	0.5067	0.0199	0.0

15perc_10repeat	0.9	0.2378	0.0386	0.0027	0.7722	0.3113	0.4437	0.2327	0.5194	0.0063	0.0004	0.5865	0.0006	0.0	0.4611	0.0006	0.0
15perc_10repeat	0.8	0.2519	0.0429	0.003	0.757	0.26	0.387	0.242	0.5205	0.0084	0.0006	0.5862	0.0009	0.0	0.4611	0.0009	0.0
15perc_10repeat	0.1	0.3961	0.0679	0.0048	0.331	0.3321	0.3316	0.413	0.5236	0.0487	0.0034	0.5778	0.0071	0.0	0.4898	0.0077	0.0
15perc_10repeat	0.7	0.2639	0.0473	0.0033	0.7498	0.2386	0.362	0.2573	0.5197	0.011	0.0008	0.5863	0.0011	0.0	0.4609	0.0011	0.0
15perc_10repeat	0.6	0.2752	0.0508	0.0036	0.7129	0.2293	0.347	0.2743	0.5188	0.0127	0.0009	0.586	0.0013	0.0	0.4599	0.0014	0.0
15perc_10repeat	0.5	0.287	0.0542	0.0038	0.6707	0.2086	0.3182	0.2742	0.5193	0.0139	0.001	0.5855	0.0016	0.0	0.4614	0.0017	0.0
15perc_10repeat	0.45	0.3053	0.0614	0.0043	0.5914	0.2278	0.329	0.3025	0.5195	0.0188	0.0013	0.587	0.0019	0.0	0.4633	0.0019	0.0
15perc_10repeat	0.4	0.3114	0.0563	0.004	0.5728	0.2013	0.2979	0.3056	0.5193	0.019	0.0013	0.5856	0.0021	0.0	0.4655	0.0021	0.0
15perc_10repeat	0.35	0.3246	0.0622	0.0044	0.5348	0.2193	0.3111	0.3296	0.5197	0.0216	0.0015	0.5864	0.0025	0.0	0.4632	0.0024	0.0
15perc_10repeat	0.3	0.3317	0.0613	0.0043	0.4755	0.2537	0.3309	0.3344	0.5205	0.0243	0.0017	0.5806	0.0026	0.0	0.4651	0.003	0.0
15perc_10repeat	0.25	0.3463	0.0638	0.0045	0.465	0.2237	0.3021	0.3521	0.5221	0.0252	0.0018	0.5908	0.0031	0.0	0.469	0.0033	0.0
15perc_10repeat	0.2	0.3567	0.0642	0.0045	0.385	0.2708	0.3179	0.3666	0.5237	0.0298	0.0021	0.585	0.0037	0.0	0.4741	0.004	0.0
15perc_10repeat	0.05	0.4159	0.0736	0.0052	0.3079	0.4281	0.3582	0.4423	0.5274	0.069	0.0049	0.5423	0.0145	0.0	0.5295	0.0151	0.0


40perc_5repeat	0.1	0.3395	0.0664	0.0047	0.3614	0.4421	0.3977	0.3321	0.5105	0.0305	0.0022	0.5225	0.0047	0.0	0.4905	0.0046	0.0
40perc_5repeat	0.9	0.236	0.0236	0.0017	0.6775	0.278	0.3942	0.2299	0.5092	0.0073	0.0005	0.5353	0.0007	0.0	0.4887	0.0007	0.0
40perc_5repeat	0.8	0.2442	0.0238	0.0017	0.6227	0.2383	0.3447	0.2381	0.5099	0.009	0.0006	0.536	0.0009	0.0	0.4905	0.0008	0.0
40perc_5repeat	0.7	0.2468	0.0234	0.0017	0.6361	0.2588	0.3679	0.2384	0.5083	0.009	0.0006	0.5352	0.0009	0.0	0.489	0.0009	0.0
40perc_5repeat	0.6	0.2529	0.0263	0.0019	0.6018	0.2843	0.3862	0.2429	0.5083	0.0105	0.0007	0.5344	0.001	0.0	0.4875	0.0011	0.0
40perc_5repeat	0.5	0.2617	0.03	0.0021	0.5541	0.2961	0.386	0.2516	0.508	0.0118	0.0008	0.5327	0.0013	0.0	0.4892	0.0012	0.0
40perc_5repeat	0.5	0.2642	0.0316	0.0022	0.5605	0.271	0.3653	0.2525	0.5096	0.0133	0.0009	0.5351	0.0013	0.0	0.4896	0.0012	0.0
40perc_5repeat	0.45	0.2711	0.0337	0.0024	0.5047	0.2369	0.3224	0.2604	0.5112	0.0126	0.0009	0.536	0.0013	0.0	0.4939	0.0014	0.0
40perc_5repeat	0.4	0.2745	0.0395	0.0028	0.4972	0.2621	0.3432	0.2636	0.5109	0.0143	0.001	0.5349	0.0016	0.0	0.4918	0.0016	0.0
40perc_5repeat	0.35	0.2793	0.0379	0.0027	0.4685	0.3313	0.3881	0.2715	0.5086	0.016	0.0011	0.5335	0.0016	0.0	0.4895	0.0019	0.0
40perc_5repeat	0.3	0.2852	0.0413	0.0029	0.4501	0.3378	0.3859	0.2765	0.5083	0.017	0.0012	0.5349	0.0019	0.0	0.4904	0.002	0.0
40perc_5repeat	0.25	0.2935	0.047	0.0033	0.434	0.3729	0.4012	0.28	0.5079	0.0196	0.0014	0.5304	0.0022	0.0	0.4902	0.0023	0.0
40perc_5repeat	0.2	0.3051	0.0522	0.0037	0.4169	0.3674	0.3905	0.2941	0.5088	0.0218	0.0015	0.5292	0.0027	0.0	0.49	0.0027	0.0
40perc_5repeat	0.05	0.378	0.0762	0.0054	0.3153	0.4364	0.3661	0.3941	0.5126	0.0458	0.0032	0.5114	0.0095	0.0	0.5078	0.0094	0.0

40perc_10repeat	0.1	0.3154	0.0594	0.0042	0.4019	0.4181	0.4098	0.2975	0.5053	0.0241	0.0017	0.5186	0.0036	0.0	0.4948	0.0037	0.0
40perc_10repeat	0.9	0.2438	0.0213	0.0015	0.5985	0.2275	0.3297	0.2373	0.5077	0.0064	0.0005	0.5256	0.0006	0.0	0.4959	0.0006	0.0
40perc_10repeat	0.8	0.2446	0.0183	0.0013	0.6237	0.2324	0.3386	0.2401	0.5075	0.0066	0.0005	0.5246	0.0006	0.0	0.4953	0.0006	0.0
40perc_10repeat	0.7	0.2505	0.0203	0.0014	0.57	0.2423	0.34	0.246	0.5077	0.0084	0.0006	0.5247	0.0008	0.0	0.4964	0.0008	0.0
40perc_10repeat	0.6	0.2527	0.0205	0.0015	0.5703	0.2779	0.3737	0.2458	0.5064	0.0088	0.0006	0.524	0.0009	0.0	0.4945	0.0008	0.0
40perc_10repeat	0.5	0.2553	0.0218	0.0015	0.5552	0.2569	0.3513	0.2474	0.5076	0.0096	0.0007	0.5251	0.001	0.0	0.4947	0.0009	0.0
40perc_10repeat	0.45	0.2627	0.0278	0.002	0.524	0.2712	0.3574	0.2533	0.5079	0.0113	0.0008	0.5253	0.0011	0.0	0.4957	0.0012	0.0
40perc_10repeat	0.4	0.2627	0.0257	0.0018	0.5071	0.2912	0.37	0.2544	0.5074	0.0115	0.0008	0.5234	0.0012	0.0	0.4962	0.0012	0.0
40perc_10repeat	0.35	0.2724	0.0315	0.0022	0.4692	0.2746	0.3465	0.2629	0.5093	0.0131	0.0009	0.5262	0.0014	0.0	0.4982	0.0014	0.0
40perc_10repeat	0.3	0.2714	0.0287	0.002	0.4787	0.3254	0.3874	0.2623	0.5067	0.0138	0.001	0.5235	0.0014	0.0	0.4951	0.0015	0.0
40perc_10repeat	0.25	0.2766	0.0332	0.0024	0.4743	0.3238	0.3849	0.2648	0.5074	0.0144	0.001	0.5229	0.0017	0.0	0.4949	0.0017	0.0
40perc_10repeat	0.2	0.2885	0.0402	0.0028	0.4427	0.3363	0.3822	0.2773	0.5065	0.0163	0.0011	0.5228	0.0022	0.0	0.4967	0.0021	0.0
40perc_10repeat	0.05	0.3589	0.0757	0.0054	0.3328	0.4314	0.3757	0.3621	0.5131	0.0368	0.0026	0.512	0.0077	0.0	0.5115	0.0078	0.0

50perc_5repeat	0.9	0.2342	0.017	0.0012	0.6539	0.4303	0.519	0.2312	0.5043	0.0076	0.0005	0.525	0.0007	0.0	0.4858	0.0007	0.0
50perc_10repeat	0.9	0.2401	0.0104	0.0007	0.6167	0.4538	0.5229	0.2397	0.5019	0.0058	0.0004	0.5128	0.0006	0.0	0.4924	0.0005	0.0
50perc_5repeat	0.8	0.2377	0.0175	0.0012	0.6496	0.4001	0.4952	0.2336	0.5045	0.0086	0.0006	0.5253	0.0008	0.0	0.4861	0.0008	0.0
50perc_10repeat	0.8	0.2418	0.0101	0.0007	0.599	0.4234	0.4962	0.24	0.5021	0.0068	0.0005	0.5139	0.0006	0.0	0.4928	0.0006	0.0
50perc_5repeat	0.7	0.2427	0.016	0.0011	0.6401	0.333	0.4381	0.2385	0.5058	0.0084	0.0006	0.5273	0.0008	0.0	0.4883	0.0008	0.0
50perc_10repeat	0.7	0.2425	0.0088	0.0006	0.6008	0.4515	0.5155	0.2415	0.5015	0.0064	0.0005	0.5134	0.0005	0.0	0.4916	0.0006	0.0
50perc_5repeat	0.6	0.2468	0.0201	0.0014	0.6149	0.3505	0.4465	0.2407	0.5059	0.0093	0.0007	0.5271	0.001	0.0	0.4871	0.001	0.0
50perc_10repeat	0.6	0.2472	0.0109	0.0008	0.5708	0.399	0.4697	0.2449	0.5025	0.0072	0.0005	0.5137	0.0007	0.0	0.4936	0.0007	0.0
50perc_5repeat	0.1	0.3226	0.0616	0.0044	0.4009	0.4862	0.4394	0.3106	0.503	0.0265	0.0019	0.5118	0.004	0.0	0.4905	0.004	0.0
50perc_10repeat	0.1	0.3037	0.054	0.0038	0.4389	0.5032	0.4689	0.2844	0.5005	0.018	0.0013	0.5113	0.0032	0.0	0.4907	0.0033	0.0
50perc_5repeat	0.5	0.2539	0.0222	0.0016	0.583	0.3034	0.3991	0.2467	0.5061	0.0107	0.0008	0.5284	0.0011	0.0	0.4884	0.0011	0.0
50perc_10repeat	0.5	0.2505	0.0141	0.001	0.5506	0.4085	0.469	0.2465	0.5026	0.0083	0.0006	0.5142	0.0008	0.0	0.4933	0.0008	0.0
50perc_5repeat	0.45	0.2576	0.0269	0.0019	0.5529	0.4003	0.4644	0.2477	0.5031	0.0124	0.0009	0.5246	0.0012	0.0	0.4872	0.0012	0.0
50perc_10repeat	0.45	0.2506	0.0123	0.0009	0.5543	0.3711	0.4446	0.2472	0.5025	0.0074	0.0005	0.5141	0.0008	0.0	0.4945	0.0008	0.0
50perc_5repeat	0.4	0.2615	0.0262	0.0019	0.5458	0.3713	0.4419	0.2553	0.5054	0.0122	0.0009	0.5257	0.0013	0.0	0.4868	0.0014	0.0
50perc_10repeat	0.4	0.2546	0.0151	0.0011	0.5354	0.4138	0.4668	0.2505	0.5029	0.0089	0.0006	0.5141	0.0009	0.0	0.4928	0.001	0.0
50perc_5repeat	0.35	0.2678	0.0292	0.0021	0.5028	0.3954	0.4427	0.257	0.5053	0.0142	0.001	0.5238	0.0016	0.0	0.4882	0.0016	0.0
50perc_10repeat	0.35	0.2582	0.0161	0.0011	0.5179	0.4049	0.4545	0.2534	0.5026	0.0106	0.0008	0.5133	0.0011	0.0	0.4941	0.0011	0.0
50perc_5repeat	0.3	0.2719	0.0314	0.0022	0.492	0.424	0.4554	0.2615	0.5041	0.015	0.0011	0.5205	0.0017	0.0	0.4881	0.0017	0.0
50perc_10repeat	0.3	0.2631	0.0228	0.0016	0.4971	0.4412	0.4675	0.2571	0.5022	0.0118	0.0008	0.5142	0.0013	0.0	0.4925	0.0013	0.0
50perc_5repeat	0.25	0.2761	0.0352	0.0025	0.4961	0.3591	0.4166	0.2648	0.5052	0.0154	0.0011	0.5259	0.0018	0.0	0.4882	0.0018	0.0
50perc_10repeat	0.25	0.2643	0.0229	0.0016	0.5099	0.4151	0.4577	0.2567	0.5018	0.0113	0.0008	0.5122	0.0015	0.0	0.4943	0.0014	0.0
50perc_5repeat	0.2	0.2878	0.0441	0.0031	0.4536	0.445	0.4492	0.2717	0.5038	0.0178	0.0013	0.5196	0.0022	0.0	0.4866	0.0025	0.0
50perc_10repeat	0.2	0.2741	0.0313	0.0022	0.4864	0.3879	0.4316	0.2643	0.5033	0.0141	0.001	0.516	0.0018	0.0	0.4931	0.0017	0.0
50perc_5repeat	0.05	0.3559	0.0696	0.0049	0.3832	0.4467	0.4125	0.3555	0.508	0.0377	0.0027	0.4999	0.0084	0.0	0.5191	0.0091	0.0
50perc_10repeat	0.05	0.3411	0.0719	0.0051	0.3728	0.4038	0.3877	0.3341	0.5051	0.0288	0.002	0.517	0.0065	0.0	0.5033	0.0066	0.0

80perc_5repeat	0.9	0.215	0.0224	0.0016	0.6071	0.8	0.6903	0.2114	0.4908	0.0072	0.0005	0.5436	0.0006	0.0	0.4333	0.0007	0.0
80perc_10repeat	0.9	0.2242	0.0193	0.0014	0.5795	0.8697	0.6955	0.223	0.4867	0.0056	0.0004	0.5327	0.0005	0.0	0.4346	0.0006	0.0
70perc_5repeat	0.9	0.2194	0.0131	0.0009	0.63	0.7386	0.68	0.2183	0.4958	0.0071	0.0005	0.53	0.0006	0.0	0.4589	0.0007	0.0
70perc_10repeat	0.9	0.2291	0.0144	0.001	0.5727	0.8587	0.6872	0.2273	0.4916	0.0057	0.0004	0.5174	0.0005	0.0	0.462	0.0005	0.0
80perc_5repeat	0.8	0.2182	0.0167	0.0012	0.6041	0.795	0.6865	0.216	0.4919	0.0075	0.0005	0.545	0.0007	0.0	0.4339	0.0008	0.0
80perc_10repeat	0.8	0.2306	0.0183	0.0013	0.5667	0.8582	0.6826	0.2289	0.4881	0.0069	0.0005	0.5336	0.0007	0.0	0.4365	0.0007	0.0
60perc_5repeat	0.8	0.2318	0.0142	0.001	0.6407	0.5917	0.6152	0.2288	0.4994	0.008	0.0006	0.5238	0.0007	0.0	0.4761	0.0007	0.0
60perc_10repeat	0.8	0.2394	0.0099	0.0007	0.5811	0.6817	0.6274	0.2379	0.4978	0.0063	0.0004	0.5115	0.0006	0.0	0.4832	0.0006	0.0
70perc_5repeat	0.8	0.2247	0.0153	0.0011	0.6168	0.7428	0.6739	0.2217	0.4959	0.0081	0.0006	0.53	0.0008	0.0	0.4589	0.0007	0.0
70perc_10repeat	0.8	0.2339	0.0149	0.0011	0.5652	0.8445	0.6772	0.2303	0.492	0.007	0.0005	0.5181	0.0006	0.0	0.462	0.0007	0.0
70perc_5repeat	0.7	0.2294	0.0157	0.0011	0.6103	0.7374	0.6679	0.225	0.4956	0.0082	0.0006	0.5291	0.0008	0.0	0.4602	0.0009	0.0
70perc_10repeat	0.7	0.2383	0.0162	0.0011	0.563	0.8284	0.6704	0.2341	0.4929	0.0075	0.0005	0.5183	0.0007	0.0	0.4638	0.0007	0.0
70perc_5repeat	0.6	0.2351	0.016	0.0011	0.5944	0.7261	0.6537	0.2307	0.4955	0.0082	0.0006	0.5299	0.0009	0.0	0.4601	0.0009	0.0
70perc_10repeat	0.6	0.2464	0.0193	0.0014	0.5438	0.838	0.6596	0.242	0.4922	0.0079	0.0006	0.5185	0.0008	0.0	0.4616	0.0009	0.0
60perc_5repeat	0.6	0.2409	0.0162	0.0011	0.6064	0.5952	0.6008	0.2365	0.4987	0.0096	0.0007	0.524	0.0009	0.0	0.4753	0.0009	0.0
60perc_10repeat	0.6	0.244	0.0109	0.0008	0.5649	0.664	0.6105	0.2425	0.4981	0.0069	0.0005	0.5119	0.0007	0.0	0.4827	0.0007	0.0
80perc_5repeat	0.05	0.387	0.0844	0.006	0.4152	0.5439	0.4709	0.409	0.492	0.0354	0.0025	0.5337	0.009	0.0	0.4499	0.0093	0.0
80perc_10repeat	0.05	0.3821	0.081	0.0057	0.424	0.6324	0.5076	0.3937	0.4879	0.0411	0.0029	0.4884	0.009	0.0	0.4677	0.009	0.0
60perc_5repeat	0.9	0.2265	0.0123	0.0009	0.6585	0.5964	0.6259	0.2252	0.5003	0.0072	0.0005	0.5241	0.0006	0.0	0.4768	0.0007	0.0
60perc_10repeat	0.9	0.2351	0.0124	0.0009	0.6105	0.6621	0.6353	0.234	0.4984	0.0061	0.0004	0.5128	0.0005	0.0	0.4829	0.0006	0.0
70perc_5repeat	0.5	0.2481	0.0251	0.0018	0.5718	0.747	0.6477	0.2407	0.4946	0.0105	0.0007	0.5283	0.001	0.0	0.4576	0.0012	0.0
70perc_10repeat	0.5	0.2514	0.023	0.0016	0.5433	0.8116	0.6509	0.2442	0.4927	0.0088	0.0006	0.5179	0.0009	0.0	0.4637	0.001	0.0
60perc_5repeat	0.5	0.2478	0.02	0.0014	0.5912	0.5557	0.5729	0.2427	0.4991	0.0107	0.0008	0.5234	0.0011	0.0	0.4761	0.001	0.0
60perc_10repeat	0.5	0.2513	0.0158	0.0011	0.5375	0.7094	0.6116	0.2474	0.4961	0.0082	0.0006	0.5099	0.0008	0.0	0.4807	0.0009	0.0
60perc_5repeat	0.45	0.2516	0.0207	0.0015	0.5897	0.4658	0.5205	0.2464	0.5024	0.0114	0.0008	0.5252	0.0011	0.0	0.4797	0.0012	0.0
60perc_10repeat	0.45	0.2529	0.0172	0.0012	0.5374	0.6357	0.5824	0.2482	0.4975	0.0086	0.0006	0.51	0.0009	0.0	0.4826	0.001	0.0
70perc_5repeat	0.45	0.2518	0.0283	0.002	0.57	0.7263	0.6387	0.2435	0.4949	0.01	0.0007	0.5288	0.0012	0.0	0.4576	0.0012	0.0
70perc_10repeat	0.45	0.2623	0.029	0.0021	0.534	0.8105	0.6438	0.255	0.4921	0.0097	0.0007	0.5157	0.001	0.0	0.4625	0.0011	0.0
80perc_5repeat	0.45	0.2634	0.0418	0.003	0.5626	0.7765	0.6525	0.2499	0.4911	0.0124	0.0009	0.5423	0.0013	0.0	0.4356	0.0016	0.0
80perc_10repeat	0.45	0.2762	0.0456	0.0032	0.5397	0.8413	0.6575	0.2689	0.4871	0.013	0.0009	0.5331	0.0014	0.0	0.4356	0.0014	0.0
80perc_5repeat	0.4	0.2765	0.044	0.0031	0.5509	0.7727	0.6432	0.2708	0.4912	0.0124	0.0009	0.5434	0.0015	0.0	0.4334	0.0016	0.0
80perc_10repeat	0.4	0.2805	0.0499	0.0035	0.5421	0.8139	0.6508	0.2692	0.4882	0.0144	0.001	0.5317	0.0016	0.0	0.4382	0.0016	0.0
70perc_5repeat	0.4	0.2583	0.0327	0.0023	0.5623	0.6925	0.6206	0.2484	0.4953	0.0114	0.0008	0.5288	0.0013	0.0	0.4588	0.0015	0.0
70perc_10repeat	0.4	0.2624	0.0313	0.0022	0.5377	0.7866	0.6388	0.2492	0.4926	0.0097	0.0007	0.5179	0.0011	0.0	0.4621	0.0012	0.0
60perc_5repeat	0.4	0.2569	0.0265	0.0019	0.5576	0.5581	0.5578	0.2475	0.4991	0.0114	0.0008	0.5212	0.0013	0.0	0.4776	0.0012	0.0
60perc_10repeat	0.4	0.2554	0.0186	0.0013	0.5368	0.5648	0.5505	0.2509	0.4988	0.0106	0.0007	0.5123	0.001	0.0	0.4852	0.0011	0.0
80perc_5repeat	0.35	0.2907	0.0509	0.0036	0.5571	0.7444	0.6373	0.2783	0.4909	0.0144	0.001	0.5441	0.0017	0.0	0.4329	0.0019	0.0
80perc_10repeat	0.35	0.2928	0.0533	0.0038	0.5341	0.7755	0.6325	0.283	0.4902	0.0159	0.0011	0.5328	0.0018	0.0	0.4394	0.0019	0.0
70perc_5repeat	0.25	0.2836	0.0445	0.0031	0.5432	0.5831	0.5625	0.2695	0.4971	0.0154	0.0011	0.5295	0.0019	0.0	0.4609	0.0021	0.0
70perc_10repeat	0.25	0.2901	0.0413	0.0029	0.5092	0.7038	0.5909	0.2828	0.4927	0.0148	0.001	0.5153	0.0017	0.0	0.4644	0.0019	0.0
60perc_5repeat	0.2	0.2863	0.042	0.003	0.4886	0.5202	0.5039	0.2719	0.501	0.018	0.0013	0.5215	0.0021	0.0	0.4773	0.0022	0.0
60perc_10repeat	0.2	0.2726	0.0296	0.0021	0.4928	0.5463	0.5182	0.2636	0.4986	0.0131	0.0009	0.5103	0.0017	0.0	0.4862	0.0018	0.0
80perc_5repeat	0.2	0.3369	0.0654	0.0046	0.5162	0.7049	0.596	0.3378	0.4872	0.0193	0.0014	0.542	0.003	0.0	0.4295	0.0031	0.0
80perc_10repeat	0.2	0.3318	0.0672	0.0048	0.5138	0.6981	0.5919	0.3261	0.4848	0.0225	0.0016	0.5342	0.0025	0.0	0.4355	0.003	0.0
70perc_5repeat	0.2	0.2947	0.0497	0.0035	0.531	0.5686	0.5491	0.2845	0.4972	0.0159	0.0011	0.5308	0.0021	0.0	0.4614	0.0024	0.0
70perc_10repeat	0.2	0.2985	0.0507	0.0036	0.497	0.7013	0.5818	0.2857	0.4931	0.0166	0.0012	0.5159	0.0021	0.0	0.4628	0.0021	0.0
60perc_5repeat	0.7	0.2367	0.0129	0.0009	0.6325	0.5701	0.5997	0.2339	0.5003	0.0088	0.0006	0.5232	0.0008	0.0	0.4774	0.0008	0.0
60perc_10repeat	0.7	0.2408	0.0099	0.0007	0.5837	0.6694	0.6236	0.2384	0.4978	0.0065	0.0005	0.5115	0.0006	0.0	0.483	0.0006	0.0
80perc_5repeat	0.7	0.2311	0.0215	0.0015	0.5859	0.8257	0.6854	0.2272	0.4897	0.0086	0.0006	0.5426	0.0009	0.0	0.4318	0.0009	0.0
80perc_10repeat	0.7	0.239	0.0225	0.0016	0.5546	0.8632	0.6753	0.2358	0.4883	0.0081	0.0006	0.5332	0.0008	0.0	0.4381	0.0009	0.0
80perc_5repeat	0.1	0.3606	0.0728	0.0052	0.4772	0.5731	0.5208	0.3632	0.4904	0.026	0.0018	0.5392	0.0052	0.0	0.4456	0.0056	0.0
80perc_10repeat	0.1	0.3599	0.0718	0.0051	0.4627	0.5858	0.517	0.3634	0.4895	0.029	0.002	0.5263	0.005	0.0	0.4539	0.0055	0.0
60perc_5repeat	0.1	0.317	0.0619	0.0044	0.4471	0.4458	0.4464	0.3017	0.5007	0.0238	0.0017	0.523	0.0039	0.0	0.4819	0.004	0.0
60perc_10repeat	0.1	0.3064	0.05	0.0035	0.4678	0.5558	0.5081	0.2948	0.4956	0.0185	0.0013	0.5121	0.003	0.0	0.4817	0.0033	0.0
80perc_5repeat	0.6	0.2391	0.028	0.002	0.5784	0.8039	0.6728	0.2296	0.4913	0.01	0.0007	0.5442	0.0009	0.0	0.434	0.0011	0.0
80perc_10repeat	0.6	0.2565	0.0338	0.0024	0.5468	0.8645	0.6699	0.25	0.4864	0.0102	0.0007	0.5322	0.0011	0.0	0.4346	0.0012	0.0
60perc_5repeat	0.3	0.2679	0.0315	0.0022	0.5246	0.5366	0.5305	0.2558	0.4998	0.0135	0.001	0.5211	0.0016	0.0	0.4779	0.0017	0.0
60perc_10repeat	0.3	0.2616	0.0216	0.0015	0.5147	0.624	0.5641	0.2533	0.4972	0.0102	0.0007	0.5097	0.0011	0.0	0.4829	0.0013	0.0
80perc_5repeat	0.5	0.2533	0.0359	0.0025	0.563	0.8112	0.6646	0.2414	0.4904	0.0109	0.0008	0.5435	0.0011	0.0	0.4339	0.0014	0.0
80perc_10repeat	0.5	0.2644	0.0404	0.0029	0.5491	0.83	0.6609	0.2597	0.4882	0.0104	0.0007	0.5348	0.0012	0.0	0.4376	0.0013	0.0
70perc_5repeat	0.35	0.2681	0.0352	0.0025	0.5503	0.6715	0.6049	0.2557	0.495	0.0128	0.0009	0.5277	0.0014	0.0	0.4597	0.0016	0.0
70perc_10repeat	0.35	0.2688	0.0345	0.0024	0.5344	0.7549	0.6258	0.2562	0.4927	0.0114	0.0008	0.5173	0.0013	0.0	0.4638	0.0014	0.0
60perc_5repeat	0.35	0.258	0.0251	0.0018	0.556	0.4966	0.5246	0.2488	0.5002	0.0112	0.0008	0.5241	0.0012	0.0	0.4775	0.0015	0.0
60perc_10repeat	0.35	0.258	0.0205	0.0015	0.5338	0.6238	0.5753	0.2518	0.4978	0.0092	0.0006	0.5116	0.001	0.0	0.4812	0.0011	0.0
80perc_5repeat	0.3	0.2899	0.0519	0.0037	0.5548	0.6816	0.6117	0.2774	0.4927	0.0152	0.0011	0.5471	0.002	0.0	0.4374	0.0021	0.0
80perc_10repeat	0.3	0.3084	0.0567	0.004	0.5194	0.8102	0.633	0.3035	0.487	0.0165	0.0012	0.531	0.0019	0.0	0.4365	0.002	0.0
70perc_5repeat	0.3	0.2705	0.0367	0.0026	0.5413	0.6488	0.5902	0.2595	0.4967	0.0138	0.001	0.5279	0.0018	0.0	0.4627	0.0018	0.0
70perc_10repeat	0.3	0.2771	0.0399	0.0028	0.5241	0.7568	0.6193	0.2642	0.4919	0.0122	0.0009	0.5151	0.0013	0.0	0.4631	0.0015	0.0
80perc_5repeat	0.25	0.3144	0.0575	0.0041	0.5348	0.7221	0.6145	0.3085	0.4902	0.0169	0.0012	0.5413	0.0023	0.0	0.4349	0.0025	0.0
80perc_10repeat	0.25	0.3184	0.061	0.0043	0.5113	0.7865	0.6197	0.3099	0.4872	0.0161	0.0011	0.5312	0.0021	0.0	0.4363	0.0024	0.0
60perc_5repeat	0.25	0.2753	0.0333	0.0024	0.5224	0.5378	0.53	0.2671	0.4998	0.0139	0.001	0.5206	0.0018	0.0	0.4766	0.0018	0.0
60perc_10repeat	0.25	0.2646	0.0252	0.0018	0.5149	0.6001	0.5542	0.2563	0.4976	0.0112	0.0008	0.512	0.0013	0.0	0.4827	0.0015	0.0
70perc_5repeat	0.1	0.3312	0.0622	0.0044	0.4439	0.571	0.4995	0.3262	0.4972	0.0235	0.0017	0.5203	0.0047	0.0	0.4706	0.0047	0.0
70perc_10repeat	0.1	0.3268	0.0652	0.0046	0.4838	0.5674	0.5223	0.3163	0.4929	0.0228	0.0016	0.5153	0.0038	0.0	0.4711	0.004	0.0
70perc_5repeat	0.05	0.3722	0.0764	0.0054	0.3959	0.5546	0.462	0.3812	0.4912	0.0352	0.0025	0.5108	0.0076	0.0	0.4696	0.0076	0.0
70perc_10repeat	0.05	0.3572	0.0802	0.0057	0.4269	0.58	0.4918	0.35	0.4892	0.0297	0.0021	0.4932	0.0076	0.0	0.4803	0.0075	0.0
60perc_5repeat	0.05	0.3593	0.0741	0.0052	0.396	0.4917	0.4387	0.359	0.5002	0.0356	0.0025	0.4983	0.0086	0.0	0.4922	0.0076	0.0
60perc_10repeat	0.05	0.3272	0.0674	0.0048	0.4207	0.4713	0.4446	0.3121	0.5012	0.0257	0.0018	0.5016	0.0061	0.0	0.5008	0.0065	0.0

90perc_2repeat	0.9	0.2017	0.0237	0.0017	0.6549	0.7196	0.6858	0.1995	0.4948	0.0058	0.0004	0.585	0.0006	0.0	0.403	0.0006	0.0
90perc_5repeat	0.9	0.2126	0.0254	0.0018	0.6148	0.8043	0.6969	0.2114	0.4855	0.0059	0.0004	0.5668	0.0006	0.0	0.4004	0.0007	0.0
90perc_10repeat	0.9	0.2227	0.0215	0.0015	0.5882	0.8294	0.6883	0.2222	0.4831	0.0055	0.0004	0.5598	0.0006	0.0	0.4004	0.0006	0.0
90perc_2repeat	0.8	0.2033	0.0157	0.0011	0.6555	0.7188	0.6857	0.2029	0.4946	0.0069	0.0005	0.5837	0.0008	0.0	0.4042	0.0008	0.0
90perc_5repeat	0.8	0.2184	0.0195	0.0014	0.6021	0.8127	0.6917	0.2189	0.4869	0.0071	0.0005	0.5666	0.0007	0.0	0.4026	0.0008	0.0
90perc_10repeat	0.8	0.2283	0.0201	0.0014	0.5835	0.8563	0.694	0.2265	0.4823	0.0074	0.0005	0.5576	0.0008	0.0	0.401	0.0008	0.0
90perc_2repeat	0.7	0.2103	0.015	0.0011	0.6522	0.7094	0.6796	0.2068	0.4943	0.0075	0.0005	0.5834	0.0009	0.0	0.4048	0.0011	0.0
90perc_5repeat	0.7	0.2285	0.0231	0.0016	0.5906	0.8142	0.6846	0.2258	0.4868	0.0088	0.0006	0.5674	0.001	0.0	0.403	0.0011	0.0
90perc_10repeat	0.7	0.2447	0.0286	0.002	0.5617	0.8693	0.6825	0.2445	0.4822	0.0093	0.0007	0.5573	0.001	0.0	0.4008	0.001	0.0
90perc_2repeat	0.6	0.2183	0.0166	0.0012	0.6335	0.7233	0.6754	0.2136	0.4949	0.0075	0.0005	0.5818	0.0012	0.0	0.405	0.0012	0.0
90perc_5repeat	0.6	0.247	0.0323	0.0023	0.5687	0.8409	0.6786	0.2427	0.4867	0.0099	0.0007	0.5655	0.0012	0.0	0.4022	0.0013	0.0
90perc_10repeat	0.6	0.2637	0.0401	0.0028	0.5488	0.8672	0.6722	0.261	0.4826	0.0101	0.0007	0.5579	0.0013	0.0	0.4012	0.0013	0.0
90perc_2repeat	0.1	0.3672	0.0769	0.0054	0.5074	0.5716	0.5376	0.3815	0.4955	0.0214	0.0015	0.5705	0.0063	0.0	0.4167	0.0062	0.0
90perc_5repeat	0.1	0.3878	0.077	0.0054	0.4855	0.6525	0.5568	0.403	0.4863	0.0329	0.0023	0.5528	0.0067	0.0	0.4161	0.0072	0.0
90perc_10repeat	0.1	0.4082	0.0722	0.0051	0.4528	0.6351	0.5287	0.422	0.4813	0.0395	0.0028	0.5518	0.0072	0.0	0.4058	0.0068	0.0
90perc_2repeat	0.5	0.2313	0.0253	0.0018	0.6252	0.711	0.6653	0.2237	0.4947	0.0086	0.0006	0.5828	0.0013	0.0	0.4053	0.0015	0.0
90perc_5repeat	0.5	0.2683	0.0471	0.0033	0.5608	0.828	0.6687	0.2642	0.4862	0.0123	0.0009	0.5656	0.0015	0.0	0.4038	0.0016	0.0
90perc_10repeat	0.5	0.2845	0.0544	0.0038	0.5449	0.8485	0.6636	0.2795	0.4833	0.0143	0.001	0.5584	0.0015	0.0	0.4027	0.0017	0.0
90perc_2repeat	0.45	0.2423	0.0343	0.0024	0.6099	0.7132	0.6575	0.2298	0.495	0.0096	0.0007	0.5836	0.0015	0.0	0.4046	0.0016	0.0
90perc_5repeat	0.45	0.2864	0.0512	0.0036	0.5455	0.8483	0.664	0.2852	0.4849	0.0131	0.0009	0.5663	0.0017	0.0	0.3998	0.0017	0.0
90perc_10repeat	0.45	0.2966	0.059	0.0042	0.5418	0.8458	0.6605	0.2945	0.4835	0.0151	0.0011	0.5589	0.0017	0.0	0.4018	0.0018	0.0
90perc_2repeat	0.4	0.2572	0.0388	0.0027	0.5944	0.7217	0.6519	0.2463	0.4941	0.01	0.0007	0.5816	0.0018	0.0	0.4049	0.002	0.0
90perc_5repeat	0.4	0.2986	0.0565	0.004	0.5476	0.8268	0.6588	0.2956	0.4856	0.0143	0.001	0.564	0.0017	0.0	0.4031	0.002	0.0
90perc_10repeat	0.4	0.3049	0.0625	0.0044	0.546	0.8177	0.6548	0.3004	0.4835	0.0154	0.0011	0.5602	0.0019	0.0	0.4038	0.0019	0.0
90perc_2repeat	0.35	0.2735	0.0456	0.0032	0.591	0.7077	0.6441	0.2655	0.4943	0.0117	0.0008	0.5866	0.002	0.0	0.4008	0.002	0.0
90perc_5repeat	0.35	0.3142	0.0588	0.0042	0.5362	0.8267	0.6505	0.317	0.4853	0.0153	0.0011	0.5596	0.0021	0.0	0.4056	0.0021	0.0
90perc_10repeat	0.35	0.3239	0.0654	0.0046	0.5428	0.7937	0.6447	0.3306	0.4838	0.0191	0.0014	0.5573	0.0023	0.0	0.4052	0.0022	0.0
90perc_2repeat	0.3	0.2923	0.0523	0.0037	0.5855	0.6901	0.6335	0.2839	0.4948	0.0115	0.0008	0.5843	0.0024	0.0	0.4026	0.0024	0.0
90perc_5repeat	0.3	0.339	0.063	0.0045	0.5274	0.8157	0.6406	0.3505	0.4853	0.0162	0.0011	0.566	0.0024	0.0	0.3981	0.0026	0.0
90perc_10repeat	0.3	0.3447	0.0656	0.0046	0.5314	0.7891	0.6351	0.3515	0.4828	0.0215	0.0015	0.5549	0.0026	0.0	0.4035	0.0027	0.0
90perc_2repeat	0.25	0.3181	0.0582	0.0041	0.5719	0.6567	0.6114	0.3156	0.4955	0.0133	0.0009	0.583	0.003	0.0	0.4034	0.0028	0.0
90perc_5repeat	0.25	0.3432	0.0661	0.0047	0.5326	0.7724	0.6305	0.3437	0.487	0.0177	0.0013	0.5628	0.0028	0.0	0.4029	0.0028	0.0
90perc_10repeat	0.25	0.3493	0.0694	0.0049	0.5487	0.7297	0.6264	0.3523	0.4839	0.0211	0.0015	0.5578	0.0031	0.0	0.4062	0.0032	0.0
90perc_2repeat	0.2	0.3298	0.06	0.0042	0.5664	0.6035	0.5844	0.3303	0.4945	0.0147	0.001	0.5799	0.0034	0.0	0.4101	0.0035	0.0
90perc_5repeat	0.2	0.3629	0.0663	0.0047	0.5312	0.7156	0.6098	0.3705	0.4872	0.0236	0.0017	0.5561	0.0039	0.0	0.4097	0.0036	0.0
90perc_10repeat	0.2	0.369	0.0713	0.005	0.5186	0.6738	0.5861	0.3764	0.483	0.0276	0.0019	0.5583	0.0039	0.0	0.4075	0.0044	0.0
90perc_2repeat	0.05	0.3804	0.0837	0.0059	0.4355	0.4966	0.4641	0.3922	0.4975	0.0308	0.0022	0.5595	0.0111	0.0	0.4388	0.0119	0.0
90perc_5repeat	0.05	0.397	0.0839	0.0059	0.4243	0.5809	0.4904	0.422	0.4875	0.0427	0.003	0.5221	0.0111	0.0	0.436	0.0113	0.0
90perc_10repeat	0.05	0.4137	0.0777	0.0055	0.3996	0.5853	0.475	0.4338	0.4788	0.0522	0.0037	0.5075	0.0118	0.0	0.4494	0.0123	0.0


100perc_2repeat	0.9	0.2034	0.029	0.0021	0.6524	0.7387	0.6928	0.2015	0.4909	0.0024	0.0002	0.6093	0.0004	0.0	0.3716	0.0005	0.0
100perc_5repeat	0.9	0.2135	0.0294	0.0021	0.6201	0.7794	0.6907	0.2103	0.4819	0.0046	0.0003	0.5991	0.0006	0.0	0.3625	0.0006	0.0
100perc_10repeat	0.9	0.2185	0.0271	0.0019	0.613	0.8164	0.7002	0.2182	0.4777	0.0053	0.0004	0.5938	0.0006	0.0	0.3588	0.0006	0.0
100perc_2repeat	0.8	0.2091	0.02	0.0014	0.6461	0.7343	0.6874	0.2089	0.4908	0.0033	0.0002	0.6104	0.0007	0.0	0.3704	0.0008	0.0
100perc_5repeat	0.8	0.2175	0.0204	0.0014	0.6171	0.7998	0.6967	0.2149	0.4819	0.0063	0.0004	0.5995	0.0008	0.0	0.3629	0.0009	0.0
100perc_10repeat	0.8	0.2286	0.0212	0.0015	0.596	0.8316	0.6944	0.2279	0.478	0.0083	0.0006	0.5943	0.0009	0.0	0.3591	0.0009	0.0
100perc_2repeat	0.7	0.2132	0.0172	0.0012	0.6363	0.7406	0.6845	0.2123	0.4911	0.0044	0.0003	0.6103	0.001	0.0	0.3707	0.001	0.0
100perc_5repeat	0.7	0.2278	0.0225	0.0016	0.6019	0.8107	0.6909	0.2249	0.4825	0.0094	0.0007	0.6002	0.0011	0.0	0.3644	0.0013	0.0
100perc_10repeat	0.7	0.2433	0.0267	0.0019	0.5823	0.842	0.6885	0.2431	0.4779	0.0106	0.0008	0.5961	0.0013	0.0	0.3581	0.0011	0.0
100perc_2repeat	0.6	0.2204	0.0168	0.0012	0.6253	0.757	0.6849	0.2196	0.4911	0.0053	0.0004	0.6095	0.0013	0.0	0.3719	0.0013	0.0
100perc_5repeat	0.6	0.2507	0.036	0.0025	0.5837	0.8267	0.6843	0.2448	0.4824	0.0118	0.0008	0.6015	0.0014	0.0	0.3626	0.0015	0.0
100perc_10repeat	0.6	0.2727	0.0436	0.0031	0.5588	0.8564	0.6764	0.2746	0.4779	0.0137	0.001	0.5961	0.0015	0.0	0.3571	0.0015	0.0
100perc_2repeat	0.1	0.395	0.0794	0.0056	0.5025	0.6526	0.5678	0.4094	0.49	0.0193	0.0014	0.6082	0.0076	0.0	0.3745	0.008	0.0
100perc_5repeat	0.1	0.4127	0.076	0.0054	0.466	0.6157	0.5305	0.4287	0.4812	0.0409	0.0029	0.5841	0.0078	0.0	0.3793	0.0088	0.0
100perc_10repeat	0.1	0.421	0.0693	0.0049	0.4567	0.6046	0.5203	0.4362	0.4747	0.0488	0.0034	0.5927	0.0097	0.0	0.3769	0.01	0.0
100perc_2repeat	0.5	0.2373	0.0256	0.0018	0.6045	0.781	0.6815	0.2346	0.4904	0.0066	0.0005	0.6088	0.0015	0.0	0.3709	0.0016	0.0
100perc_5repeat	0.5	0.2904	0.0533	0.0038	0.5536	0.8543	0.6719	0.2992	0.4805	0.013	0.0009	0.5965	0.0018	0.0	0.3622	0.0019	0.0
100perc_10repeat	0.5	0.3022	0.0607	0.0043	0.5457	0.8642	0.669	0.3065	0.4788	0.0161	0.0011	0.5941	0.002	0.0	0.3589	0.002	0.0
100perc_2repeat	0.45	0.2512	0.0325	0.0023	0.5915	0.7834	0.6741	0.2422	0.4904	0.0075	0.0005	0.6063	0.0018	0.0	0.3739	0.0018	0.0
100perc_5repeat	0.45	0.3073	0.0595	0.0042	0.5491	0.8563	0.6691	0.3143	0.4813	0.0156	0.0011	0.5991	0.0022	0.0	0.3588	0.0021	0.0
100perc_10repeat	0.45	0.3168	0.063	0.0045	0.5432	0.846	0.6616	0.3291	0.4777	0.0181	0.0013	0.5947	0.0022	0.0	0.3608	0.0023	0.0
100perc_2repeat	0.4	0.2711	0.0422	0.003	0.5838	0.7706	0.6643	0.2685	0.4906	0.0078	0.0006	0.6133	0.0021	0.0	0.3684	0.0021	0.0
100perc_5repeat	0.4	0.3306	0.0647	0.0046	0.5366	0.8709	0.664	0.3442	0.4789	0.0161	0.0011	0.5922	0.0022	0.0	0.3628	0.0025	0.0
100perc_10repeat	0.4	0.3358	0.0671	0.0047	0.545	0.8269	0.657	0.3538	0.4789	0.0212	0.0015	0.5963	0.0027	0.0	0.3602	0.0024	0.0
100perc_2repeat	0.35	0.2951	0.051	0.0036	0.5595	0.7957	0.657	0.2933	0.4903	0.0094	0.0007	0.6115	0.0022	0.0	0.3685	0.0024	0.0
100perc_5repeat	0.35	0.3458	0.0665	0.0047	0.5393	0.8311	0.6541	0.3675	0.4797	0.0177	0.0013	0.5957	0.0026	0.0	0.3635	0.0027	0.0
100perc_10repeat	0.35	0.3601	0.0705	0.005	0.5389	0.814	0.6485	0.3821	0.4767	0.0224	0.0016	0.5936	0.0028	0.0	0.3583	0.0029	0.0
100perc_2repeat	0.3	0.3216	0.0577	0.0041	0.5522	0.7956	0.6519	0.3302	0.4897	0.0105	0.0007	0.6063	0.0026	0.0	0.3719	0.0028	0.0
100perc_5repeat	0.3	0.3652	0.0691	0.0049	0.5334	0.8082	0.6427	0.3872	0.4817	0.0198	0.0014	0.5949	0.0031	0.0	0.363	0.0032	0.0
100perc_10repeat	0.3	0.3738	0.0709	0.005	0.534	0.7802	0.634	0.3925	0.4792	0.0237	0.0017	0.5943	0.0032	0.0	0.36	0.0032	0.0
100perc_2repeat	0.25	0.3393	0.0596	0.0042	0.5468	0.7567	0.6348	0.3474	0.4924	0.0112	0.0008	0.603	0.003	0.0	0.3785	0.0031	0.0
100perc_5repeat	0.25	0.3826	0.0653	0.0046	0.5309	0.7903	0.6351	0.3998	0.4783	0.0219	0.0015	0.5964	0.004	0.0	0.3635	0.0037	0.0
100perc_10repeat	0.25	0.3854	0.0691	0.0049	0.5461	0.7137	0.6187	0.3992	0.4782	0.027	0.0019	0.5948	0.0041	0.0	0.3636	0.0042	0.0
100perc_2repeat	0.2	0.3593	0.0702	0.005	0.5551	0.6491	0.5985	0.3645	0.4924	0.014	0.001	0.6068	0.0043	0.0	0.3778	0.0045	0.0
100perc_5repeat	0.2	0.3974	0.0641	0.0045	0.5279	0.6672	0.5894	0.404	0.4831	0.0279	0.002	0.6016	0.0046	0.0	0.3645	0.0045	0.0
100perc_10repeat	0.2	0.3994	0.0699	0.0049	0.5364	0.6779	0.5989	0.4131	0.4806	0.0341	0.0024	0.5875	0.005	0.0	0.3679	0.0048	0.0
100perc_2repeat	0.05	0.4052	0.0871	0.0062	0.4658	0.5843	0.5184	0.4361	0.4922	0.0281	0.002	0.6143	0.0147	0.0	0.3778	0.0145	0.0
100perc_5repeat	0.05	0.4213	0.0781	0.0055	0.4023	0.5726	0.4726	0.4452	0.4763	0.0553	0.0039	0.5708	0.0165	0.0	0.4068	0.0159	0.0
100perc_10repeat	0.05	0.436	0.0697	0.0049	0.3817	0.5551	0.4524	0.4538	0.476	0.0725	0.0051	0.5534	0.0191	0.0	0.4141	0.0175	0.0
60perc_2repeat	0.05	0.3778	0.0779	0.0055	0.3498	0.4669	0.4	0.3892	0.5086	0.048	0.0034	0.5176	0.0099	0.0	0.4905	0.0099	0.0
60perc_2repeat	0.45	0.265	0.0391	0.0028	0.6198	0.4433	0.5169	0.2561	0.5046	0.0151	0.0011	0.5479	0.0017	0.0	0.4621	0.0016	0.0
80perc_2repeat	0.4	0.2523	0.0356	0.0025	0.6162	0.6041	0.6101	0.2422	0.4986	0.0122	0.0009	0.5651	0.0016	0.0	0.4317	0.0017	0.0
40perc_2repeat	0.4	0.2924	0.0549	0.0039	0.5331	0.3144	0.3955	0.2794	0.5103	0.0209	0.0015	0.553	0.0021	0.0	0.4752	0.0021	0.0
60perc_2repeat	0.4	0.2656	0.0368	0.0026	0.6194	0.3677	0.4615	0.2576	0.5082	0.0136	0.001	0.5514	0.0016	0.0	0.4642	0.0016	0.0
70perc_2repeat	0.45	0.2518	0.0331	0.0023	0.6425	0.5073	0.567	0.2442	0.5028	0.0127	0.0009	0.5546	0.0014	0.0	0.4497	0.0016	0.0
80perc_2repeat	0.35	0.2711	0.0438	0.0031	0.603	0.5979	0.6004	0.262	0.4973	0.0124	0.0009	0.5642	0.0018	0.0	0.4302	0.0021	0.0
50perc_2repeat	0.35	0.2863	0.0456	0.0032	0.5224	0.3228	0.399	0.28	0.5111	0.0181	0.0013	0.5493	0.002	0.0	0.4763	0.0021	0.0
70perc_2repeat	0.3	0.2812	0.0461	0.0033	0.5836	0.4362	0.4993	0.271	0.5036	0.0169	0.0012	0.5561	0.0021	0.0	0.4529	0.0022	0.0
60perc_2repeat	0.3	0.2834	0.044	0.0031	0.5741	0.3525	0.4368	0.2713	0.506	0.0171	0.0012	0.5506	0.002	0.0	0.4666	0.0021	0.0
50perc_2repeat	0.3	0.2962	0.0495	0.0035	0.5025	0.3111	0.3843	0.2891	0.5119	0.0199	0.0014	0.55	0.0023	0.0	0.4775	0.0022	0.0
40perc_2repeat	0.3	0.3082	0.0548	0.0039	0.4625	0.2526	0.3268	0.3035	0.5148	0.0213	0.0015	0.5591	0.0024	0.0	0.4813	0.0024	0.0
80perc_2repeat	0.3	0.2868	0.0502	0.0036	0.5948	0.5469	0.5698	0.2836	0.4984	0.0153	0.0011	0.5663	0.0021	0.0	0.4311	0.0022	0.0
80perc_2repeat	0.25	0.3028	0.0545	0.0039	0.5784	0.5391	0.5581	0.2973	0.4982	0.015	0.0011	0.566	0.0026	0.0	0.4309	0.0029	0.0
50perc_2repeat	0.25	0.3082	0.0539	0.0038	0.4854	0.3898	0.4324	0.3059	0.5084	0.0224	0.0016	0.5461	0.0027	0.0	0.4695	0.0026	0.0
70perc_2repeat	0.25	0.2931	0.0478	0.0034	0.5562	0.4683	0.5085	0.2852	0.502	0.0165	0.0012	0.5518	0.0023	0.0	0.4541	0.0025	0.0
40perc_2repeat	0.2	0.3354	0.0604	0.0043	0.4064	0.3859	0.3959	0.3383	0.5126	0.026	0.0018	0.551	0.0034	0.0	0.4718	0.0034	0.0
40perc_2repeat	0.1	0.3678	0.0673	0.0048	0.3343	0.3721	0.3522	0.3705	0.514	0.0444	0.0031	0.5488	0.0062	0.0	0.4903	0.0063	0.0
60perc_2repeat	0.1	0.3537	0.0687	0.0049	0.4006	0.4494	0.4236	0.3605	0.5063	0.0315	0.0022	0.5372	0.0055	0.0	0.4713	0.005	0.0
50perc_2repeat	0.1	0.3649	0.069	0.0049	0.3545	0.3874	0.3702	0.3795	0.5103	0.0377	0.0027	0.5475	0.006	0.0	0.4813	0.0059	0.0
70perc_2repeat	0.1	0.3609	0.0727	0.0051	0.4471	0.457	0.452	0.3601	0.5031	0.0313	0.0022	0.553	0.0057	0.0	0.4507	0.0057	0.0
50perc_2repeat	0.45	0.2674	0.0412	0.0029	0.5788	0.3431	0.4308	0.2558	0.509	0.0158	0.0011	0.5494	0.0016	0.0	0.4728	0.0018	0.0
70perc_2repeat	0.05	0.3782	0.077	0.0054	0.3772	0.4824	0.4234	0.3836	0.5048	0.0405	0.0029	0.5426	0.0094	0.0	0.4719	0.0101	0.0
40perc_2repeat	0.45	0.2731	0.047	0.0033	0.5894	0.2867	0.3857	0.2608	0.5122	0.0163	0.0012	0.5564	0.0016	0.0	0.4743	0.0017	0.0
70perc_2repeat	0.5	0.2457	0.0313	0.0022	0.6538	0.511	0.5737	0.2356	0.5012	0.0123	0.0009	0.5547	0.0014	0.0	0.45	0.0015	0.0
50perc_2repeat	0.4	0.2834	0.0505	0.0036	0.5456	0.3419	0.4204	0.2716	0.5092	0.0188	0.0013	0.5504	0.0019	0.0	0.4742	0.0019	0.0
60perc_2repeat	0.2	0.3104	0.0532	0.0038	0.4883	0.4258	0.4549	0.3071	0.505	0.021	0.0015	0.5462	0.003	0.0	0.4674	0.0028	0.0
70perc_2repeat	0.4	0.258	0.036	0.0025	0.6217	0.4818	0.5429	0.2478	0.5027	0.0138	0.001	0.5528	0.0015	0.0	0.4525	0.0017	0.0
40perc_2repeat	0.35	0.2994	0.0556	0.0039	0.5158	0.301	0.3801	0.2927	0.5107	0.0202	0.0014	0.5568	0.0023	0.0	0.4719	0.0023	0.0
60perc_2repeat	0.35	0.2719	0.0399	0.0028	0.5838	0.4219	0.4898	0.2616	0.5041	0.0158	0.0011	0.5469	0.0017	0.0	0.463	0.0019	0.0
70perc_2repeat	0.35	0.2687	0.0409	0.0029	0.6134	0.436	0.5097	0.2579	0.5035	0.0145	0.001	0.5548	0.0016	0.0	0.4536	0.0017	0.0
60perc_2repeat	0.9	0.2195	0.0209	0.0015	0.7116	0.4831	0.5755	0.2139	0.5055	0.0095	0.0007	0.5497	0.0008	0.0	0.465	0.0009	0.0
40perc_2repeat	0.7	0.2523	0.0377	0.0027	0.6853	0.274	0.3915	0.2381	0.5131	0.0127	0.0009	0.5586	0.0012	0.0	0.4742	0.0012	0.0
40perc_2repeat	0.9	0.2356	0.0368	0.0026	0.7144	0.3276	0.4492	0.2279	0.5126	0.0104	0.0007	0.5583	0.0009	0.0	0.4735	0.001	0.0
60perc_2repeat	0.25	0.3048	0.055	0.0039	0.5352	0.4272	0.4751	0.2998	0.505	0.0192	0.0014	0.5513	0.0025	0.0	0.4597	0.0025	0.0
50perc_2repeat	0.7	0.2428	0.0292	0.0021	0.6916	0.3392	0.4551	0.2328	0.5093	0.0122	0.0009	0.5522	0.0011	0.0	0.4718	0.0012	0.0
70perc_2repeat	0.7	0.2234	0.0183	0.0013	0.6747	0.576	0.6214	0.2187	0.5009	0.0111	0.0008	0.5534	0.0009	0.0	0.4502	0.0011	0.0
60perc_2repeat	0.7	0.2365	0.0266	0.0019	0.6947	0.4284	0.53	0.2282	0.5068	0.0117	0.0008	0.5504	0.0011	0.0	0.4656	0.0011	0.0
40perc_2repeat	0.25	0.3232	0.0579	0.0041	0.4197	0.2923	0.3446	0.3161	0.5148	0.0243	0.0017	0.556	0.0032	0.0	0.4827	0.003	0.0
40perc_2repeat	0.6	0.2598	0.042	0.003	0.6231	0.345	0.4441	0.2462	0.5112	0.0153	0.0011	0.5547	0.0015	0.0	0.4725	0.0015	0.0
40perc_2repeat	0.8	0.241	0.0337	0.0024	0.7264	0.3067	0.4313	0.2298	0.5128	0.0109	0.0008	0.5586	0.001	0.0	0.473	0.001	0.0
50perc_2repeat	0.8	0.2331	0.025	0.0018	0.7106	0.379	0.4944	0.2246	0.5086	0.0107	0.0008	0.5502	0.001	0.0	0.4716	0.0009	0.0
50perc_2repeat	0.6	0.2541	0.0354	0.0025	0.6561	0.2986	0.4104	0.2438	0.5092	0.0119	0.0008	0.5511	0.0013	0.0	0.4748	0.0013	0.0
70perc_2repeat	0.8	0.2157	0.0142	0.001	0.6926	0.5814	0.6321	0.213	0.501	0.0092	0.0007	0.5537	0.0007	0.0	0.4509	0.001	0.0
60perc_2repeat	0.8	0.2247	0.0223	0.0016	0.7011	0.4908	0.5774	0.2193	0.5052	0.011	0.0008	0.5501	0.0009	0.0	0.463	0.0009	0.0
60perc_2repeat	0.6	0.2407	0.0279	0.002	0.6698	0.4529	0.5404	0.2309	0.5051	0.0115	0.0008	0.549	0.0012	0.0	0.4636	0.0011	0.0
80perc_2repeat	0.7	0.2135	0.0132	0.0009	0.6609	0.6689	0.6649	0.211	0.4983	0.0087	0.0006	0.5648	0.0009	0.0	0.4306	0.001	0.0
40perc_2repeat	0.5	0.2739	0.0466	0.0033	0.6023	0.2541	0.3574	0.2611	0.5134	0.0162	0.0011	0.5583	0.0016	0.0	0.4774	0.0016	0.0
70perc_2repeat	0.6	0.2351	0.0248	0.0018	0.6793	0.49	0.5693	0.2268	0.5032	0.0113	0.0008	0.5542	0.0011	0.0	0.4541	0.0013	0.0
80perc_2repeat	0.6	0.2243	0.021	0.0015	0.6524	0.6435	0.6479	0.2183	0.4983	0.0099	0.0007	0.565	0.001	0.0	0.4306	0.0013	0.0
60perc_2repeat	0.5	0.2541	0.0334	0.0024	0.6389	0.4224	0.5086	0.2437	0.5042	0.0136	0.001	0.5471	0.0013	0.0	0.4646	0.0016	0.0
50perc_2repeat	0.5	0.2654	0.0407	0.0029	0.6105	0.3377	0.4348	0.2507	0.5088	0.0148	0.001	0.5493	0.0014	0.0	0.4723	0.0016	0.0
80perc_2repeat	0.45	0.2488	0.0356	0.0025	0.6242	0.6183	0.6212	0.2377	0.4984	0.0124	0.0009	0.5643	0.0015	0.0	0.4307	0.0016	0.0
70perc_2repeat	0.2	0.3118	0.0568	0.004	0.5153	0.4178	0.4615	0.3029	0.5026	0.0199	0.0014	0.5498	0.003	0.0	0.4559	0.0029	0.0
80perc_2repeat	0.2	0.3207	0.0597	0.0042	0.5519	0.5219	0.5365	0.3156	0.4989	0.0172	0.0012	0.5653	0.003	0.0	0.4323	0.0033	0.0
50perc_2repeat	0.2	0.3227	0.0633	0.0045	0.4571	0.3905	0.4211	0.3096	0.5074	0.0264	0.0019	0.5444	0.0034	0.0	0.4728	0.0035	0.0
80perc_2repeat	0.5	0.2372	0.0272	0.0019	0.6453	0.6079	0.626	0.2298	0.4995	0.0112	0.0008	0.5678	0.0013	0.0	0.4302	0.0015	0.0
50perc_2repeat	0.9	0.2298	0.0284	0.002	0.7036	0.4095	0.5177	0.2224	0.5081	0.0105	0.0007	0.5503	0.0009	0.0	0.472	0.0009	0.0
80perc_2repeat	0.9	0.205	0.0215	0.0015	0.6752	0.6733	0.6742	0.2059	0.4987	0.0084	0.0006	0.5665	0.0006	0.0	0.43	0.0008	0.0
70perc_2repeat	0.9	0.215	0.021	0.0015	0.6985	0.5757	0.6312	0.2105	0.5032	0.0095	0.0007	0.5564	0.0008	0.0	0.4502	0.0009	0.0
80perc_2repeat	0.1	0.3711	0.0686	0.0049	0.5038	0.503	0.5034	0.3823	0.4995	0.0247	0.0017	0.5679	0.0059	0.0	0.4294	0.0058	0.0
80perc_2repeat	0.8	0.2091	0.0149	0.0011	0.6616	0.6797	0.6705	0.2085	0.4981	0.0086	0.0006	0.5657	0.0009	0.0	0.4299	0.0009	0.0
50perc_2repeat	0.05	0.3895	0.0764	0.0054	0.3364	0.4471	0.3839	0.403	0.5081	0.0509	0.0036	0.5256	0.0102	0.0	0.5128	0.0116	0.0
40perc_2repeat	0.05	0.3889	0.081	0.0057	0.3093	0.4308	0.36	0.4075	0.513	0.0584	0.0041	0.5166	0.0109	0.0	0.5023	0.0113	0.0
80perc_2repeat	0.05	0.3812	0.0782	0.0055	0.4188	0.4536	0.4355	0.3908	0.5008	0.0378	0.0027	0.5521	0.0108	0.0	0.4641	0.0113	0.0
