Label	trainingSize	SquaredLoss_Mean	Accuracy_Mean	Accuracy_SD	Accuracy_SE	Precision_Mean	Recall_Mean	F1	Accuracy_Median	PriorClass0_Mean	PriorClass0_SD	PriorClass0_SE	ProbabilityEstimate_0given0_Mean 	ProbabilityEstimate_0given0_SD 	ProbabilityEstimate_0given0_SE 	ProbabilityEstimate_1given1_Mean	ProbabilityEstimate_1given1_SD	ProbabilityEstimate_1given1_SE

original	0.9	0.3144	0.6704	0.0555	0.0039	0.0	0.0	0.0	0.6557	0.671	0.0061	0.0004	0.7302	0.0005	0.0	0.3964	0.0009	0.0
original	0.8	0.3109	0.6731	0.0389	0.0028	0.0	0.0	0.0	0.6707	0.6704	0.0096	0.0007	0.729	0.0009	0.0	0.395	0.0012	0.0
original	0.7	0.3148	0.6697	0.0285	0.002	0.0	0.0	0.0	0.672	0.6715	0.0122	0.0009	0.7281	0.0011	0.0	0.3937	0.0018	0.0
original	0.6	0.3141	0.6714	0.0218	0.0015	0.0	0.0	0.0	0.6714	0.6707	0.0145	0.001	0.729	0.0014	0.0	0.3975	0.0021	0.0
original	0.5	0.3179	0.6684	0.0177	0.0012	0.0	0.0	0.0	0.6677	0.6736	0.0177	0.0012	0.7322	0.0018	0.0	0.3907	0.0028	0.0
original	0.45	0.3156	0.6703	0.0192	0.0014	0.0	0.0	0.0	0.6701	0.6717	0.0235	0.0017	0.7326	0.0022	0.0	0.3962	0.0032	0.0
original	0.4	0.3134	0.6721	0.0156	0.0011	0.0	0.0	0.0	0.672	0.6693	0.0234	0.0017	0.7237	0.0022	0.0	0.3957	0.0034	0.0
original	0.1	0.3114	0.6595	0.0584	0.0041	0.0375	0.0305	0.0336	0.672	0.6645	0.0545	0.0039	0.6983	0.0079	0.0	0.4078	0.01	0.0
original	0.35	0.3145	0.6717	0.0132	0.0009	0.0	0.0	0.0	0.67	0.6697	0.0245	0.0017	0.7286	0.0026	0.0	0.3956	0.0038	0.0
original	0.3	0.315	0.6712	0.0123	0.0009	0.0002	0.0	0.0	0.6705	0.6705	0.0287	0.002	0.7241	0.0029	0.0	0.3801	0.0044	0.0
original	0.25	0.3136	0.6717	0.0106	0.0007	0.0002	0.0	0.0	0.671	0.6688	0.0317	0.0022	0.7201	0.0033	0.0	0.3972	0.005	0.0
original	0.2	0.315	0.6701	0.0097	0.0007	0.004	0.0001	0.0002	0.6704	0.6745	0.0389	0.0027	0.7237	0.0043	0.0	0.3888	0.0067	0.0
original	0.05	0.3142	0.6357	0.0905	0.0064	0.0809	0.0924	0.0863	0.6689	0.6721	0.0822	0.0058	0.635	0.0122	0.0	0.3916	0.0121	0.0


5perc_2repeat	0.1	0.3127	0.6622	0.0513	0.0036	0.0359	0.0236	0.0284	0.6711	0.6669	0.0583	0.0041	0.7184	0.0079	0.0	0.3862	0.0129	0.0
15perc_5repeat	0.1	0.3109	0.6671	0.031	0.0022	0.0234	0.0101	0.0141	0.6703	0.6692	0.0528	0.0037	0.7191	0.0077	0.0	0.3561	0.0134	0.0
30perc_5repeat	0.1	0.3136	0.6564	0.0641	0.0045	0.0482	0.0397	0.0435	0.6703	0.663	0.059	0.0042	0.6959	0.008	0.0	0.3711	0.0137	0.0
80perc_2repeat	0.05	0.3244	0.6302	0.1012	0.0072	0.0762	0.1113	0.0905	0.6689	0.6739	0.0801	0.0057	0.6605	0.0131	0.0	0.4098	0.0138	0.0
60perc_5repeat	0.05	0.3356	0.6193	0.1076	0.0076	0.0807	0.1381	0.1019	0.6672	0.6833	0.0944	0.0067	0.642	0.0154	0.0	0.3547	0.0151	0.0
70perc_5repeat	0.05	0.3293	0.6318	0.0964	0.0068	0.0955	0.1059	0.1005	0.6689	0.6695	0.099	0.007	0.6792	0.0135	0.0	0.4229	0.0149	0.0
70perc_2repeat	0.05	0.3312	0.6228	0.111	0.0078	0.1027	0.132	0.1155	0.6697	0.663	0.0894	0.0063	0.6566	0.0135	0.0	0.4443	0.0135	0.0
100perc_10repeat	0.05	0.3191	0.6278	0.1007	0.0071	0.0837	0.1144	0.0967	0.6689	0.6702	0.0837	0.0059	0.6423	0.0132	0.0	0.4166	0.0122	0.0
30perc_2repeat	0.05	0.3451	0.6067	0.1189	0.0084	0.1052	0.1762	0.1318	0.6672	0.6708	0.088	0.0062	0.639	0.0163	0.0	0.4096	0.0177	0.0
90perc_10repeat	0.05	0.3203	0.6317	0.0917	0.0065	0.0986	0.1017	0.1001	0.6689	0.6849	0.0855	0.006	0.6402	0.0141	0.0	0.4059	0.0128	0.0
80perc_5repeat	0.05	0.3256	0.6292	0.0953	0.0067	0.0705	0.1075	0.0852	0.6672	0.683	0.0903	0.0064	0.6482	0.0134	0.0	0.3861	0.0131	0.0
90perc_2repeat	0.05	0.3219	0.6294	0.0953	0.0067	0.0907	0.109	0.099	0.6689	0.6758	0.0865	0.0061	0.6301	0.0136	0.0	0.3857	0.0133	0.0
30perc_5repeat	0.05	0.3443	0.6188	0.1111	0.0079	0.1089	0.1408	0.1228	0.6672	0.6806	0.0846	0.006	0.6735	0.0165	0.0	0.394	0.0183	0.0
80perc_10repeat	0.05	0.3304	0.6249	0.105	0.0074	0.0821	0.1257	0.0993	0.6689	0.665	0.0881	0.0062	0.6681	0.014	0.0	0.4245	0.015	0.0
5perc_10repeat	0.1	0.3115	0.6622	0.0494	0.0035	0.0509	0.0239	0.0326	0.6703	0.6681	0.0634	0.0045	0.7105	0.0079	0.0	0.3817	0.0134	0.0
15perc_2repeat	0.05	0.3371	0.6223	0.1095	0.0077	0.1011	0.1364	0.1161	0.6689	0.6621	0.0789	0.0056	0.6506	0.0159	0.0	0.3933	0.0179	0.0
70perc_10repeat	0.05	0.3371	0.6121	0.1143	0.0081	0.1133	0.1595	0.1325	0.6689	0.6634	0.0897	0.0063	0.6552	0.0169	0.0	0.4315	0.0172	0.0
40perc_5repeat	0.05	0.3332	0.6239	0.1018	0.0072	0.1055	0.1276	0.1155	0.6689	0.6731	0.0857	0.0061	0.6609	0.0162	0.0	0.3538	0.0175	0.0
30perc_10repeat	0.05	0.3349	0.6297	0.1029	0.0073	0.077	0.1124	0.0914	0.6689	0.6643	0.0814	0.0058	0.687	0.0163	0.0	0.3666	0.0197	0.0
15perc_10repeat	0.05	0.3348	0.6321	0.0933	0.0066	0.0962	0.1047	0.1002	0.6689	0.6698	0.0834	0.0059	0.665	0.0176	0.0	0.2991	0.0207	0.0
40perc_2repeat	0.1	0.3138	0.6628	0.0497	0.0035	0.0413	0.0226	0.0292	0.6703	0.6714	0.0536	0.0038	0.7114	0.0077	0.0	0.3804	0.0131	0.0
40perc_5repeat	0.1	0.3173	0.6589	0.0588	0.0042	0.0647	0.033	0.0437	0.6703	0.6699	0.0615	0.0043	0.7176	0.0087	0.0	0.4015	0.0136	0.0
30perc_10repeat	0.1	0.3126	0.6659	0.0374	0.0026	0.0353	0.013	0.019	0.6703	0.6705	0.0534	0.0038	0.7179	0.0082	0.0	0.3518	0.0134	0.0
5perc_10repeat	0.05	0.343	0.6162	0.1123	0.0079	0.1022	0.1489	0.1212	0.6689	0.6686	0.0875	0.0062	0.6449	0.0185	0.0	0.3268	0.0203	0.0
50perc_2repeat	0.05	0.3321	0.6204	0.1071	0.0076	0.0927	0.1381	0.1109	0.6689	0.6684	0.085	0.006	0.6525	0.0144	0.0	0.3959	0.015	0.0
30perc_2repeat	0.1	0.3116	0.6591	0.0512	0.0036	0.044	0.0265	0.0331	0.6702	0.6778	0.0581	0.0041	0.7046	0.0085	0.0	0.3752	0.0121	0.0
15perc_2repeat	0.1	0.3201	0.6577	0.0632	0.0045	0.0652	0.0348	0.0454	0.6703	0.6708	0.061	0.0043	0.7242	0.0083	0.0	0.3989	0.0135	0.0
5perc_5repeat	0.1	0.3133	0.6656	0.0343	0.0024	0.0426	0.0118	0.0185	0.6703	0.6789	0.0605	0.0043	0.7271	0.0076	0.0	0.3802	0.0135	0.0
15perc_10repeat	0.1	0.3104	0.665	0.0348	0.0025	0.0367	0.014	0.0203	0.6685	0.6709	0.0596	0.0042	0.7166	0.0079	0.0	0.3516	0.0135	0.0
100perc_2repeat	0.05	0.3118	0.6438	0.078	0.0055	0.0644	0.0693	0.0668	0.6689	0.6794	0.0756	0.0053	0.6598	0.0126	0.0	0.4069	0.0126	0.0
100perc_5repeat	0.05	0.3282	0.6269	0.1013	0.0072	0.1107	0.1173	0.1139	0.6689	0.6784	0.0843	0.006	0.6575	0.0131	0.0	0.4351	0.0131	0.0
40perc_2repeat	0.05	0.346	0.6124	0.1198	0.0085	0.1103	0.1627	0.1315	0.6689	0.6666	0.1014	0.0072	0.6544	0.0146	0.0	0.4089	0.017	0.0
90perc_5repeat	0.05	0.3358	0.6151	0.118	0.0083	0.096	0.155	0.1185	0.6689	0.6528	0.0963	0.0068	0.6353	0.013	0.0	0.4247	0.0135	0.0
5perc_5repeat	0.05	0.3335	0.6308	0.0973	0.0069	0.0743	0.1096	0.0886	0.6689	0.6707	0.0822	0.0058	0.6757	0.0168	0.0	0.3661	0.0196	0.0
5perc_2repeat	0.05	0.3386	0.6203	0.1061	0.0075	0.1021	0.1374	0.1171	0.6689	0.6701	0.0837	0.0059	0.6598	0.0167	0.0	0.37	0.0172	0.0
60perc_2repeat	0.05	0.3206	0.6338	0.0929	0.0066	0.0933	0.1008	0.0969	0.6689	0.6712	0.0841	0.0059	0.6543	0.0136	0.0	0.3972	0.015	0.0
50perc_10repeat	0.05	0.3377	0.6186	0.1062	0.0075	0.1114	0.1398	0.124	0.6672	0.6725	0.0825	0.0058	0.644	0.0179	0.0	0.3473	0.0178	0.0
15perc_5repeat	0.05	0.3419	0.6178	0.1132	0.008	0.0913	0.1465	0.1125	0.6689	0.6613	0.0843	0.006	0.6533	0.0178	0.0	0.3461	0.0196	0.0
60perc_10repeat	0.05	0.3427	0.6209	0.1123	0.0079	0.0886	0.1353	0.1071	0.6689	0.677	0.0857	0.0061	0.6857	0.0154	0.0	0.3912	0.0172	0.0
40perc_10repeat	0.05	0.3487	0.608	0.1208	0.0085	0.106	0.1737	0.1316	0.6689	0.6631	0.0891	0.0063	0.6398	0.0175	0.0	0.3489	0.0196	0.0
50perc_5repeat	0.05	0.322	0.6382	0.0877	0.0062	0.0604	0.0874	0.0714	0.6689	0.6788	0.0906	0.0064	0.6726	0.015	0.0	0.3867	0.0167	0.0
5perc_2repeat	0.2	0.3147	0.6692	0.0262	0.0019	0.0019	0.0044	0.0026	0.6714	0.6705	0.0386	0.0027	0.7267	0.0045	0.0	0.3887	0.0065	0.0
50perc_2repeat	0.1	0.3089	0.6694	0.0127	0.0009	0.037	0.0034	0.0062	0.6703	0.6779	0.0621	0.0044	0.718	0.0078	0.0	0.392	0.0118	0.0
40perc_10repeat	0.1	0.3111	0.6585	0.0579	0.0041	0.0635	0.0334	0.0438	0.6703	0.6704	0.0638	0.0045	0.6978	0.0089	0.0	0.3513	0.0137	0.0
50perc_5repeat	0.1	0.3138	0.6607	0.0523	0.0037	0.0409	0.027	0.0325	0.6703	0.6757	0.0562	0.004	0.7126	0.0079	0.0	0.3809	0.0135	0.0
70perc_2repeat	0.1	0.3172	0.6569	0.0618	0.0044	0.0443	0.0363	0.0399	0.6703	0.675	0.0594	0.0042	0.7059	0.0085	0.0	0.3963	0.0128	0.0
60perc_2repeat	0.1	0.315	0.6597	0.0582	0.0041	0.0512	0.0323	0.0396	0.6703	0.667	0.0576	0.0041	0.7072	0.008	0.0	0.3894	0.0112	0.0
60perc_5repeat	0.1	0.3107	0.6657	0.0309	0.0022	0.0462	0.012	0.0191	0.6703	0.675	0.0558	0.0039	0.7095	0.0082	0.0	0.367	0.0133	0.0
70perc_5repeat	0.1	0.3113	0.6583	0.0611	0.0043	0.0639	0.0355	0.0457	0.6703	0.6665	0.0648	0.0046	0.6977	0.0087	0.0	0.3779	0.0116	0.0
80perc_2repeat	0.1	0.3166	0.6569	0.0608	0.0043	0.0424	0.0361	0.039	0.6685	0.676	0.055	0.0039	0.7033	0.0075	0.0	0.3767	0.0122	0.0
90perc_2repeat	0.1	0.3127	0.6612	0.0568	0.004	0.056	0.0281	0.0375	0.6711	0.6696	0.0628	0.0044	0.7051	0.0073	0.0	0.3898	0.012	0.0
90perc_5repeat	0.1	0.3171	0.6585	0.0597	0.0042	0.0366	0.0331	0.0348	0.6703	0.6692	0.0596	0.0042	0.71	0.0075	0.0	0.4009	0.0106	0.0
80perc_5repeat	0.1	0.3159	0.6574	0.0614	0.0043	0.0476	0.0358	0.0409	0.6703	0.6688	0.0695	0.0049	0.7041	0.0084	0.0	0.379	0.0128	0.0
100perc_5repeat	0.1	0.3098	0.6673	0.022	0.0016	0.0299	0.0061	0.0102	0.6685	0.6785	0.0562	0.004	0.7131	0.0079	0.0	0.3784	0.0115	0.0
100perc_2repeat	0.1	0.3088	0.6649	0.0358	0.0025	0.0286	0.0128	0.0177	0.6703	0.6767	0.0597	0.0042	0.6978	0.0077	0.0	0.3729	0.0105	0.0
90perc_10repeat	0.1	0.3126	0.6637	0.0458	0.0032	0.035	0.0184	0.0241	0.6703	0.6744	0.065	0.0046	0.7145	0.0077	0.0	0.3887	0.0109	0.0
50perc_10repeat	0.1	0.322	0.6503	0.0778	0.0055	0.0745	0.0547	0.0631	0.6703	0.6704	0.0639	0.0045	0.7178	0.0088	0.0	0.4134	0.0148	0.0
100perc_10repeat	0.1	0.3098	0.6651	0.037	0.0026	0.0338	0.0138	0.0196	0.6703	0.6748	0.0576	0.0041	0.7002	0.0074	0.0	0.3796	0.0111	0.0
60perc_10repeat	0.1	0.3153	0.6617	0.0471	0.0033	0.0358	0.0223	0.0275	0.6703	0.678	0.0572	0.004	0.7133	0.0079	0.0	0.344	0.0135	0.0
70perc_10repeat	0.1	0.3119	0.6581	0.0588	0.0042	0.0556	0.0328	0.0412	0.6703	0.6739	0.0581	0.0041	0.6992	0.009	0.0	0.3699	0.0123	0.0
80perc_10repeat	0.1	0.311	0.66	0.0549	0.0039	0.0423	0.0293	0.0346	0.6703	0.6657	0.0644	0.0046	0.7048	0.0089	0.0	0.3876	0.0121	0.0
15perc_2repeat	0.2	0.3143	0.671	0.0091	0.0006	0.0033	0.0	0.0001	0.6714	0.6706	0.0362	0.0026	0.7288	0.0045	0.0	0.4004	0.0067	0.0
5perc_5repeat	0.2	0.3154	0.6706	0.0088	0.0006	0.0106	0.0001	0.0001	0.6714	0.6726	0.0352	0.0025	0.7314	0.0042	0.0	0.3829	0.0068	0.0
15perc_5repeat	0.2	0.3145	0.6712	0.0087	0.0006	0.0004	0.0	0.0	0.6714	0.669	0.0347	0.0025	0.7291	0.004	0.0	0.3901	0.007	0.0
5perc_10repeat	0.2	0.3141	0.6711	0.0102	0.0007	0.0087	0.0002	0.0004	0.6714	0.6698	0.0413	0.0029	0.7283	0.0042	0.0	0.3889	0.0082	0.0
15perc_10repeat	0.2	0.3151	0.6707	0.0096	0.0007	0.0047	0.0	0.0001	0.6714	0.6723	0.0383	0.0027	0.7305	0.0041	0.0	0.3811	0.0076	0.0
80perc_5repeat	0.2	0.3138	0.6713	0.0088	0.0006	0.0126	0.0001	0.0003	0.6714	0.6701	0.04	0.0028	0.7226	0.0041	0.0	0.389	0.0077	0.0
5perc_2repeat	0.25	0.3159	0.6705	0.0101	0.0007	0.0012	0.0	0.0	0.671	0.6725	0.0306	0.0022	0.7287	0.0031	0.0	0.3876	0.0052	0.0
30perc_2repeat	0.2	0.3153	0.6699	0.01	0.0007	0.0078	0.0002	0.0005	0.6694	0.6753	0.0418	0.003	0.7265	0.0046	0.0	0.3761	0.0072	0.0
15perc_2repeat	0.25	0.3119	0.6724	0.0115	0.0008	0.007	0.0001	0.0002	0.6731	0.6662	0.0343	0.0024	0.719	0.004	0.0	0.3959	0.0058	0.0
30perc_2repeat	0.25	0.315	0.6706	0.0111	0.0008	0.0018	0.0	0.0	0.671	0.6727	0.0353	0.0025	0.7265	0.0037	0.0	0.3851	0.0058	0.0
40perc_2repeat	0.25	0.3136	0.6715	0.0105	0.0007	0.005	0.0001	0.0001	0.671	0.6701	0.0331	0.0023	0.7214	0.0034	0.0	0.3896	0.0057	0.0
90perc_2repeat	0.2	0.3156	0.6699	0.0099	0.0007	0.0058	0.0002	0.0003	0.6694	0.6748	0.0437	0.0031	0.7326	0.0045	0.0	0.393	0.0067	0.0
80perc_10repeat	0.2	0.3151	0.6685	0.0215	0.0015	0.0126	0.0025	0.0042	0.6694	0.6742	0.0441	0.0031	0.7264	0.0045	0.0	0.3957	0.0072	0.0
100perc_5repeat	0.2	0.3127	0.6717	0.0093	0.0007	0.0095	0.0002	0.0005	0.6714	0.668	0.0374	0.0026	0.7178	0.0038	0.0	0.4036	0.0069	0.0
90perc_5repeat	0.2	0.3156	0.6699	0.0091	0.0006	0.0047	0.0001	0.0002	0.6694	0.6754	0.0391	0.0028	0.725	0.004	0.0	0.394	0.0068	0.0
100perc_2repeat	0.2	0.3139	0.6711	0.0097	0.0007	0.0026	0.0	0.0	0.6714	0.6705	0.039	0.0028	0.7234	0.0042	0.0	0.3946	0.006	0.0
90perc_10repeat	0.2	0.3121	0.6718	0.0097	0.0007	0.0182	0.0004	0.0007	0.6714	0.6679	0.0425	0.003	0.7154	0.0042	0.0	0.3924	0.0078	0.0
100perc_10repeat	0.2	0.3154	0.6705	0.0089	0.0006	0.0088	0.0001	0.0002	0.6714	0.673	0.0358	0.0025	0.7318	0.0041	0.0	0.4027	0.0067	0.0
40perc_5repeat	0.25	0.3142	0.6716	0.0107	0.0008	0.0011	0.0	0.0	0.6731	0.6694	0.0331	0.0023	0.7265	0.0036	0.0	0.3926	0.0061	0.0
30perc_5repeat	0.25	0.3142	0.6712	0.0105	0.0007	0.0092	0.0002	0.0003	0.671	0.6693	0.0327	0.0023	0.7269	0.0038	0.0	0.3916	0.0059	0.0
5perc_5repeat	0.25	0.3146	0.6708	0.0118	0.0008	0.0058	0.0004	0.0008	0.6731	0.6714	0.0352	0.0025	0.7236	0.0037	0.0	0.3957	0.0057	0.0
15perc_5repeat	0.25	0.3153	0.6703	0.0108	0.0008	0.0119	0.0001	0.0002	0.6688	0.6732	0.0327	0.0023	0.7276	0.0037	0.0	0.3773	0.0059	0.0
40perc_2repeat	0.2	0.3154	0.6699	0.0098	0.0007	0.0101	0.0001	0.0002	0.6694	0.6751	0.0403	0.0029	0.7247	0.0043	0.0	0.3819	0.0073	0.0
50perc_2repeat	0.2	0.3157	0.6686	0.0242	0.0017	0.0108	0.0046	0.0064	0.6694	0.6733	0.0395	0.0028	0.725	0.0044	0.0	0.3861	0.0078	0.0
40perc_10repeat	0.25	0.3152	0.6711	0.0109	0.0008	0.0063	0.0001	0.0002	0.671	0.6713	0.0333	0.0024	0.7297	0.0035	0.0	0.3874	0.0056	0.0
60perc_2repeat	0.2	0.3128	0.6711	0.0098	0.0007	0.0067	0.0	0.0001	0.6714	0.6709	0.0434	0.0031	0.7195	0.0046	0.0	0.3877	0.0071	0.0
30perc_5repeat	0.2	0.3138	0.671	0.0092	0.0007	0.0077	0.0002	0.0004	0.6714	0.6689	0.0363	0.0026	0.7276	0.0047	0.0	0.3959	0.0069	0.0
30perc_10repeat	0.25	0.3132	0.6718	0.0102	0.0007	0.0047	0.0	0.0001	0.671	0.6683	0.0314	0.0022	0.7234	0.0036	0.0	0.3933	0.0057	0.0
40perc_5repeat	0.2	0.3133	0.6709	0.0096	0.0007	0.0061	0.0001	0.0002	0.6714	0.6714	0.041	0.0029	0.7234	0.0047	0.0	0.393	0.0073	0.0
50perc_5repeat	0.2	0.31	0.6727	0.0093	0.0007	0.0197	0.0003	0.0006	0.6714	0.6641	0.0402	0.0028	0.711	0.0045	0.0	0.3904	0.0075	0.0
15perc_10repeat	0.25	0.3119	0.6728	0.0105	0.0007	0.0033	0.0002	0.0003	0.671	0.6656	0.0315	0.0022	0.7221	0.0036	0.0	0.3991	0.0057	0.0
5perc_10repeat	0.25	0.314	0.6716	0.0113	0.0008	0.0023	0.0	0.0001	0.671	0.6692	0.0339	0.0024	0.725	0.0037	0.0	0.3892	0.0061	0.0
30perc_10repeat	0.2	0.3123	0.6713	0.0105	0.0007	0.0141	0.0018	0.0032	0.6694	0.6683	0.0436	0.0031	0.7239	0.0047	0.0	0.3803	0.0077	0.0
50perc_10repeat	0.2	0.3137	0.6715	0.0097	0.0007	0.0011	0.0	0.0	0.6714	0.6684	0.0413	0.0029	0.7265	0.0044	0.0	0.3922	0.0067	0.0
60perc_5repeat	0.2	0.3103	0.6723	0.0088	0.0006	0.0143	0.0003	0.0007	0.6714	0.6653	0.0379	0.0027	0.7161	0.005	0.0	0.4001	0.0069	0.0
70perc_2repeat	0.2	0.3163	0.6705	0.0083	0.0006	0.0035	0.0001	0.0001	0.6694	0.6722	0.0374	0.0026	0.7369	0.0041	0.0	0.3951	0.0072	0.0
40perc_10repeat	0.2	0.3144	0.6704	0.0091	0.0006	0.0054	0.0005	0.0009	0.6704	0.672	0.0372	0.0026	0.7287	0.0046	0.0	0.3922	0.0074	0.0
70perc_5repeat	0.2	0.3139	0.671	0.0096	0.0007	0.0186	0.0005	0.0009	0.6714	0.6692	0.0438	0.0031	0.7309	0.0043	0.0	0.397	0.0077	0.0
60perc_10repeat	0.2	0.3136	0.6712	0.0092	0.0007	0.0072	0.0001	0.0002	0.6714	0.6705	0.0384	0.0027	0.7296	0.0047	0.0	0.3932	0.0071	0.0
70perc_10repeat	0.2	0.3125	0.6717	0.0097	0.0007	0.0196	0.0003	0.0006	0.6714	0.6678	0.0419	0.003	0.7245	0.0044	0.0	0.4008	0.0077	0.0
50perc_2repeat	0.25	0.3142	0.6711	0.011	0.0008	0.0009	0.0	0.0	0.671	0.6706	0.0359	0.0025	0.7233	0.0038	0.0	0.3864	0.0059	0.0
50perc_5repeat	0.25	0.3168	0.6689	0.0111	0.0008	0.0012	0.0	0.0	0.6688	0.6756	0.0345	0.0024	0.7274	0.0038	0.0	0.381	0.0064	0.0
60perc_2repeat	0.25	0.313	0.6721	0.0104	0.0007	0.0008	0.0	0.0	0.672	0.6685	0.0343	0.0024	0.7208	0.0037	0.0	0.39	0.006	0.0
50perc_10repeat	0.25	0.3153	0.6703	0.0102	0.0007	0.0	0.0	0.0	0.6688	0.6728	0.032	0.0023	0.723	0.0035	0.0	0.377	0.0058	0.0
80perc_2repeat	0.2	0.3144	0.6707	0.0098	0.0007	0.0101	0.0001	0.0002	0.6694	0.6738	0.044	0.0031	0.7215	0.0041	0.0	0.3926	0.0064	0.0
60perc_5repeat	0.25	0.3162	0.67	0.0118	0.0008	0.0021	0.0	0.0	0.6688	0.6735	0.0376	0.0027	0.7329	0.0039	0.0	0.3917	0.0061	0.0
70perc_2repeat	0.25	0.3149	0.6713	0.0105	0.0007	0.0012	0.0	0.0	0.671	0.6711	0.0361	0.0026	0.728	0.0035	0.0	0.3914	0.0058	0.0
80perc_2repeat	0.25	0.3148	0.6711	0.0107	0.0008	0.006	0.0	0.0001	0.671	0.6697	0.0352	0.0025	0.7288	0.0032	0.0	0.3963	0.0054	0.0
90perc_2repeat	0.25	0.3143	0.6712	0.0109	0.0008	0.0	0.0	0.0	0.671	0.6712	0.0367	0.0026	0.7241	0.0033	0.0	0.3974	0.0055	0.0
5perc_2repeat	0.3	0.3144	0.6719	0.012	0.0009	0.0028	0.0001	0.0001	0.6705	0.6685	0.0283	0.002	0.7279	0.0028	0.0	0.3947	0.0049	0.0
15perc_2repeat	0.3	0.3149	0.671	0.0125	0.0009	0.0	0.0	0.0	0.6705	0.671	0.03	0.0021	0.7288	0.0032	0.0	0.3931	0.005	0.0
100perc_5repeat	0.25	0.3149	0.6711	0.0103	0.0007	0.0006	0.0	0.0	0.6731	0.6705	0.0309	0.0022	0.725	0.0034	0.0	0.3974	0.0057	0.0
90perc_5repeat	0.25	0.3149	0.671	0.0104	0.0007	0.002	0.0	0.0	0.671	0.6714	0.0356	0.0025	0.7259	0.0033	0.0	0.3901	0.0055	0.0
80perc_5repeat	0.25	0.3149	0.671	0.0106	0.0008	0.004	0.0001	0.0002	0.671	0.671	0.0376	0.0027	0.7276	0.0034	0.0	0.3892	0.0061	0.0
100perc_2repeat	0.25	0.314	0.6716	0.0117	0.0008	0.0072	0.0004	0.0007	0.671	0.6691	0.0351	0.0025	0.727	0.0037	0.0	0.3865	0.0058	0.0
60perc_10repeat	0.25	0.3136	0.6714	0.0106	0.0008	0.0052	0.0	0.0001	0.672	0.6682	0.0349	0.0025	0.7222	0.0039	0.0	0.3893	0.0063	0.0
100perc_10repeat	0.25	0.3139	0.6711	0.0119	0.0008	0.001	0.0	0.0	0.671	0.6704	0.0357	0.0025	0.7238	0.0039	0.0	0.385	0.0057	0.0
90perc_10repeat	0.25	0.3127	0.6716	0.0108	0.0008	0.0007	0.0	0.0	0.672	0.6691	0.0361	0.0026	0.7157	0.0038	0.0	0.3907	0.0058	0.0
80perc_10repeat	0.25	0.3127	0.6719	0.011	0.0008	0.0028	0.0001	0.0001	0.671	0.6667	0.0361	0.0026	0.719	0.0037	0.0	0.391	0.0059	0.0
70perc_10repeat	0.25	0.3154	0.6705	0.0099	0.0007	0.005	0.0001	0.0001	0.671	0.6717	0.0318	0.0023	0.729	0.0034	0.0	0.395	0.0061	0.0
40perc_2repeat	0.3	0.3132	0.6726	0.012	0.0008	0.0072	0.0001	0.0001	0.6728	0.6677	0.0298	0.0021	0.7255	0.0031	0.0	0.3944	0.005	0.0
5perc_5repeat	0.3	0.3165	0.6694	0.0132	0.0009	0.0	0.0	0.0	0.6682	0.6749	0.031	0.0022	0.7269	0.0032	0.0	0.388	0.0048	0.0
50perc_2repeat	0.3	0.315	0.671	0.0134	0.0009	0.0002	0.0	0.0	0.6705	0.6702	0.033	0.0023	0.7258	0.0028	0.0	0.3961	0.0048	0.0
30perc_5repeat	0.3	0.3162	0.6701	0.0118	0.0008	0.0008	0.0	0.0	0.6694	0.6727	0.0281	0.002	0.7282	0.0031	0.0	0.388	0.0046	0.0
50perc_5repeat	0.3	0.3147	0.6713	0.012	0.0008	0.0032	0.0	0.0001	0.6728	0.6699	0.0306	0.0022	0.732	0.0031	0.0	0.3984	0.0052	0.0
5perc_10repeat	0.3	0.3159	0.6703	0.0126	0.0009	0.0052	0.0	0.0001	0.6682	0.6726	0.0295	0.0021	0.7317	0.003	0.0	0.3943	0.0047	0.0
70perc_5repeat	0.25	0.3158	0.6699	0.0101	0.0007	0.0095	0.0003	0.0006	0.6688	0.6711	0.0329	0.0023	0.7298	0.0037	0.0	0.3913	0.0064	0.0
30perc_2repeat	0.3	0.3163	0.6698	0.012	0.0009	0.0	0.0	0.0	0.6682	0.6734	0.0304	0.0021	0.7269	0.0032	0.0	0.3877	0.0044	0.0
80perc_5repeat	0.3	0.3156	0.6705	0.0105	0.0007	0.0	0.0	0.0	0.6705	0.6724	0.0293	0.0021	0.7259	0.0028	0.0	0.3918	0.0044	0.0
15perc_5repeat	0.3	0.3159	0.6706	0.0125	0.0009	0.0032	0.0	0.0001	0.6705	0.6722	0.0297	0.0021	0.731	0.0031	0.0	0.3888	0.0052	0.0
60perc_2repeat	0.3	0.3154	0.6706	0.0124	0.0009	0.0006	0.0	0.0	0.6705	0.6716	0.032	0.0023	0.7289	0.003	0.0	0.3938	0.0051	0.0
70perc_2repeat	0.3	0.3135	0.6718	0.0127	0.0009	0.0065	0.0001	0.0001	0.6705	0.6679	0.0316	0.0022	0.7229	0.0031	0.0	0.3941	0.0047	0.0
40perc_5repeat	0.3	0.3136	0.6722	0.0109	0.0008	0.0033	0.0	0.0001	0.6728	0.6688	0.0274	0.0019	0.7255	0.0029	0.0	0.3955	0.0041	0.0
60perc_5repeat	0.3	0.316	0.6702	0.0125	0.0009	0.0053	0.0	0.0001	0.6705	0.6747	0.0307	0.0022	0.7307	0.0034	0.0	0.3903	0.0046	0.0
80perc_2repeat	0.3	0.315	0.6707	0.0127	0.0009	0.0	0.0	0.0	0.6705	0.6717	0.0321	0.0023	0.724	0.0031	0.0	0.3881	0.0048	0.0
70perc_5repeat	0.3	0.3141	0.6716	0.0133	0.0009	0.0044	0.0001	0.0002	0.6728	0.6689	0.0341	0.0024	0.7283	0.0031	0.0	0.3991	0.0049	0.0
80perc_10repeat	0.3	0.3142	0.6714	0.0129	0.0009	0.0014	0.0	0.0	0.6728	0.67	0.0341	0.0024	0.7239	0.003	0.0	0.3963	0.0049	0.0
40perc_10repeat	0.3	0.3153	0.6709	0.0134	0.0009	0.0021	0.0001	0.0002	0.6705	0.6696	0.0319	0.0023	0.7301	0.0032	0.0	0.3902	0.0046	0.0
60perc_10repeat	0.3	0.314	0.6717	0.0132	0.0009	0.0079	0.0001	0.0002	0.6705	0.6692	0.0323	0.0023	0.7238	0.0032	0.0	0.3876	0.0053	0.0
90perc_2repeat	0.3	0.3152	0.6709	0.012	0.0008	0.0	0.0	0.0	0.6705	0.6702	0.0295	0.0021	0.7292	0.0028	0.0	0.3999	0.0049	0.0
50perc_10repeat	0.3	0.3141	0.672	0.0125	0.0009	0.0035	0.0	0.0001	0.6728	0.67	0.0302	0.0021	0.7279	0.003	0.0	0.3943	0.0051	0.0
70perc_10repeat	0.3	0.3142	0.6716	0.0118	0.0008	0.0009	0.0	0.0	0.6705	0.6709	0.0295	0.0021	0.7232	0.0029	0.0	0.3911	0.0048	0.0
15perc_10repeat	0.3	0.3141	0.6716	0.0119	0.0008	0.0049	0.0	0.0001	0.6705	0.6697	0.0276	0.0019	0.7245	0.003	0.0	0.3939	0.005	0.0
30perc_10repeat	0.3	0.3138	0.6719	0.0132	0.0009	0.0	0.0	0.0	0.6682	0.6688	0.0318	0.0023	0.7265	0.0033	0.0	0.3949	0.0047	0.0
90perc_5repeat	0.3	0.315	0.671	0.0124	0.0009	0.0021	0.0001	0.0002	0.6705	0.6723	0.0328	0.0023	0.7276	0.0031	0.0	0.3899	0.0049	0.0
30perc_2repeat	0.35	0.3159	0.6705	0.0141	0.001	0.0018	0.0	0.0	0.67	0.6724	0.0281	0.002	0.7295	0.0027	0.0	0.3858	0.004	0.0
100perc_5repeat	0.3	0.3124	0.6724	0.0128	0.0009	0.0037	0.0001	0.0002	0.6728	0.6676	0.0297	0.0021	0.7223	0.0032	0.0	0.4066	0.0044	0.0
15perc_2repeat	0.35	0.3144	0.6721	0.0131	0.0009	0.0	0.0	0.0	0.6725	0.6693	0.0251	0.0018	0.7314	0.0027	0.0	0.3893	0.0043	0.0
5perc_2repeat	0.35	0.3127	0.6729	0.0145	0.001	0.0	0.0	0.0	0.6749	0.6668	0.0273	0.0019	0.7263	0.0025	0.0	0.397	0.0041	0.0
40perc_2repeat	0.35	0.3148	0.6715	0.0138	0.001	0.0049	0.0	0.0001	0.6712	0.6711	0.0287	0.002	0.7314	0.0027	0.0	0.3938	0.0044	0.0
100perc_10repeat	0.3	0.3154	0.671	0.0119	0.0008	0.0	0.0	0.0	0.6705	0.6709	0.0278	0.002	0.7314	0.0029	0.0	0.3924	0.0047	0.0
50perc_2repeat	0.35	0.3151	0.671	0.013	0.0009	0.0	0.0	0.0	0.6725	0.6711	0.026	0.0018	0.7277	0.0026	0.0	0.3943	0.0042	0.0
100perc_2repeat	0.3	0.3164	0.6703	0.0122	0.0009	0.0074	0.0001	0.0002	0.6705	0.6726	0.0283	0.002	0.7306	0.0028	0.0	0.3905	0.0049	0.0
40perc_5repeat	0.35	0.3122	0.6729	0.0144	0.001	0.0	0.0	0.0	0.6725	0.6664	0.0284	0.002	0.7216	0.0026	0.0	0.3959	0.0042	0.0
30perc_5repeat	0.35	0.3178	0.6687	0.0137	0.001	0.0018	0.0	0.0001	0.6675	0.6755	0.0266	0.0019	0.7328	0.0026	0.0	0.3904	0.0045	0.0
60perc_2repeat	0.35	0.3139	0.672	0.0148	0.001	0.0007	0.0	0.0	0.6712	0.6695	0.0304	0.0022	0.7273	0.003	0.0	0.3976	0.0046	0.0
15perc_5repeat	0.35	0.3149	0.6713	0.0146	0.001	0.0	0.0	0.0	0.6712	0.6706	0.0276	0.002	0.7274	0.0026	0.0	0.3886	0.0042	0.0
5perc_5repeat	0.35	0.3154	0.6707	0.0136	0.001	0.0	0.0	0.0	0.67	0.6714	0.0254	0.0018	0.729	0.0026	0.0	0.3915	0.0043	0.0
50perc_5repeat	0.35	0.3136	0.6723	0.0138	0.001	0.0042	0.0	0.0001	0.6725	0.6693	0.0261	0.0018	0.7253	0.0026	0.0	0.3918	0.0044	0.0
60perc_5repeat	0.35	0.3134	0.6723	0.0139	0.001	0.0006	0.0	0.0	0.6725	0.6693	0.0285	0.002	0.7272	0.0026	0.0	0.3993	0.0046	0.0
30perc_10repeat	0.35	0.3147	0.6716	0.0138	0.001	0.0004	0.0	0.0	0.6712	0.6703	0.0261	0.0018	0.7294	0.0027	0.0	0.3902	0.0043	0.0
40perc_10repeat	0.35	0.3147	0.6712	0.0141	0.001	0.0	0.0	0.0	0.67	0.6714	0.0281	0.002	0.7286	0.0026	0.0	0.3929	0.0046	0.0
50perc_10repeat	0.35	0.316	0.6703	0.0144	0.001	0.0004	0.0	0.0	0.67	0.6731	0.0283	0.002	0.7287	0.0027	0.0	0.3831	0.0048	0.0
15perc_10repeat	0.35	0.3125	0.6729	0.0127	0.0009	0.0014	0.0	0.0	0.6725	0.6674	0.0241	0.0017	0.7242	0.0025	0.0	0.4008	0.004	0.0
5perc_10repeat	0.35	0.3154	0.6707	0.0145	0.001	0.0	0.0	0.0	0.67	0.6716	0.0269	0.0019	0.7265	0.0027	0.0	0.3906	0.0037	0.0
60perc_10repeat	0.35	0.3165	0.6698	0.0139	0.001	0.0047	0.0	0.0001	0.67	0.6723	0.0266	0.0019	0.731	0.0031	0.0	0.3943	0.0041	0.0
90perc_10repeat	0.3	0.3141	0.6716	0.0127	0.0009	0.0	0.0	0.0	0.6717	0.6703	0.0347	0.0025	0.726	0.0031	0.0	0.3924	0.0049	0.0
100perc_5repeat	0.35	0.3159	0.6709	0.0136	0.001	0.0	0.0	0.0	0.67	0.671	0.0253	0.0018	0.7332	0.0024	0.0	0.3953	0.004	0.0
70perc_10repeat	0.35	0.315	0.6709	0.0134	0.001	0.0002	0.0	0.0	0.67	0.6712	0.0285	0.002	0.7273	0.0029	0.0	0.3944	0.0043	0.0
30perc_2repeat	0.4	0.3162	0.6701	0.0156	0.0011	0.005	0.0	0.0001	0.6694	0.672	0.0252	0.0018	0.7304	0.0025	0.0	0.3892	0.004	0.0
40perc_2repeat	0.4	0.3163	0.6701	0.0144	0.001	0.0	0.0	0.0	0.6694	0.672	0.0236	0.0017	0.7303	0.0023	0.0	0.3883	0.0035	0.0
50perc_2repeat	0.4	0.3131	0.6723	0.0152	0.0011	0.0	0.0	0.0	0.672	0.6689	0.0247	0.0017	0.7243	0.0024	0.0	0.3914	0.0037	0.0
60perc_2repeat	0.4	0.3152	0.6708	0.0145	0.001	0.0	0.0	0.0	0.6694	0.6707	0.0252	0.0018	0.7282	0.0023	0.0	0.3884	0.0038	0.0
40perc_5repeat	0.4	0.3144	0.6716	0.0144	0.001	0.0	0.0	0.0	0.6694	0.6698	0.0235	0.0017	0.7298	0.0024	0.0	0.3952	0.004	0.0
70perc_2repeat	0.4	0.3146	0.6715	0.0147	0.001	0.0002	0.0	0.0	0.672	0.6709	0.0263	0.0019	0.7289	0.0023	0.0	0.3918	0.0037	0.0
30perc_5repeat	0.4	0.3148	0.671	0.0158	0.0011	0.0	0.0	0.0	0.672	0.6713	0.0249	0.0018	0.726	0.0024	0.0	0.3883	0.0038	0.0
50perc_5repeat	0.4	0.3157	0.6707	0.0165	0.0012	0.0	0.0	0.0	0.672	0.6716	0.0275	0.0019	0.7319	0.0024	0.0	0.3921	0.0037	0.0
60perc_5repeat	0.4	0.3126	0.6727	0.0166	0.0012	0.0	0.0	0.0	0.6734	0.668	0.0278	0.002	0.7232	0.0026	0.0	0.3884	0.004	0.0
5perc_5repeat	0.4	0.3177	0.669	0.0161	0.0011	0.0	0.0	0.0	0.6694	0.674	0.0242	0.0017	0.7347	0.0021	0.0	0.3927	0.0038	0.0
70perc_5repeat	0.4	0.3143	0.6716	0.016	0.0011	0.0001	0.0	0.0	0.672	0.6703	0.0267	0.0019	0.7263	0.0026	0.0	0.3894	0.0034	0.0
80perc_2repeat	0.4	0.3171	0.6692	0.0157	0.0011	0.0	0.0	0.0	0.6694	0.6728	0.0253	0.0018	0.7319	0.0024	0.0	0.3927	0.0033	0.0
70perc_10repeat	0.4	0.317	0.6699	0.0145	0.001	0.0	0.0	0.0	0.6694	0.6727	0.0243	0.0017	0.736	0.0023	0.0	0.3948	0.0036	0.0
90perc_2repeat	0.4	0.3122	0.6732	0.0143	0.001	0.0	0.0	0.0	0.672	0.6677	0.0246	0.0017	0.7243	0.0023	0.0	0.3983	0.0035	0.0
70perc_2repeat	0.35	0.3178	0.6691	0.0123	0.0009	0.0	0.0	0.0	0.67	0.6752	0.0262	0.0019	0.7332	0.0024	0.0	0.3891	0.0043	0.0
60perc_10repeat	0.4	0.3168	0.6694	0.0156	0.0011	0.0	0.0	0.0	0.6694	0.6732	0.0256	0.0018	0.7316	0.0026	0.0	0.3919	0.0039	0.0
80perc_5repeat	0.4	0.3133	0.6726	0.0164	0.0012	0.0	0.0	0.0	0.6747	0.6684	0.0273	0.0019	0.7254	0.0025	0.0	0.3933	0.0037	0.0
40perc_10repeat	0.4	0.3131	0.673	0.0155	0.0011	0.0	0.0	0.0	0.6747	0.6688	0.0249	0.0018	0.7293	0.0023	0.0	0.3971	0.0039	0.0
90perc_5repeat	0.4	0.3156	0.6703	0.015	0.0011	0.0018	0.0	0.0	0.672	0.672	0.0244	0.0017	0.7297	0.0023	0.0	0.4003	0.0037	0.0
30perc_10repeat	0.4	0.3145	0.6712	0.0151	0.0011	0.0	0.0	0.0	0.672	0.6702	0.0234	0.0017	0.7262	0.0026	0.0	0.3919	0.0036	0.0
80perc_10repeat	0.4	0.3162	0.6703	0.0162	0.0011	0.0	0.0	0.0	0.6694	0.6718	0.0258	0.0018	0.734	0.0024	0.0	0.3976	0.004	0.0
70perc_5repeat	0.35	0.3164	0.6698	0.0132	0.0009	0.0	0.0	0.0	0.67	0.6745	0.0277	0.002	0.7274	0.0024	0.0	0.3866	0.0044	0.0
100perc_2repeat	0.4	0.316	0.6701	0.0144	0.001	0.0003	0.0	0.0	0.6694	0.6722	0.0216	0.0015	0.7305	0.0023	0.0	0.3965	0.0037	0.0
90perc_10repeat	0.4	0.315	0.6713	0.0153	0.0011	0.0	0.0	0.0	0.6707	0.6721	0.0259	0.0018	0.7298	0.0021	0.0	0.3962	0.0036	0.0
80perc_2repeat	0.35	0.3159	0.6703	0.014	0.001	0.0	0.0	0.0	0.67	0.6716	0.0296	0.0021	0.7282	0.0028	0.0	0.3915	0.0043	0.0
90perc_2repeat	0.35	0.3132	0.6725	0.014	0.001	0.0	0.0	0.0	0.6725	0.6691	0.0285	0.002	0.7231	0.0025	0.0	0.3926	0.0041	0.0
80perc_5repeat	0.35	0.3143	0.6718	0.0135	0.001	0.0	0.0	0.0	0.6725	0.67	0.0282	0.002	0.7274	0.0027	0.0	0.3945	0.0042	0.0
80perc_10repeat	0.35	0.3152	0.6711	0.0138	0.001	0.0023	0.0	0.0001	0.67	0.6717	0.0279	0.002	0.7259	0.0027	0.0	0.3856	0.0043	0.0
90perc_5repeat	0.35	0.3144	0.6714	0.0144	0.001	0.0028	0.0	0.0	0.6725	0.6698	0.0308	0.0022	0.7277	0.0027	0.0	0.3969	0.0041	0.0
100perc_2repeat	0.35	0.3151	0.671	0.0135	0.001	0.0	0.0	0.0	0.6712	0.6709	0.025	0.0018	0.728	0.0026	0.0	0.392	0.004	0.0
5perc_2repeat	0.4	0.315	0.671	0.0158	0.0011	0.0004	0.0	0.0	0.6694	0.6707	0.0238	0.0017	0.7295	0.0023	0.0	0.3943	0.0041	0.0
15perc_2repeat	0.4	0.3154	0.671	0.0145	0.001	0.0	0.0	0.0	0.6694	0.6715	0.023	0.0016	0.7322	0.0023	0.0	0.3937	0.0032	0.0
90perc_10repeat	0.35	0.3154	0.6704	0.0145	0.001	0.0	0.0	0.0	0.67	0.6716	0.0301	0.0021	0.7257	0.0026	0.0	0.3926	0.0042	0.0
100perc_10repeat	0.35	0.3174	0.6693	0.0151	0.0011	0.0002	0.0	0.0	0.67	0.674	0.028	0.002	0.7318	0.0025	0.0	0.3894	0.0042	0.0
50perc_10repeat	0.4	0.3131	0.6728	0.0153	0.0011	0.0	0.0	0.0	0.672	0.6684	0.0229	0.0016	0.7275	0.0024	0.0	0.4001	0.0036	0.0
15perc_5repeat	0.4	0.315	0.6713	0.0149	0.0011	0.0	0.0	0.0	0.672	0.6706	0.023	0.0016	0.7311	0.0022	0.0	0.3933	0.0036	0.0
15perc_10repeat	0.4	0.3159	0.6703	0.0141	0.001	0.0	0.0	0.0	0.6694	0.6721	0.021	0.0015	0.7307	0.0023	0.0	0.3945	0.0035	0.0
5perc_10repeat	0.4	0.3136	0.6722	0.0152	0.0011	0.0	0.0	0.0	0.672	0.6694	0.0229	0.0016	0.7267	0.0022	0.0	0.3973	0.0033	0.0
15perc_2repeat	0.45	0.3156	0.6703	0.0184	0.0013	0.0	0.0	0.0	0.6716	0.672	0.0231	0.0016	0.7284	0.0021	0.0	0.3938	0.0034	0.0
30perc_2repeat	0.45	0.3139	0.6718	0.0167	0.0012	0.0	0.0	0.0	0.6716	0.67	0.0231	0.0016	0.7275	0.0021	0.0	0.3914	0.0031	0.0
40perc_2repeat	0.45	0.3152	0.6704	0.0183	0.0013	0.0	0.0	0.0	0.6686	0.6719	0.0244	0.0017	0.7276	0.0023	0.0	0.3935	0.0034	0.0
50perc_2repeat	0.45	0.3172	0.6691	0.017	0.0012	0.0	0.0	0.0	0.6686	0.6731	0.0233	0.0016	0.7332	0.0023	0.0	0.3899	0.0034	0.0
100perc_10repeat	0.4	0.3145	0.6716	0.0143	0.001	0.0	0.0	0.0	0.672	0.67	0.0215	0.0015	0.7263	0.0022	0.0	0.3954	0.0035	0.0
15perc_5repeat	0.45	0.3157	0.6704	0.0162	0.0011	0.0	0.0	0.0	0.6716	0.6713	0.0207	0.0015	0.7301	0.0022	0.0	0.3927	0.0032	0.0
70perc_2repeat	0.45	0.3139	0.6721	0.0167	0.0012	0.0002	0.0	0.0	0.6716	0.6703	0.0242	0.0017	0.7289	0.0019	0.0	0.3941	0.0034	0.0
5perc_2repeat	0.45	0.3167	0.6694	0.017	0.0012	0.0	0.0	0.0	0.6686	0.673	0.0206	0.0015	0.7292	0.002	0.0	0.3898	0.0034	0.0
30perc_5repeat	0.45	0.3131	0.6723	0.0163	0.0012	0.0	0.0	0.0	0.6745	0.6696	0.0209	0.0015	0.7263	0.0022	0.0	0.3968	0.0034	0.0
80perc_2repeat	0.45	0.3168	0.6696	0.0166	0.0012	0.0	0.0	0.0	0.6686	0.6726	0.024	0.0017	0.7319	0.0021	0.0	0.3957	0.0035	0.0
70perc_5repeat	0.45	0.3162	0.6697	0.0168	0.0012	0.0	0.0	0.0	0.6686	0.672	0.0237	0.0017	0.7289	0.0021	0.0	0.39	0.0033	0.0
50perc_5repeat	0.45	0.3145	0.6713	0.0173	0.0012	0.0	0.0	0.0	0.6701	0.671	0.0239	0.0017	0.7296	0.0022	0.0	0.3976	0.0033	0.0
60perc_5repeat	0.45	0.3157	0.6703	0.0172	0.0012	0.0	0.0	0.0	0.6716	0.6727	0.0228	0.0016	0.73	0.0021	0.0	0.3892	0.0031	0.0
90perc_2repeat	0.45	0.3144	0.6712	0.0169	0.0012	0.0	0.0	0.0	0.6701	0.6699	0.0235	0.0017	0.7276	0.002	0.0	0.3937	0.0032	0.0
80perc_10repeat	0.45	0.3132	0.6722	0.0165	0.0012	0.0	0.0	0.0	0.6745	0.6701	0.024	0.0017	0.7264	0.0021	0.0	0.3962	0.0032	0.0
70perc_10repeat	0.45	0.3156	0.6704	0.0156	0.0011	0.0	0.0	0.0	0.6686	0.6709	0.021	0.0015	0.7298	0.002	0.0	0.3925	0.0033	0.0
60perc_10repeat	0.45	0.3148	0.671	0.016	0.0011	0.0	0.0	0.0	0.6701	0.672	0.0215	0.0015	0.7305	0.0022	0.0	0.3946	0.0033	0.0
40perc_10repeat	0.45	0.3159	0.6702	0.0155	0.0011	0.0	0.0	0.0	0.6701	0.6712	0.0196	0.0014	0.7331	0.0021	0.0	0.398	0.0035	0.0
30perc_10repeat	0.45	0.3175	0.669	0.0174	0.0012	0.0	0.0	0.0	0.6686	0.6734	0.0216	0.0015	0.7332	0.0021	0.0	0.3908	0.0034	0.0
50perc_10repeat	0.45	0.3134	0.6721	0.0164	0.0012	0.0	0.0	0.0	0.6745	0.6695	0.0205	0.0015	0.7263	0.0022	0.0	0.3944	0.0034	0.0
15perc_10repeat	0.45	0.3128	0.6727	0.016	0.0011	0.0	0.0	0.0	0.6716	0.669	0.0193	0.0014	0.7265	0.0021	0.0	0.3957	0.0032	0.0
5perc_10repeat	0.45	0.3142	0.6719	0.0163	0.0012	0.0	0.0	0.0	0.6716	0.6698	0.02	0.0014	0.729	0.0018	0.0	0.3957	0.0033	0.0
5perc_5repeat	0.45	0.3155	0.6703	0.0168	0.0012	0.0	0.0	0.0	0.6686	0.6718	0.0208	0.0015	0.7299	0.002	0.0	0.3945	0.003	0.0
40perc_5repeat	0.45	0.3167	0.6693	0.019	0.0013	0.0	0.0	0.0	0.6686	0.6736	0.024	0.0017	0.733	0.0021	0.0	0.3959	0.0033	0.0
100perc_5repeat	0.4	0.3152	0.6712	0.0149	0.0011	0.0	0.0	0.0	0.6694	0.6707	0.0224	0.0016	0.7296	0.0022	0.0	0.3927	0.0036	0.0
60perc_2repeat	0.45	0.3163	0.6702	0.0164	0.0012	0.0	0.0	0.0	0.6716	0.6724	0.0227	0.0016	0.7335	0.0019	0.0	0.3935	0.0035	0.0
80perc_5repeat	0.45	0.3143	0.6716	0.0185	0.0013	0.0	0.0	0.0	0.6716	0.67	0.0276	0.002	0.7275	0.0022	0.0	0.3932	0.0033	0.0
100perc_2repeat	0.45	0.3143	0.6717	0.0193	0.0014	0.0	0.0	0.0	0.6716	0.6701	0.0235	0.0017	0.7282	0.0021	0.0	0.394	0.0033	0.0
90perc_5repeat	0.45	0.3141	0.6717	0.0159	0.0011	0.0006	0.0	0.0	0.6716	0.6699	0.0226	0.0016	0.7264	0.0019	0.0	0.3955	0.0031	0.0
100perc_5repeat	0.45	0.3143	0.6715	0.018	0.0013	0.0	0.0	0.0	0.6701	0.6703	0.022	0.0016	0.7268	0.0021	0.0	0.3939	0.0033	0.0
90perc_10repeat	0.45	0.3158	0.6701	0.0195	0.0014	0.0	0.0	0.0	0.6716	0.6724	0.0275	0.0019	0.727	0.0021	0.0	0.3894	0.0035	0.0
5perc_2repeat	0.5	0.3158	0.6699	0.0196	0.0014	0.0	0.0	0.0	0.6694	0.6719	0.0199	0.0014	0.7296	0.002	0.0	0.3944	0.003	0.0
100perc_10repeat	0.45	0.3147	0.6717	0.0174	0.0012	0.0	0.0	0.0	0.6716	0.6701	0.0212	0.0015	0.7308	0.0022	0.0	0.3903	0.0031	0.0
15perc_2repeat	0.5	0.3169	0.6692	0.0176	0.0012	0.0	0.0	0.0	0.6677	0.6729	0.018	0.0013	0.7323	0.0018	0.0	0.3939	0.0027	0.0
30perc_2repeat	0.5	0.3144	0.6711	0.0171	0.0012	0.0	0.0	0.0	0.671	0.6707	0.0184	0.0013	0.7285	0.0019	0.0	0.3961	0.003	0.0
40perc_2repeat	0.5	0.3164	0.6696	0.0175	0.0012	0.0	0.0	0.0	0.6677	0.6724	0.0187	0.0013	0.7316	0.0018	0.0	0.3902	0.0027	0.0
5perc_5repeat	0.5	0.3163	0.6696	0.0189	0.0013	0.0	0.0	0.0	0.6677	0.672	0.0192	0.0014	0.7326	0.002	0.0	0.3948	0.0025	0.0
15perc_5repeat	0.5	0.3158	0.6702	0.0197	0.0014	0.0	0.0	0.0	0.6694	0.672	0.0197	0.0014	0.7323	0.002	0.0	0.3956	0.0028	0.0
15perc_10repeat	0.5	0.3142	0.6713	0.0187	0.0013	0.0	0.0	0.0	0.671	0.6705	0.0191	0.0014	0.7269	0.002	0.0	0.3935	0.0026	0.0
50perc_2repeat	0.5	0.3157	0.6701	0.0206	0.0015	0.0	0.0	0.0	0.671	0.6722	0.0228	0.0016	0.7294	0.002	0.0	0.3918	0.0032	0.0
40perc_5repeat	0.5	0.3171	0.6688	0.0196	0.0014	0.0	0.0	0.0	0.6677	0.6736	0.0209	0.0015	0.7311	0.0018	0.0	0.3915	0.0032	0.0
60perc_2repeat	0.5	0.3157	0.6697	0.0183	0.0013	0.0	0.0	0.0	0.671	0.6716	0.0208	0.0015	0.7282	0.002	0.0	0.398	0.003	0.0
70perc_2repeat	0.5	0.3134	0.6718	0.0192	0.0014	0.0	0.0	0.0	0.671	0.6689	0.0212	0.0015	0.7256	0.0019	0.0	0.3952	0.003	0.0
80perc_2repeat	0.5	0.3159	0.6695	0.0187	0.0013	0.0	0.0	0.0	0.6677	0.6724	0.0219	0.0015	0.7288	0.0019	0.0	0.3937	0.0029	0.0
80perc_5repeat	0.5	0.3124	0.6734	0.019	0.0013	0.0	0.0	0.0	0.671	0.6693	0.0233	0.0016	0.7283	0.0019	0.0	0.3924	0.0032	0.0
70perc_5repeat	0.5	0.3142	0.6715	0.0174	0.0012	0.0	0.0	0.0	0.671	0.6702	0.0206	0.0015	0.7299	0.002	0.0	0.3986	0.0029	0.0
90perc_2repeat	0.5	0.3129	0.6723	0.0188	0.0013	0.0	0.0	0.0	0.671	0.6691	0.0208	0.0015	0.7265	0.002	0.0	0.3992	0.0027	0.0
5perc_2repeat	0.6	0.3138	0.6716	0.0229	0.0016	0.0	0.0	0.0	0.6694	0.6706	0.0157	0.0011	0.7301	0.0015	0.0	0.3977	0.002	0.0
100perc_2repeat	0.5	0.3153	0.6706	0.0177	0.0013	0.0026	0.0	0.0001	0.671	0.6713	0.0177	0.0012	0.7301	0.0018	0.0	0.3939	0.003	0.0
90perc_5repeat	0.5	0.3142	0.6715	0.0207	0.0015	0.0	0.0	0.0	0.671	0.67	0.0228	0.0016	0.7287	0.0019	0.0	0.3958	0.0029	0.0
100perc_5repeat	0.5	0.3155	0.6705	0.02	0.0014	0.0	0.0	0.0	0.671	0.6714	0.02	0.0014	0.7303	0.0019	0.0	0.3901	0.0029	0.0
70perc_10repeat	0.5	0.3153	0.6705	0.0192	0.0014	0.0	0.0	0.0	0.671	0.6713	0.0217	0.0015	0.7286	0.002	0.0	0.3922	0.0031	0.0
100perc_10repeat	0.5	0.316	0.6696	0.0196	0.0014	0.0	0.0	0.0	0.6677	0.6723	0.0196	0.0014	0.7299	0.0018	0.0	0.391	0.003	0.0
40perc_10repeat	0.5	0.318	0.6682	0.0187	0.0013	0.0	0.0	0.0	0.6677	0.6737	0.0197	0.0014	0.7322	0.0019	0.0	0.3879	0.0029	0.0
90perc_10repeat	0.5	0.3153	0.6705	0.0204	0.0014	0.0	0.0	0.0	0.671	0.6714	0.024	0.0017	0.7297	0.0019	0.0	0.3977	0.0029	0.0
60perc_10repeat	0.5	0.3134	0.6723	0.0199	0.0014	0.0	0.0	0.0	0.671	0.6693	0.0211	0.0015	0.7294	0.002	0.0	0.3944	0.003	0.0
80perc_10repeat	0.5	0.3133	0.6721	0.0193	0.0014	0.0	0.0	0.0	0.671	0.6694	0.0227	0.0016	0.7267	0.0021	0.0	0.3933	0.0029	0.0
50perc_10repeat	0.5	0.3153	0.6704	0.0195	0.0014	0.0	0.0	0.0	0.671	0.6712	0.0207	0.0015	0.7286	0.002	0.0	0.3924	0.0028	0.0
30perc_5repeat	0.5	0.3132	0.6725	0.0178	0.0013	0.0	0.0	0.0	0.671	0.6691	0.0183	0.0013	0.7303	0.002	0.0	0.3956	0.0027	0.0
5perc_10repeat	0.5	0.3154	0.6705	0.019	0.0013	0.0	0.0	0.0	0.671	0.6714	0.0191	0.0013	0.7311	0.0019	0.0	0.3945	0.003	0.0
60perc_5repeat	0.5	0.315	0.6707	0.0197	0.0014	0.0	0.0	0.0	0.671	0.671	0.0209	0.0015	0.7292	0.0019	0.0	0.3958	0.0028	0.0
50perc_5repeat	0.5	0.3122	0.6728	0.0182	0.0013	0.0	0.0	0.0	0.671	0.6691	0.0202	0.0014	0.725	0.002	0.0	0.3974	0.0029	0.0
30perc_10repeat	0.5	0.3113	0.6739	0.0202	0.0014	0.0	0.0	0.0	0.6742	0.6676	0.0213	0.0015	0.7269	0.0019	0.0	0.3973	0.0029	0.0
5perc_5repeat	0.6	0.3145	0.6706	0.0222	0.0016	0.0	0.0	0.0	0.6734	0.6714	0.0149	0.0011	0.7286	0.0014	0.0	0.3926	0.002	0.0
70perc_2repeat	0.6	0.315	0.6703	0.0215	0.0015	0.0	0.0	0.0	0.6694	0.6704	0.0177	0.0013	0.7294	0.0016	0.0	0.3948	0.0024	0.0
5perc_10repeat	0.6	0.314	0.6715	0.024	0.0017	0.0	0.0	0.0	0.6734	0.6707	0.0161	0.0011	0.7298	0.0015	0.0	0.393	0.0023	0.0
80perc_2repeat	0.6	0.3168	0.6685	0.0234	0.0017	0.0	0.0	0.0	0.6694	0.6727	0.0185	0.0013	0.729	0.0015	0.0	0.3924	0.0022	0.0
70perc_5repeat	0.6	0.3146	0.6707	0.0219	0.0015	0.0	0.0	0.0	0.6694	0.671	0.0179	0.0013	0.7288	0.0015	0.0	0.3958	0.0023	0.0
5perc_2repeat	0.7	0.3173	0.6677	0.0294	0.0021	0.0	0.0	0.0	0.6667	0.6724	0.013	0.0009	0.7296	0.0012	0.0	0.393	0.0018	0.0
80perc_5repeat	0.6	0.3118	0.6737	0.0218	0.0015	0.0	0.0	0.0	0.6734	0.6693	0.0176	0.0012	0.7302	0.0015	0.0	0.3973	0.0023	0.0
90perc_2repeat	0.6	0.3152	0.6704	0.0232	0.0016	0.0	0.0	0.0	0.6694	0.6726	0.0173	0.0012	0.7309	0.0014	0.0	0.3936	0.0023	0.0
30perc_2repeat	0.7	0.3168	0.668	0.0275	0.0019	0.0	0.0	0.0	0.6667	0.6717	0.0138	0.001	0.7314	0.0013	0.0	0.3949	0.002	0.0
15perc_2repeat	0.7	0.3133	0.6713	0.0267	0.0019	0.0	0.0	0.0	0.672	0.671	0.0123	0.0009	0.7311	0.0011	0.0	0.3956	0.0018	0.0
90perc_5repeat	0.6	0.3137	0.6715	0.0218	0.0015	0.0	0.0	0.0	0.6734	0.6712	0.0173	0.0012	0.7291	0.0015	0.0	0.3968	0.0022	0.0
100perc_5repeat	0.6	0.3151	0.6702	0.023	0.0016	0.0	0.0	0.0	0.6734	0.6715	0.0154	0.0011	0.7293	0.0014	0.0	0.3954	0.002	0.0
100perc_2repeat	0.6	0.3149	0.6706	0.0255	0.0018	0.0	0.0	0.0	0.6694	0.6712	0.017	0.0012	0.7299	0.0014	0.0	0.3951	0.0022	0.0
100perc_10repeat	0.6	0.3156	0.67	0.0233	0.0016	0.0	0.0	0.0	0.6694	0.6716	0.0156	0.0011	0.7316	0.0015	0.0	0.3957	0.0022	0.0
30perc_2repeat	0.6	0.3159	0.6696	0.024	0.0017	0.0	0.0	0.0	0.6694	0.6714	0.0171	0.0012	0.7291	0.0016	0.0	0.3938	0.0025	0.0
90perc_10repeat	0.6	0.3159	0.6694	0.0223	0.0016	0.0	0.0	0.0	0.6694	0.673	0.0181	0.0013	0.7324	0.0014	0.0	0.3941	0.0023	0.0
50perc_10repeat	0.6	0.317	0.6684	0.0208	0.0015	0.0	0.0	0.0	0.6653	0.6725	0.0144	0.001	0.7307	0.0015	0.0	0.3934	0.0022	0.0
40perc_2repeat	0.6	0.3133	0.6718	0.024	0.0017	0.0	0.0	0.0	0.6734	0.67	0.0168	0.0012	0.7289	0.0017	0.0	0.3944	0.0024	0.0
70perc_10repeat	0.6	0.3159	0.6698	0.0247	0.0017	0.0	0.0	0.0	0.6694	0.6721	0.0187	0.0013	0.7304	0.0017	0.0	0.3943	0.0025	0.0
80perc_10repeat	0.6	0.3158	0.6695	0.0235	0.0017	0.0	0.0	0.0	0.6694	0.6721	0.0194	0.0014	0.7305	0.0015	0.0	0.3935	0.0024	0.0
50perc_2repeat	0.6	0.3132	0.6715	0.0235	0.0017	0.0	0.0	0.0	0.6694	0.67	0.0175	0.0012	0.7289	0.0015	0.0	0.3964	0.0026	0.0
15perc_2repeat	0.6	0.3161	0.6695	0.0235	0.0017	0.0	0.0	0.0	0.6694	0.6725	0.0156	0.0011	0.7295	0.0014	0.0	0.388	0.0025	0.0
15perc_5repeat	0.7	0.3121	0.6726	0.0294	0.0021	0.0	0.0	0.0	0.672	0.6699	0.0132	0.0009	0.7293	0.0012	0.0	0.3974	0.0017	0.0
15perc_5repeat	0.6	0.3133	0.6719	0.0229	0.0016	0.0	0.0	0.0	0.6734	0.6702	0.0157	0.0011	0.729	0.0015	0.0	0.3941	0.0023	0.0
5perc_5repeat	0.7	0.3149	0.6698	0.0277	0.002	0.0	0.0	0.0	0.672	0.6715	0.0119	0.0008	0.7292	0.0012	0.0	0.3919	0.0018	0.0
30perc_5repeat	0.6	0.3142	0.671	0.0222	0.0016	0.0	0.0	0.0	0.6694	0.6708	0.0156	0.0011	0.7289	0.0016	0.0	0.3963	0.0024	0.0
40perc_2repeat	0.7	0.3143	0.6706	0.0261	0.0018	0.0	0.0	0.0	0.6694	0.6715	0.0133	0.0009	0.7304	0.0011	0.0	0.3965	0.002	0.0
40perc_5repeat	0.6	0.3149	0.67	0.0228	0.0016	0.0	0.0	0.0	0.6714	0.672	0.0162	0.0011	0.7303	0.0014	0.0	0.3974	0.0021	0.0
60perc_2repeat	0.6	0.3156	0.6696	0.0216	0.0015	0.0	0.0	0.0	0.6734	0.671	0.0174	0.0012	0.7308	0.0013	0.0	0.3968	0.0022	0.0
50perc_5repeat	0.6	0.3129	0.6724	0.022	0.0016	0.0	0.0	0.0	0.6734	0.6689	0.017	0.0012	0.7291	0.0015	0.0	0.3979	0.0026	0.0
60perc_10repeat	0.6	0.3129	0.6723	0.0219	0.0015	0.0	0.0	0.0	0.6734	0.6701	0.0172	0.0012	0.7287	0.0016	0.0	0.396	0.0023	0.0
60perc_5repeat	0.6	0.3153	0.6699	0.0228	0.0016	0.0	0.0	0.0	0.6694	0.6717	0.0174	0.0012	0.7299	0.0015	0.0	0.3975	0.0026	0.0
40perc_5repeat	0.7	0.3174	0.6674	0.0281	0.002	0.0	0.0	0.0	0.6667	0.6718	0.0141	0.001	0.7317	0.0012	0.0	0.393	0.002	0.0
50perc_2repeat	0.7	0.3167	0.6683	0.0284	0.002	0.0	0.0	0.0	0.6667	0.6723	0.0152	0.0011	0.7304	0.0013	0.0	0.3935	0.0019	0.0
15perc_10repeat	0.7	0.314	0.6711	0.028	0.002	0.0	0.0	0.0	0.672	0.6712	0.0124	0.0009	0.7303	0.0011	0.0	0.394	0.0018	0.0
40perc_10repeat	0.6	0.3131	0.6723	0.0216	0.0015	0.0	0.0	0.0	0.6734	0.6706	0.0155	0.0011	0.7291	0.0014	0.0	0.3949	0.0023	0.0
5perc_10repeat	0.7	0.3165	0.6682	0.0295	0.0021	0.0	0.0	0.0	0.6667	0.6721	0.0128	0.0009	0.7308	0.0012	0.0	0.3952	0.0019	0.0
30perc_10repeat	0.6	0.3165	0.6695	0.0244	0.0017	0.0	0.0	0.0	0.6734	0.6719	0.0169	0.0012	0.7326	0.0016	0.0	0.3941	0.0023	0.0
30perc_5repeat	0.7	0.3144	0.6698	0.0289	0.002	0.0	0.0	0.0	0.6694	0.6716	0.0139	0.001	0.7302	0.0012	0.0	0.397	0.0021	0.0
15perc_10repeat	0.6	0.3113	0.6739	0.0223	0.0016	0.0	0.0	0.0	0.6734	0.6688	0.015	0.0011	0.7281	0.0015	0.0	0.3937	0.0023	0.0
60perc_2repeat	0.7	0.3117	0.6732	0.0292	0.0021	0.0	0.0	0.0	0.672	0.6703	0.0154	0.0011	0.7279	0.0012	0.0	0.3944	0.0018	0.0
80perc_2repeat	0.7	0.3123	0.6727	0.028	0.002	0.0	0.0	0.0	0.672	0.6706	0.0147	0.001	0.7289	0.0012	0.0	0.3983	0.0017	0.0
5perc_2repeat	0.8	0.3195	0.6648	0.0382	0.0027	0.0	0.0	0.0	0.6667	0.6725	0.0096	0.0007	0.732	0.0009	0.0	0.393	0.0014	0.0
70perc_2repeat	0.7	0.3149	0.6702	0.0285	0.002	0.0	0.0	0.0	0.672	0.6702	0.0153	0.0011	0.7299	0.0011	0.0	0.3941	0.0019	0.0
90perc_2repeat	0.7	0.3132	0.6717	0.0271	0.0019	0.0	0.0	0.0	0.672	0.6702	0.0137	0.001	0.7297	0.0011	0.0	0.3944	0.0018	0.0
50perc_5repeat	0.7	0.3136	0.671	0.0266	0.0019	0.0	0.0	0.0	0.672	0.6713	0.0134	0.0009	0.7295	0.0013	0.0	0.393	0.0018	0.0
100perc_2repeat	0.7	0.315	0.6699	0.0273	0.0019	0.0	0.0	0.0	0.6667	0.6714	0.0117	0.0008	0.7302	0.0011	0.0	0.3945	0.0016	0.0
100perc_5repeat	0.7	0.3169	0.6683	0.0272	0.0019	0.0	0.0	0.0	0.6667	0.6721	0.0117	0.0008	0.7307	0.0011	0.0	0.3923	0.0018	0.0
90perc_5repeat	0.7	0.3115	0.6732	0.0302	0.0021	0.0	0.0	0.0	0.6774	0.6705	0.0157	0.0011	0.7294	0.0012	0.0	0.3976	0.0018	0.0
80perc_5repeat	0.7	0.3153	0.6694	0.0281	0.002	0.0	0.0	0.0	0.6667	0.671	0.0155	0.0011	0.7288	0.0011	0.0	0.3932	0.002	0.0
70perc_5repeat	0.7	0.3163	0.6685	0.0292	0.0021	0.0	0.0	0.0	0.672	0.6717	0.0149	0.0011	0.7303	0.0012	0.0	0.3923	0.002	0.0
60perc_5repeat	0.7	0.3161	0.6685	0.0272	0.0019	0.0	0.0	0.0	0.6667	0.6727	0.0145	0.001	0.7296	0.0013	0.0	0.3924	0.0021	0.0
30perc_2repeat	0.8	0.3128	0.6722	0.0378	0.0027	0.0	0.0	0.0	0.6748	0.6709	0.0107	0.0008	0.7311	0.001	0.0	0.3972	0.0014	0.0
80perc_10repeat	0.7	0.3131	0.6718	0.0304	0.0021	0.0	0.0	0.0	0.672	0.6708	0.016	0.0011	0.729	0.0013	0.0	0.395	0.0019	0.0
70perc_10repeat	0.7	0.3153	0.6695	0.03	0.0021	0.0	0.0	0.0	0.672	0.6713	0.0158	0.0011	0.7315	0.0013	0.0	0.3946	0.0019	0.0
60perc_10repeat	0.7	0.314	0.671	0.0302	0.0021	0.0	0.0	0.0	0.672	0.6704	0.0147	0.001	0.731	0.0012	0.0	0.3956	0.0018	0.0
5perc_5repeat	0.8	0.319	0.6653	0.0351	0.0025	0.0	0.0	0.0	0.6667	0.6725	0.0087	0.0006	0.7315	0.0008	0.0	0.3929	0.0014	0.0
15perc_5repeat	0.8	0.3122	0.6718	0.0377	0.0027	0.0	0.0	0.0	0.6748	0.6708	0.0097	0.0007	0.7303	0.0009	0.0	0.3984	0.0015	0.0
30perc_10repeat	0.7	0.3149	0.6703	0.0278	0.002	0.0	0.0	0.0	0.672	0.671	0.0127	0.0009	0.7298	0.0012	0.0	0.3911	0.0019	0.0
50perc_2repeat	0.8	0.3138	0.6705	0.0425	0.003	0.0	0.0	0.0	0.6707	0.6701	0.0133	0.0009	0.7294	0.0011	0.0	0.3939	0.0015	0.0
70perc_2repeat	0.8	0.3146	0.67	0.037	0.0026	0.0	0.0	0.0	0.6667	0.6711	0.0127	0.0009	0.73	0.0009	0.0	0.394	0.0016	0.0
100perc_10repeat	0.7	0.3164	0.6686	0.0302	0.0021	0.0	0.0	0.0	0.6667	0.672	0.0129	0.0009	0.7313	0.0011	0.0	0.3949	0.0017	0.0
40perc_10repeat	0.7	0.3125	0.6723	0.0315	0.0022	0.0	0.0	0.0	0.672	0.6701	0.0144	0.001	0.7284	0.0013	0.0	0.3964	0.0018	0.0
50perc_10repeat	0.7	0.3144	0.6709	0.0299	0.0021	0.0	0.0	0.0	0.672	0.671	0.0141	0.001	0.7294	0.0013	0.0	0.3932	0.002	0.0
60perc_2repeat	0.8	0.3188	0.6659	0.0385	0.0027	0.0	0.0	0.0	0.6667	0.6723	0.0116	0.0008	0.7317	0.0009	0.0	0.3947	0.0015	0.0
60perc_5repeat	0.8	0.3118	0.6732	0.0362	0.0026	0.0	0.0	0.0	0.6748	0.6716	0.0111	0.0008	0.731	0.001	0.0	0.3969	0.0015	0.0
40perc_2repeat	0.8	0.3108	0.6735	0.0376	0.0027	0.0	0.0	0.0	0.6748	0.671	0.012	0.0008	0.7292	0.0009	0.0	0.3944	0.0016	0.0
90perc_10repeat	0.7	0.3138	0.6714	0.0258	0.0018	0.0	0.0	0.0	0.6667	0.671	0.0162	0.0011	0.7307	0.0011	0.0	0.3928	0.0019	0.0
90perc_2repeat	0.8	0.3139	0.6702	0.0375	0.0027	0.0	0.0	0.0	0.6748	0.6711	0.012	0.0009	0.73	0.0009	0.0	0.3946	0.0013	0.0
5perc_2repeat	0.9	0.3136	0.6702	0.0557	0.0039	0.0	0.0	0.0	0.6721	0.6712	0.0066	0.0005	0.7308	0.0006	0.0	0.397	0.0009	0.0
15perc_2repeat	0.9	0.3072	0.6766	0.0551	0.0039	0.0	0.0	0.0	0.6721	0.6703	0.0072	0.0005	0.73	0.0006	0.0	0.3967	0.001	0.0
80perc_5repeat	0.8	0.3129	0.6717	0.0404	0.0029	0.0	0.0	0.0	0.6667	0.6707	0.0128	0.0009	0.7303	0.001	0.0	0.3954	0.0015	0.0
100perc_2repeat	0.8	0.3163	0.6679	0.0362	0.0026	0.0	0.0	0.0	0.6748	0.6717	0.009	0.0006	0.7295	0.0009	0.0	0.3952	0.0013	0.0
100perc_5repeat	0.8	0.3123	0.672	0.0383	0.0027	0.0	0.0	0.0	0.6748	0.6707	0.0095	0.0007	0.7296	0.0008	0.0	0.3955	0.0012	0.0
90perc_5repeat	0.8	0.3152	0.6683	0.0382	0.0027	0.0	0.0	0.0	0.6748	0.671	0.0127	0.0009	0.7306	0.0009	0.0	0.3961	0.0014	0.0
100perc_10repeat	0.8	0.3122	0.6721	0.035	0.0025	0.0	0.0	0.0	0.6748	0.6707	0.0087	0.0006	0.73	0.0008	0.0	0.3962	0.0012	0.0
15perc_2repeat	0.8	0.3147	0.6693	0.0349	0.0025	0.0	0.0	0.0	0.6667	0.6713	0.0094	0.0007	0.7301	0.0009	0.0	0.3949	0.0014	0.0
90perc_10repeat	0.8	0.3139	0.6705	0.0363	0.0026	0.0	0.0	0.0	0.6748	0.6698	0.0131	0.0009	0.7302	0.0009	0.0	0.395	0.0014	0.0
30perc_2repeat	0.9	0.3192	0.6649	0.0575	0.0041	0.0	0.0	0.0	0.6557	0.6723	0.0081	0.0006	0.7314	0.0007	0.0	0.3951	0.001	0.0
30perc_5repeat	0.8	0.3136	0.6708	0.0371	0.0026	0.0	0.0	0.0	0.6748	0.6714	0.0099	0.0007	0.7309	0.0009	0.0	0.3947	0.0014	0.0
40perc_5repeat	0.8	0.3187	0.6648	0.0362	0.0026	0.0	0.0	0.0	0.6667	0.6721	0.0108	0.0008	0.7311	0.0009	0.0	0.3935	0.0015	0.0
80perc_10repeat	0.8	0.3139	0.6698	0.0378	0.0027	0.0	0.0	0.0	0.6667	0.672	0.0132	0.0009	0.7298	0.0009	0.0	0.3949	0.0014	0.0
50perc_5repeat	0.8	0.3132	0.6709	0.0404	0.0029	0.0	0.0	0.0	0.6748	0.6714	0.0119	0.0008	0.7306	0.001	0.0	0.3946	0.0015	0.0
80perc_2repeat	0.8	0.3146	0.6691	0.0403	0.0029	0.0	0.0	0.0	0.6667	0.6719	0.0131	0.0009	0.7302	0.0009	0.0	0.3946	0.0015	0.0
40perc_2repeat	0.9	0.3168	0.6674	0.0569	0.004	0.0	0.0	0.0	0.6721	0.6717	0.0088	0.0006	0.7306	0.0007	0.0	0.3944	0.0011	0.0
70perc_5repeat	0.8	0.3119	0.6734	0.0362	0.0026	0.0	0.0	0.0	0.6748	0.6696	0.0115	0.0008	0.7293	0.001	0.0	0.395	0.0013	0.0
50perc_10repeat	0.8	0.3138	0.6709	0.0379	0.0027	0.0	0.0	0.0	0.6748	0.6705	0.0107	0.0008	0.7302	0.001	0.0	0.3969	0.0014	0.0
30perc_10repeat	0.8	0.3132	0.6715	0.0364	0.0026	0.0	0.0	0.0	0.6667	0.6709	0.0101	0.0007	0.7297	0.0009	0.0	0.394	0.0014	0.0
50perc_2repeat	0.9	0.3104	0.6734	0.0546	0.0039	0.0	0.0	0.0	0.6721	0.67	0.0094	0.0007	0.7302	0.0007	0.0	0.3969	0.0011	0.0
15perc_5repeat	0.9	0.3155	0.6681	0.0624	0.0044	0.0	0.0	0.0	0.6721	0.6713	0.0076	0.0005	0.7307	0.0007	0.0	0.3959	0.0009	0.0
5perc_5repeat	0.9	0.3089	0.6748	0.0552	0.0039	0.0	0.0	0.0	0.6721	0.6703	0.0064	0.0005	0.7298	0.0006	0.0	0.3957	0.0009	0.0
60perc_2repeat	0.9	0.3142	0.6702	0.0616	0.0044	0.0	0.0	0.0	0.6721	0.6715	0.0105	0.0007	0.7309	0.0007	0.0	0.3936	0.0011	0.0
30perc_5repeat	0.9	0.3171	0.6663	0.0576	0.0041	0.0	0.0	0.0	0.6721	0.6711	0.0078	0.0005	0.7303	0.0007	0.0	0.3951	0.0011	0.0
100perc_2repeat	0.9	0.3089	0.6746	0.0543	0.0038	0.0	0.0	0.0	0.6721	0.6706	0.0059	0.0004	0.7304	0.0006	0.0	0.3968	0.0008	0.0
80perc_2repeat	0.9	0.3145	0.6689	0.0592	0.0042	0.0	0.0	0.0	0.6721	0.6718	0.0107	0.0008	0.7306	0.0006	0.0	0.3954	0.0009	0.0
90perc_2repeat	0.9	0.3114	0.6726	0.0567	0.004	0.0	0.0	0.0	0.6721	0.6711	0.0096	0.0007	0.7301	0.0006	0.0	0.3957	0.0009	0.0
90perc_5repeat	0.9	0.3117	0.672	0.0574	0.0041	0.0	0.0	0.0	0.6721	0.6715	0.0111	0.0008	0.7297	0.0006	0.0	0.3956	0.001	0.0
100perc_10repeat	0.9	0.3182	0.6657	0.0592	0.0042	0.0	0.0	0.0	0.6721	0.6715	0.0065	0.0005	0.7311	0.0006	0.0	0.3956	0.0009	0.0
60perc_5repeat	0.9	0.3123	0.6706	0.0594	0.0042	0.0	0.0	0.0	0.6721	0.671	0.0103	0.0007	0.7296	0.0007	0.0	0.395	0.0012	0.0
80perc_5repeat	0.9	0.3117	0.6734	0.0573	0.0041	0.0	0.0	0.0	0.6721	0.6699	0.0114	0.0008	0.7296	0.0006	0.0	0.3957	0.001	0.0
90perc_10repeat	0.9	0.3134	0.6699	0.0561	0.004	0.0	0.0	0.0	0.6721	0.6708	0.0111	0.0008	0.7304	0.0006	0.0	0.3961	0.001	0.0
70perc_10repeat	0.8	0.3087	0.6753	0.0389	0.0028	0.0	0.0	0.0	0.6748	0.6693	0.0116	0.0008	0.7266	0.001	0.0	0.3961	0.0015	0.0
80perc_10repeat	0.9	0.3143	0.6684	0.0585	0.0041	0.0	0.0	0.0	0.6721	0.672	0.0108	0.0008	0.7304	0.0007	0.0	0.3957	0.0011	0.0
60perc_10repeat	0.9	0.3111	0.6722	0.0615	0.0043	0.0	0.0	0.0	0.6721	0.6706	0.0085	0.0006	0.7301	0.0008	0.0	0.3983	0.0012	0.0
70perc_10repeat	0.9	0.3145	0.6689	0.0628	0.0044	0.0	0.0	0.0	0.6721	0.6709	0.0094	0.0007	0.7311	0.0007	0.0	0.3978	0.0011	0.0
70perc_5repeat	0.9	0.3098	0.6739	0.0518	0.0037	0.0	0.0	0.0	0.6721	0.6717	0.0101	0.0007	0.7307	0.0007	0.0	0.3956	0.0011	0.0
100perc_5repeat	0.9	0.3097	0.6743	0.0591	0.0042	0.0	0.0	0.0	0.6721	0.6706	0.0064	0.0005	0.7302	0.0006	0.0	0.3964	0.0008	0.0
50perc_5repeat	0.9	0.3172	0.6664	0.0537	0.0038	0.0	0.0	0.0	0.6721	0.6711	0.0089	0.0006	0.7318	0.0007	0.0	0.3965	0.0011	0.0
40perc_5repeat	0.9	0.3083	0.6758	0.0564	0.004	0.0	0.0	0.0	0.6721	0.67	0.0078	0.0006	0.7297	0.0007	0.0	0.3977	0.001	0.0
30perc_10repeat	0.9	0.3154	0.6693	0.0555	0.0039	0.0	0.0	0.0	0.6721	0.6713	0.0072	0.0005	0.7307	0.0007	0.0	0.3958	0.001	0.0
15perc_10repeat	0.8	0.3148	0.6698	0.0355	0.0025	0.0	0.0	0.0	0.6748	0.6717	0.0094	0.0007	0.7305	0.0009	0.0	0.3937	0.0014	0.0
15perc_10repeat	0.9	0.3163	0.6666	0.0615	0.0043	0.0	0.0	0.0	0.6721	0.6718	0.0073	0.0005	0.7303	0.0006	0.0	0.3931	0.001	0.0
5perc_10repeat	0.9	0.3163	0.6679	0.051	0.0036	0.0	0.0	0.0	0.6721	0.6716	0.0057	0.0004	0.7315	0.0005	0.0	0.3949	0.0008	0.0
5perc_10repeat	0.8	0.3147	0.6694	0.0376	0.0027	0.0	0.0	0.0	0.6667	0.6712	0.0092	0.0007	0.7307	0.0009	0.0	0.398	0.0012	0.0
40perc_10repeat	0.9	0.3111	0.6732	0.0559	0.004	0.0	0.0	0.0	0.6721	0.6702	0.008	0.0006	0.7294	0.0007	0.0	0.3952	0.0012	0.0
50perc_10repeat	0.9	0.3097	0.6737	0.058	0.0041	0.0	0.0	0.0	0.6721	0.6707	0.0078	0.0006	0.7295	0.0007	0.0	0.3974	0.0011	0.0
