Label	trainingSize	SquaredLoss_Mean	Accuracy_Mean	Accuracy_SD	Accuracy_SE	Precision_Mean	Recall_Mean	F1	Accuracy_Median	PriorClass0_Mean	PriorClass0_SD	PriorClass0_SE	ProbabilityEstimate_0given0_Mean 	ProbabilityEstimate_0given0_SD 	ProbabilityEstimate_0given0_SE 	ProbabilityEstimate_1given1_Mean	ProbabilityEstimate_1given1_SD	ProbabilityEstimate_1given1_SE

original	0.9	0.2459	0.6509	0.0641	0.0045	0.7719	0.3963	0.5237	0.6511	0.5277	0.0069	0.0005	0.6462	0.0007	0.0	0.5881	0.0006	0.0
original	0.8	0.2587	0.6339	0.0597	0.0042	0.7508	0.3537	0.4809	0.6351	0.5269	0.0101	0.0007	0.6469	0.001	0.0	0.5889	0.0009	0.0
original	0.35	0.3607	0.5418	0.0452	0.0032	0.5828	0.2017	0.2997	0.5333	0.5295	0.0269	0.0019	0.6455	0.003	0.0	0.5805	0.0033	0.0
original	0.7	0.2759	0.613	0.0531	0.0038	0.7531	0.2959	0.4249	0.6142	0.5269	0.0121	0.0009	0.6463	0.0014	0.0	0.5884	0.0014	0.0
original	0.6	0.2942	0.5953	0.0589	0.0042	0.7372	0.2609	0.3854	0.5889	0.5272	0.0159	0.0011	0.6465	0.0016	0.0	0.5876	0.0018	0.0
original	0.5	0.3216	0.5732	0.0562	0.004	0.7126	0.1906	0.3008	0.5631	0.5295	0.0187	0.0013	0.6463	0.0021	0.0	0.5832	0.0023	0.0
original	0.45	0.3295	0.5682	0.0561	0.004	0.6811	0.2086	0.3194	0.5557	0.5275	0.0213	0.0015	0.6465	0.0023	0.0	0.5854	0.0026	0.0
original	0.4	0.337	0.557	0.0561	0.004	0.6364	0.2581	0.3673	0.5473	0.5233	0.0255	0.0018	0.6376	0.0026	0.0	0.5868	0.003	0.0
original	0.3	0.3801	0.5322	0.0371	0.0026	0.5541	0.1763	0.2674	0.5265	0.5327	0.0296	0.0021	0.649	0.0033	0.0	0.5755	0.0039	0.0
original	0.25	0.3822	0.5264	0.0395	0.0028	0.5296	0.2607	0.3494	0.5263	0.5269	0.0335	0.0024	0.6398	0.0044	0.0	0.583	0.0042	0.0
original	0.2	0.3995	0.5167	0.0338	0.0024	0.4904	0.2658	0.3448	0.522	0.5279	0.0406	0.0029	0.6398	0.0052	0.0	0.5834	0.005	0.0
original	0.1	0.4193	0.5044	0.0278	0.002	0.3773	0.3559	0.3663	0.5214	0.5306	0.0561	0.004	0.6258	0.0092	0.0	0.571	0.0089	0.0
original	0.05	0.42	0.5007	0.0268	0.0019	0.3378	0.4233	0.3758	0.5178	0.5252	0.0885	0.0063	0.5747	0.0141	0.0	0.5387	0.0138	0.0

Best_flip	0.25	0.2654	0 	0 	0 	0 	0 	0 	0 	0 	0 	0 	0 	0 	0 	0 	0 	50perc_10repeat
Best_flip	0.5	0.2323	0 	0 	0 	0 	0 	0 	0 	0 	0 	0 	0 	0 	0 	0 	0 	80perc_2repeat
Best_flip	0.05	0.3235	0 	0 	0 	0 	0 	0 	0 	0 	0 	0 	0 	0 	0 	0 	0 	50perc_10repeat
Best_flip	0.2	0.2708	0 	0 	0 	0 	0 	0 	0 	0 	0 	0 	0 	0 	0 	0 	0 	50perc_10repeat
Best_flip	0.4	0.2528	0 	0 	0 	0 	0 	0 	0 	0 	0 	0 	0 	0 	0 	0 	0 	60perc_10repeat
Best_flip	0.6	0.219	0 	0 	0 	0 	0 	0 	0 	0 	0 	0 	0 	0 	0 	0 	0 	90perc_2repeat
Best_flip	0.3	0.26	0 	0 	0 	0 	0 	0 	0 	0 	0 	0 	0 	0 	0 	0 	0 	60perc_10repeat
Best_flip	0.1	0.2974	0 	0 	0 	0 	0 	0 	0 	0 	0 	0 	0 	0 	0 	0 	0 	50perc_10repeat
Best_flip	0.45	0.2431	0 	0 	0 	0 	0 	0 	0 	0 	0 	0 	0 	0 	0 	0 	0 	90perc_2repeat
Best_flip	0.7	0.2118	0 	0 	0 	0 	0 	0 	0 	0 	0 	0 	0 	0 	0 	0 	0 	90perc_2repeat
Best_flip	0.35	0.2563	0 	0 	0 	0 	0 	0 	0 	0 	0 	0 	0 	0 	0 	0 	0 	50perc_10repeat
Best_flip	0.8	0.2057	0 	0 	0 	0 	0 	0 	0 	0 	0 	0 	0 	0 	0 	0 	0 	90perc_2repeat
Best_flip	0.9	0.2007	0 	0 	0 	0 	0 	0 	0 	0 	0 	0 	0 	0 	0 	0 	0 	90perc_2repeat


Best_flipDrop	0.25	0.2642	0 	0 	0 	0 	0 	0 	0 	0 	0 	0 	0 	0 	0 	0 	0 	60FL_40DE_10repeat
Best_flipDrop	0.5	0.2218	0 	0 	0 	0 	0 	0 	0 	0 	0 	0 	0 	0 	0 	0 	0 	100FL_40DE_2repeat
Best_flipDrop	0.1	0.2986	0 	0 	0 	0 	0 	0 	0 	0 	0 	0 	0 	0 	0 	0 	0 	60FL_5DE_10repeat
Best_flipDrop	0.2	0.2704	0 	0 	0 	0 	0 	0 	0 	0 	0 	0 	0 	0 	0 	0 	0 	60FL_15DE_10repeat
Best_flipDrop	0.4	0.2384	0 	0 	0 	0 	0 	0 	0 	0 	0 	0 	0 	0 	0 	0 	0 	100FL_40DE_2repeat
Best_flipDrop	0.6	0.2138	0 	0 	0 	0 	0 	0 	0 	0 	0 	0 	0 	0 	0 	0 	0 	100FL_40DE_2repeat
Best_flipDrop	0.3	0.2574	0 	0 	0 	0 	0 	0 	0 	0 	0 	0 	0 	0 	0 	0 	0 	60FL_40DE_10repeat
Best_flipDrop	0.05	0.3343	0 	0 	0 	0 	0 	0 	0 	0 	0 	0 	0 	0 	0 	0 	0 	60FL_15DE_10repeat
Best_flipDrop	0.45	0.2276	0 	0 	0 	0 	0 	0 	0 	0 	0 	0 	0 	0 	0 	0 	0 	100FL_40DE_2repeat
Best_flipDrop	0.7	0.2086	0 	0 	0 	0 	0 	0 	0 	0 	0 	0 	0 	0 	0 	0 	0 	100FL_40DE_2repeat
Best_flipDrop	0.35	0.2507	0 	0 	0 	0 	0 	0 	0 	0 	0 	0 	0 	0 	0 	0 	0 	60FL_60DE_10repeat
Best_flipDrop	0.8	0.2042	0 	0 	0 	0 	0 	0 	0 	0 	0 	0 	0 	0 	0 	0 	0 	100FL_50DE_2repeat
Best_flipDrop	0.9	0.2006	0 	0 	0 	0 	0 	0 	0 	0 	0 	0 	0 	0 	0 	0 	0 	100FL_30DE_2repeat



avgOgExcel	0.9	0.2019	0.6873	0.0536	0.0038	0.659	0.6956	0.6768	0.6915	0.4869	0.0	0.0	0.6054	0.0	0.0	0.6119	0.0	0.0
avgOgExcel	0.8	0.2023	0.6907	0.038	0.0027	0.6646	0.7082	0.6857	0.6917	0.4869	0.0	0.0	0.6054	0.0	0.0	0.6119	0.0	0.0
avgOgExcel	0.7	0.2076	0.6835	0.0277	0.002	0.6549	0.7003	0.6768	0.6832	0.4869	0.0	0.0	0.6054	0.0	0.0	0.6119	0.0	0.0
avgOgExcel	0.6	0.2093	0.6824	0.0231	0.0016	0.654	0.7033	0.6778	0.6819	0.4869	0.0	0.0	0.6054	0.0	0.0	0.6119	0.0	0.0
avgOgExcel	0.5	0.2155	0.6721	0.0223	0.0016	0.645	0.6921	0.6677	0.6722	0.4869	0.0	0.0	0.6054	0.0	0.0	0.6119	0.0	0.0
avgOgExcel	0.45	0.2203	0.6643	0.023	0.0016	0.6369	0.6948	0.6646	0.6659	0.4869	0.0	0.0	0.6054	0.0	0.0	0.6119	0.0	0.0
avgOgExcel	0.4	0.2266	0.6536	0.0276	0.002	0.6251	0.7047	0.6625	0.6567	0.4869	0.0	0.0	0.6054	0.0	0.0	0.6119	0.0	0.0
avgOgExcel	0.35	0.2373	0.6356	0.0366	0.0026	0.6035	0.7339	0.6624	0.6404	0.4869	0.0	0.0	0.6054	0.0	0.0	0.6119	0.0	0.0
avgOgExcel	0.3	0.2544	0.613	0.0483	0.0034	0.5919	0.7346	0.6556	0.6277	0.4869	0.0	0.0	0.6054	0.0	0.0	0.6119	0.0	0.0
avgOgExcel	0.25	0.2885	0.5672	0.0548	0.0039	0.5516	0.8037	0.6542	0.5546	0.4869	0.0	0.0	0.6054	0.0	0.0	0.6119	0.0	0.0
avgOgExcel	0.2	0.3265	0.5298	0.0493	0.0035	0.5291	0.8361	0.6481	0.5126	0.4869	0.0	0.0	0.6054	0.0	0.0	0.6119	0.0	0.0
avgOgExcel	0.1	0.3889	0.4882	0.0179	0.0013	0.5001	0.8815	0.6382	0.4848	0.4869	0.0	0.0	0.6054	0.0	0.0	0.6119	0.0	0.0
avgOgExcel	0.05	0.4143	0.4782	0.0095	0.0007	0.4869	0.9357	0.6406	0.4768	0.4869	0.0	0.0	0.6054	0.0	0.0	0.6119	0.0	0.0


0.05_60FL_15DE_10repeat	0.35	0.2506	0.498	0.0151	0.0011	0.4827	0.8876	0.6253	0.4969	0.4977	0.0	0.0	0.5034	0.0	0.0	0.513	0.0	0.0
0.05_60FL_15DE_10repeat	0.25	0.2521	0.4901	0.0106	0.0008	0.4789	0.8891	0.6225	0.4901	0.4977	0.0	0.0	0.5034	0.0	0.0	0.513	0.0	0.0
0.05_60FL_15DE_10repeat	0.3	0.2513	0.494	0.0126	0.0009	0.4808	0.8879	0.6238	0.4954	0.4977	0.0	0.0	0.5034	0.0	0.0	0.513	0.0	0.0
0.05_60FL_15DE_10repeat	0.05	0.2553	0.4754	0.0048	0.0003	0.4707	0.8919	0.6162	0.475	0.4977	0.0	0.0	0.5034	0.0	0.0	0.513	0.0	0.0
0.05_60FL_15DE_10repeat	0.2	0.2528	0.486	0.009	0.0006	0.4765	0.8902	0.6207	0.4856	0.4977	0.0	0.0	0.5034	0.0	0.0	0.513	0.0	0.0
0.05_60FL_15DE_10repeat	0.1	0.2544	0.479	0.006	0.0004	0.4728	0.8913	0.6179	0.479	0.4977	0.0	0.0	0.5034	0.0	0.0	0.513	0.0	0.0
0.05_60FL_15DE_10repeat	0.6	0.2472	0.5214	0.0218	0.0015	0.4942	0.8804	0.633	0.5217	0.4977	0.0	0.0	0.5034	0.0	0.0	0.513	0.0	0.0
0.05_60FL_15DE_10repeat	0.4	0.2499	0.5029	0.0161	0.0011	0.4855	0.8863	0.6273	0.5043	0.4977	0.0	0.0	0.5034	0.0	0.0	0.513	0.0	0.0
0.05_60FL_15DE_10repeat	0.45	0.2491	0.5085	0.0167	0.0012	0.4886	0.8848	0.6295	0.5084	0.4977	0.0	0.0	0.5034	0.0	0.0	0.513	0.0	0.0
0.05_60FL_15DE_10repeat	0.7	0.2456	0.5358	0.0277	0.002	0.5056	0.8768	0.6414	0.5363	0.4977	0.0	0.0	0.5034	0.0	0.0	0.513	0.0	0.0
0.05_60FL_15DE_10repeat	0.5	0.2482	0.515	0.0179	0.0013	0.4938	0.8826	0.6333	0.5152	0.4977	0.0	0.0	0.5034	0.0	0.0	0.513	0.0	0.0
0.05_60FL_15DE_10repeat	0.8	0.2439	0.5502	0.031	0.0022	0.5164	0.8728	0.6489	0.5517	0.4977	0.0	0.0	0.5034	0.0	0.0	0.513	0.0	0.0
0.05_60FL_15DE_10repeat	0.9	0.2431	0.5603	0.0458	0.0032	0.5198	0.8696	0.6506	0.5669	0.4977	0.0	0.0	0.5034	0.0	0.0	0.513	0.0	0.0

0.2_60FL_15DE_10repeat	0.35	0.2443	0.5721	0.0151	0.0011	0.5336	0.7467	0.6224	0.5726	0.4982	0.0	0.0	0.5116	0.0	0.0	0.5154	0.0	0.0
0.2_60FL_15DE_10repeat	0.3	0.2453	0.5614	0.0136	0.001	0.5262	0.7449	0.6167	0.5626	0.4982	0.0	0.0	0.5116	0.0	0.0	0.5154	0.0	0.0
0.2_60FL_15DE_10repeat	0.2	0.2478	0.5341	0.0112	0.0008	0.5044	0.7509	0.6035	0.5337	0.4982	0.0	0.0	0.5116	0.0	0.0	0.5154	0.0	0.0
0.2_60FL_15DE_10repeat	0.25	0.2465	0.5484	0.0125	0.0009	0.5161	0.747	0.6104	0.5485	0.4982	0.0	0.0	0.5116	0.0	0.0	0.5154	0.0	0.0
0.2_60FL_15DE_10repeat	0.05	0.2513	0.4945	0.0071	0.0005	0.4784	0.7583	0.5867	0.4944	0.4982	0.0	0.0	0.5116	0.0	0.0	0.5154	0.0	0.0
0.2_60FL_15DE_10repeat	0.1	0.2501	0.5077	0.0097	0.0007	0.4866	0.7554	0.5919	0.5083	0.4982	0.0	0.0	0.5116	0.0	0.0	0.5154	0.0	0.0
0.2_60FL_15DE_10repeat	0.4	0.2431	0.5836	0.0147	0.001	0.544	0.743	0.6281	0.5844	0.4982	0.0	0.0	0.5116	0.0	0.0	0.5154	0.0	0.0
0.2_60FL_15DE_10repeat	0.45	0.242	0.5929	0.013	0.0009	0.5506	0.7414	0.6319	0.5924	0.4982	0.0	0.0	0.5116	0.0	0.0	0.5154	0.0	0.0
0.2_60FL_15DE_10repeat	0.7	0.237	0.6321	0.0217	0.0015	0.591	0.7321	0.654	0.6327	0.4982	0.0	0.0	0.5116	0.0	0.0	0.5154	0.0	0.0
0.2_60FL_15DE_10repeat	0.5	0.241	0.6031	0.0148	0.001	0.5626	0.7378	0.6384	0.6047	0.4982	0.0	0.0	0.5116	0.0	0.0	0.5154	0.0	0.0
0.2_60FL_15DE_10repeat	0.6	0.2389	0.6202	0.0167	0.0012	0.5782	0.7352	0.6473	0.619	0.4982	0.0	0.0	0.5116	0.0	0.0	0.5154	0.0	0.0
0.2_60FL_15DE_10repeat	0.8	0.2352	0.6439	0.0264	0.0019	0.6019	0.7345	0.6616	0.6455	0.4982	0.0	0.0	0.5116	0.0	0.0	0.5154	0.0	0.0
0.2_60FL_15DE_10repeat	0.9	0.2338	0.6519	0.0386	0.0027	0.6079	0.7318	0.6641	0.6564	0.4982	0.0	0.0	0.5116	0.0	0.0	0.5154	0.0	0.0

0.5_100FL_40DE_2repeat	0.3	0.258	0.6179	0.0461	0.0033	0.6129	0.6771	0.6434	0.6321	0.4913	0.0	0.0	0.6178	0.0	0.0	0.6239	0.0	0.0
0.5_100FL_40DE_2repeat	0.35	0.241	0.6414	0.034	0.0024	0.627	0.6729	0.6491	0.6463	0.4913	0.0	0.0	0.6178	0.0	0.0	0.6239	0.0	0.0
0.5_100FL_40DE_2repeat	0.2	0.3299	0.5403	0.0455	0.0032	0.5658	0.705	0.6278	0.5422	0.4913	0.0	0.0	0.6178	0.0	0.0	0.6239	0.0	0.0
0.5_100FL_40DE_2repeat	0.25	0.296	0.5739	0.0553	0.0039	0.5808	0.7167	0.6416	0.5828	0.4913	0.0	0.0	0.6178	0.0	0.0	0.6239	0.0	0.0
0.5_100FL_40DE_2repeat	0.1	0.397	0.4939	0.0196	0.0014	0.524	0.7721	0.6243	0.4917	0.4913	0.0	0.0	0.6178	0.0	0.0	0.6239	0.0	0.0
0.5_100FL_40DE_2repeat	0.05	0.4218	0.4831	0.0115	0.0008	0.5016	0.8482	0.6304	0.4818	0.4913	0.0	0.0	0.6178	0.0	0.0	0.6239	0.0	0.0
0.5_100FL_40DE_2repeat	0.7	0.2082	0.6872	0.0285	0.002	0.6678	0.6843	0.6759	0.6894	0.4913	0.0	0.0	0.6178	0.0	0.0	0.6239	0.0	0.0
0.5_100FL_40DE_2repeat	0.4	0.2293	0.6567	0.0245	0.0017	0.6455	0.6481	0.6468	0.6618	0.4913	0.0	0.0	0.6178	0.0	0.0	0.6239	0.0	0.0
0.5_100FL_40DE_2repeat	0.6	0.213	0.6789	0.0264	0.0019	0.663	0.6718	0.6674	0.6797	0.4913	0.0	0.0	0.6178	0.0	0.0	0.6239	0.0	0.0
0.5_100FL_40DE_2repeat	0.5	0.2173	0.6773	0.0229	0.0016	0.6627	0.6621	0.6624	0.6788	0.4913	0.0	0.0	0.6178	0.0	0.0	0.6239	0.0	0.0
0.5_100FL_40DE_2repeat	0.45	0.2217	0.6683	0.0239	0.0017	0.648	0.673	0.6603	0.6709	0.4913	0.0	0.0	0.6178	0.0	0.0	0.6239	0.0	0.0
0.5_100FL_40DE_2repeat	0.9	0.2035	0.6921	0.0521	0.0037	0.6582	0.6984	0.6777	0.6941	0.4913	0.0	0.0	0.6178	0.0	0.0	0.6239	0.0	0.0
0.5_100FL_40DE_2repeat	0.8	0.2065	0.6863	0.0367	0.0026	0.6625	0.6948	0.6783	0.6852	0.4913	0.0	0.0	0.6178	0.0	0.0	0.6239	0.0	0.0

0.35_60FL_60DE_10repeat	0.35	0.2354	0.6225	0.0141	0.001	0.6311	0.4886	0.5508	0.6235	0.4982	0.0	0.0	0.5272	0.0	0.0	0.5238	0.0	0.0
0.35_60FL_60DE_10repeat	0.3	0.2371	0.6139	0.0138	0.001	0.6239	0.4707	0.5365	0.6128	0.4982	0.0	0.0	0.5272	0.0	0.0	0.5238	0.0	0.0
0.35_60FL_60DE_10repeat	0.25	0.2389	0.604	0.0146	0.001	0.6091	0.4536	0.52	0.6034	0.4982	0.0	0.0	0.5272	0.0	0.0	0.5238	0.0	0.0
0.35_60FL_60DE_10repeat	0.2	0.2407	0.5926	0.0133	0.0009	0.5995	0.424	0.4967	0.5915	0.4982	0.0	0.0	0.5272	0.0	0.0	0.5238	0.0	0.0
0.35_60FL_60DE_10repeat	0.1	0.245	0.561	0.0114	0.0008	0.5577	0.3561	0.4347	0.5611	0.4982	0.0	0.0	0.5272	0.0	0.0	0.5238	0.0	0.0
0.35_60FL_60DE_10repeat	0.05	0.2472	0.5429	0.0099	0.0007	0.5287	0.315	0.3948	0.5437	0.4982	0.0	0.0	0.5272	0.0	0.0	0.5238	0.0	0.0
0.35_60FL_60DE_10repeat	0.4	0.2338	0.6289	0.016	0.0011	0.6362	0.5052	0.5632	0.6283	0.4982	0.0	0.0	0.5272	0.0	0.0	0.5238	0.0	0.0
0.35_60FL_60DE_10repeat	0.6	0.2276	0.6547	0.0195	0.0014	0.6661	0.5529	0.6043	0.6559	0.4982	0.0	0.0	0.5272	0.0	0.0	0.5238	0.0	0.0
0.35_60FL_60DE_10repeat	0.7	0.2243	0.6675	0.0224	0.0016	0.6739	0.5819	0.6245	0.6683	0.4982	0.0	0.0	0.5272	0.0	0.0	0.5238	0.0	0.0
0.35_60FL_60DE_10repeat	0.45	0.2319	0.6389	0.0162	0.0011	0.6432	0.5289	0.5805	0.6385	0.4982	0.0	0.0	0.5272	0.0	0.0	0.5238	0.0	0.0
0.35_60FL_60DE_10repeat	0.5	0.2307	0.6433	0.0185	0.0013	0.6511	0.5344	0.587	0.645	0.4982	0.0	0.0	0.5272	0.0	0.0	0.5238	0.0	0.0
0.35_60FL_60DE_10repeat	0.9	0.2194	0.6801	0.0468	0.0033	0.6747	0.6132	0.6425	0.679	0.4982	0.0	0.0	0.5272	0.0	0.0	0.5238	0.0	0.0
0.35_60FL_60DE_10repeat	0.8	0.2215	0.6752	0.0319	0.0023	0.6798	0.5961	0.6352	0.6766	0.4982	0.0	0.0	0.5272	0.0	0.0	0.5238	0.0	0.0

0.6_100FL_40DE_2repeat	0.3	0.2562	0.6206	0.0439	0.0031	0.6181	0.6629	0.6397	0.6316	0.4909	0.0	0.0	0.6169	0.0	0.0	0.6225	0.0	0.0
0.6_100FL_40DE_2repeat	0.25	0.2922	0.5759	0.0562	0.004	0.5842	0.7022	0.6378	0.5864	0.4909	0.0	0.0	0.6169	0.0	0.0	0.6225	0.0	0.0
0.6_100FL_40DE_2repeat	0.35	0.2372	0.647	0.0318	0.0022	0.6413	0.6366	0.6389	0.6531	0.4909	0.0	0.0	0.6169	0.0	0.0	0.6225	0.0	0.0
0.6_100FL_40DE_2repeat	0.2	0.3271	0.5417	0.0489	0.0035	0.5635	0.7196	0.632	0.5387	0.4909	0.0	0.0	0.6169	0.0	0.0	0.6225	0.0	0.0
0.6_100FL_40DE_2repeat	0.1	0.396	0.4933	0.0194	0.0014	0.5251	0.7736	0.6256	0.4907	0.4909	0.0	0.0	0.6169	0.0	0.0	0.6225	0.0	0.0
0.6_100FL_40DE_2repeat	0.05	0.4194	0.484	0.012	0.0008	0.505	0.8285	0.6275	0.4839	0.4909	0.0	0.0	0.6169	0.0	0.0	0.6225	0.0	0.0
0.6_100FL_40DE_2repeat	0.4	0.2276	0.6592	0.0265	0.0019	0.6434	0.6574	0.6503	0.6637	0.4909	0.0	0.0	0.6169	0.0	0.0	0.6225	0.0	0.0
0.6_100FL_40DE_2repeat	0.45	0.221	0.6694	0.0236	0.0017	0.6575	0.6514	0.6545	0.6705	0.4909	0.0	0.0	0.6169	0.0	0.0	0.6225	0.0	0.0
0.6_100FL_40DE_2repeat	0.6	0.2117	0.683	0.0235	0.0017	0.6639	0.6756	0.6697	0.6835	0.4909	0.0	0.0	0.6169	0.0	0.0	0.6225	0.0	0.0
0.6_100FL_40DE_2repeat	0.5	0.2168	0.6744	0.0205	0.0015	0.6574	0.6625	0.6599	0.675	0.4909	0.0	0.0	0.6169	0.0	0.0	0.6225	0.0	0.0
0.6_100FL_40DE_2repeat	0.9	0.2019	0.6954	0.0534	0.0038	0.6769	0.6947	0.6857	0.6993	0.4909	0.0	0.0	0.6169	0.0	0.0	0.6225	0.0	0.0
0.6_100FL_40DE_2repeat	0.7	0.2075	0.6872	0.028	0.002	0.666	0.6824	0.6741	0.6857	0.4909	0.0	0.0	0.6169	0.0	0.0	0.6225	0.0	0.0
0.6_100FL_40DE_2repeat	0.8	0.205	0.6913	0.0347	0.0025	0.6681	0.6908	0.6793	0.6898	0.4909	0.0	0.0	0.6169	0.0	0.0	0.6225	0.0	0.0

0.7_100FL_40DE_2repeat	0.3	0.2548	0.6228	0.0461	0.0033	0.6218	0.6519	0.6365	0.6406	0.4912	0.0	0.0	0.6164	0.0	0.0	0.6216	0.0	0.0
0.7_100FL_40DE_2repeat	0.35	0.2364	0.6465	0.034	0.0024	0.6389	0.6399	0.6394	0.6539	0.4912	0.0	0.0	0.6164	0.0	0.0	0.6216	0.0	0.0
0.7_100FL_40DE_2repeat	0.1	0.3916	0.4956	0.0186	0.0013	0.5282	0.7403	0.6165	0.4954	0.4912	0.0	0.0	0.6164	0.0	0.0	0.6216	0.0	0.0
0.7_100FL_40DE_2repeat	0.05	0.4173	0.4846	0.0123	0.0009	0.5083	0.822	0.6282	0.483	0.4912	0.0	0.0	0.6164	0.0	0.0	0.6216	0.0	0.0
0.7_100FL_40DE_2repeat	0.25	0.284	0.5865	0.0497	0.0035	0.5991	0.6621	0.629	0.5948	0.4912	0.0	0.0	0.6164	0.0	0.0	0.6216	0.0	0.0
0.7_100FL_40DE_2repeat	0.2	0.3229	0.5475	0.0502	0.0036	0.5778	0.6739	0.6221	0.5475	0.4912	0.0	0.0	0.6164	0.0	0.0	0.6216	0.0	0.0
0.7_100FL_40DE_2repeat	0.4	0.2287	0.6591	0.0254	0.0018	0.6447	0.646	0.6453	0.6609	0.4912	0.0	0.0	0.6164	0.0	0.0	0.6216	0.0	0.0
0.7_100FL_40DE_2repeat	0.5	0.2172	0.6749	0.0219	0.0015	0.6607	0.6589	0.6598	0.6756	0.4912	0.0	0.0	0.6164	0.0	0.0	0.6216	0.0	0.0
0.7_100FL_40DE_2repeat	0.45	0.2208	0.6688	0.0232	0.0016	0.6562	0.6475	0.6519	0.6703	0.4912	0.0	0.0	0.6164	0.0	0.0	0.6216	0.0	0.0
0.7_100FL_40DE_2repeat	0.6	0.2121	0.6823	0.0229	0.0016	0.664	0.6678	0.6659	0.6819	0.4912	0.0	0.0	0.6164	0.0	0.0	0.6216	0.0	0.0
0.7_100FL_40DE_2repeat	0.9	0.2009	0.6956	0.0557	0.0039	0.6767	0.6985	0.6874	0.6954	0.4912	0.0	0.0	0.6164	0.0	0.0	0.6216	0.0	0.0
0.7_100FL_40DE_2repeat	0.7	0.2071	0.6878	0.0308	0.0022	0.6705	0.6798	0.6752	0.6877	0.4912	0.0	0.0	0.6164	0.0	0.0	0.6216	0.0	0.0
0.7_100FL_40DE_2repeat	0.8	0.205	0.6912	0.0358	0.0025	0.6678	0.6962	0.6817	0.693	0.4912	0.0	0.0	0.6164	0.0	0.0	0.6216	0.0	0.0

0.9_100FL_30DE_2repeat	0.3	0.276	0.5923	0.0539	0.0038	0.5685	0.7841	0.6591	0.5883	0.4908	0.0	0.0	0.6148	0.0	0.0	0.6239	0.0	0.0
0.9_100FL_30DE_2repeat	0.2	0.3507	0.5188	0.0414	0.0029	0.5214	0.8506	0.6465	0.5078	0.4908	0.0	0.0	0.6148	0.0	0.0	0.6239	0.0	0.0
0.9_100FL_30DE_2repeat	0.05	0.4298	0.4776	0.0083	0.0006	0.4851	0.9375	0.6394	0.4767	0.4908	0.0	0.0	0.6148	0.0	0.0	0.6239	0.0	0.0
0.9_100FL_30DE_2repeat	0.25	0.3125	0.5513	0.0567	0.004	0.5359	0.8328	0.6522	0.5356	0.4908	0.0	0.0	0.6148	0.0	0.0	0.6239	0.0	0.0
0.9_100FL_30DE_2repeat	0.1	0.4074	0.4859	0.0157	0.0011	0.4986	0.8867	0.6383	0.4824	0.4908	0.0	0.0	0.6148	0.0	0.0	0.6239	0.0	0.0
0.9_100FL_30DE_2repeat	0.35	0.2465	0.633	0.0406	0.0029	0.606	0.7291	0.6619	0.6469	0.4908	0.0	0.0	0.6148	0.0	0.0	0.6239	0.0	0.0
0.9_100FL_30DE_2repeat	0.4	0.2299	0.6571	0.0289	0.002	0.6344	0.6932	0.6625	0.6627	0.4908	0.0	0.0	0.6148	0.0	0.0	0.6239	0.0	0.0
0.9_100FL_30DE_2repeat	0.5	0.2188	0.6723	0.0223	0.0016	0.645	0.6982	0.6706	0.6705	0.4908	0.0	0.0	0.6148	0.0	0.0	0.6239	0.0	0.0
0.9_100FL_30DE_2repeat	0.45	0.2217	0.6668	0.0251	0.0018	0.6391	0.7062	0.6709	0.6679	0.4908	0.0	0.0	0.6148	0.0	0.0	0.6239	0.0	0.0
0.9_100FL_30DE_2repeat	0.6	0.2116	0.6828	0.0235	0.0017	0.6553	0.7036	0.6786	0.6826	0.4908	0.0	0.0	0.6148	0.0	0.0	0.6239	0.0	0.0
0.9_100FL_30DE_2repeat	0.9	0.2027	0.691	0.0538	0.0038	0.6629	0.7079	0.6847	0.6928	0.4908	0.0	0.0	0.6148	0.0	0.0	0.6239	0.0	0.0
0.9_100FL_30DE_2repeat	0.8	0.2041	0.6892	0.0331	0.0023	0.6676	0.6962	0.6816	0.6911	0.4908	0.0	0.0	0.6148	0.0	0.0	0.6239	0.0	0.0
0.9_100FL_30DE_2repeat	0.7	0.2066	0.6874	0.0276	0.002	0.6578	0.7054	0.6808	0.6868	0.4908	0.0	0.0	0.6148	0.0	0.0	0.6239	0.0	0.0

0.4_100FL_40DE_2repeat	0.3	0.2544	0.6235	0.0441	0.0031	0.624	0.6461	0.6349	0.6338	0.4908	0.0	0.0	0.6164	0.0	0.0	0.6215	0.0	0.0
0.4_100FL_40DE_2repeat	0.35	0.2347	0.6491	0.0324	0.0023	0.6416	0.6427	0.6421	0.6545	0.4908	0.0	0.0	0.6164	0.0	0.0	0.6215	0.0	0.0
0.4_100FL_40DE_2repeat	0.25	0.2854	0.5855	0.0561	0.004	0.5986	0.6653	0.6302	0.6008	0.4908	0.0	0.0	0.6164	0.0	0.0	0.6215	0.0	0.0
0.4_100FL_40DE_2repeat	0.1	0.3936	0.4943	0.0194	0.0014	0.5302	0.7484	0.6207	0.4918	0.4908	0.0	0.0	0.6164	0.0	0.0	0.6215	0.0	0.0
0.4_100FL_40DE_2repeat	0.05	0.4196	0.4831	0.0111	0.0008	0.4988	0.8441	0.6271	0.4822	0.4908	0.0	0.0	0.6164	0.0	0.0	0.6215	0.0	0.0
0.4_100FL_40DE_2repeat	0.2	0.3267	0.5418	0.0475	0.0034	0.5703	0.6892	0.6241	0.5375	0.4908	0.0	0.0	0.6164	0.0	0.0	0.6215	0.0	0.0
0.4_100FL_40DE_2repeat	0.7	0.2081	0.6848	0.026	0.0018	0.6655	0.6743	0.6698	0.6863	0.4908	0.0	0.0	0.6164	0.0	0.0	0.6215	0.0	0.0
0.4_100FL_40DE_2repeat	0.4	0.2263	0.6611	0.0217	0.0015	0.6499	0.6406	0.6452	0.6631	0.4908	0.0	0.0	0.6164	0.0	0.0	0.6215	0.0	0.0
0.4_100FL_40DE_2repeat	0.6	0.2103	0.6855	0.0238	0.0017	0.6661	0.6739	0.67	0.6882	0.4908	0.0	0.0	0.6164	0.0	0.0	0.6215	0.0	0.0
0.4_100FL_40DE_2repeat	0.5	0.2171	0.6726	0.023	0.0016	0.6546	0.6617	0.6581	0.6741	0.4908	0.0	0.0	0.6164	0.0	0.0	0.6215	0.0	0.0
0.4_100FL_40DE_2repeat	0.45	0.2215	0.6679	0.0216	0.0015	0.6567	0.6431	0.6498	0.6698	0.4908	0.0	0.0	0.6164	0.0	0.0	0.6215	0.0	0.0
0.4_100FL_40DE_2repeat	0.9	0.2001	0.6971	0.0527	0.0037	0.6789	0.7061	0.6922	0.703	0.4908	0.0	0.0	0.6164	0.0	0.0	0.6215	0.0	0.0
0.4_100FL_40DE_2repeat	0.8	0.2059	0.6862	0.0336	0.0024	0.6668	0.6813	0.674	0.6852	0.4908	0.0	0.0	0.6164	0.0	0.0	0.6215	0.0	0.0

0.1_60FL_5DE_10repeat	0.35	0.2429	0.5936	0.0102	0.0007	0.5747	0.5452	0.5595	0.593	0.4994	0.0	0.0	0.5131	0.0	0.0	0.5124	0.0	0.0
0.1_60FL_5DE_10repeat	0.3	0.2439	0.5842	0.0097	0.0007	0.5651	0.5331	0.5487	0.585	0.4994	0.0	0.0	0.5131	0.0	0.0	0.5124	0.0	0.0
0.1_60FL_5DE_10repeat	0.25	0.2449	0.5734	0.0101	0.0007	0.5512	0.524	0.5373	0.5732	0.4994	0.0	0.0	0.5131	0.0	0.0	0.5124	0.0	0.0
0.1_60FL_5DE_10repeat	0.2	0.2461	0.5609	0.0098	0.0007	0.5372	0.5129	0.5248	0.5606	0.4994	0.0	0.0	0.5131	0.0	0.0	0.5124	0.0	0.0
0.1_60FL_5DE_10repeat	0.05	0.2492	0.5209	0.0072	0.0005	0.4931	0.4762	0.4845	0.5212	0.4994	0.0	0.0	0.5131	0.0	0.0	0.5124	0.0	0.0
0.1_60FL_5DE_10repeat	0.1	0.2481	0.536	0.0084	0.0006	0.5094	0.4907	0.4999	0.5365	0.4994	0.0	0.0	0.5131	0.0	0.0	0.5124	0.0	0.0
0.1_60FL_5DE_10repeat	0.6	0.238	0.6312	0.0142	0.001	0.6169	0.5817	0.5988	0.6308	0.4994	0.0	0.0	0.5131	0.0	0.0	0.5124	0.0	0.0
0.1_60FL_5DE_10repeat	0.7	0.2364	0.6417	0.0192	0.0014	0.6294	0.5914	0.6098	0.6434	0.4994	0.0	0.0	0.5131	0.0	0.0	0.5124	0.0	0.0
0.1_60FL_5DE_10repeat	0.45	0.2408	0.6112	0.0104	0.0007	0.5986	0.5584	0.5778	0.6116	0.4994	0.0	0.0	0.5131	0.0	0.0	0.5124	0.0	0.0
0.1_60FL_5DE_10repeat	0.4	0.242	0.6011	0.01	0.0007	0.5809	0.5535	0.5669	0.6015	0.4994	0.0	0.0	0.5131	0.0	0.0	0.5124	0.0	0.0
0.1_60FL_5DE_10repeat	0.5	0.24	0.6169	0.0116	0.0008	0.6007	0.5653	0.5825	0.6176	0.4994	0.0	0.0	0.5131	0.0	0.0	0.5124	0.0	0.0
0.1_60FL_5DE_10repeat	0.8	0.2345	0.653	0.0239	0.0017	0.6403	0.6064	0.6229	0.652	0.4994	0.0	0.0	0.5131	0.0	0.0	0.5124	0.0	0.0
0.1_60FL_5DE_10repeat	0.9	0.2329	0.66	0.0377	0.0027	0.6528	0.6117	0.6316	0.662	0.4994	0.0	0.0	0.5131	0.0	0.0	0.5124	0.0	0.0

0.45_100FL_40DE_2repeat	0.35	0.2362	0.6484	0.031	0.0022	0.6449	0.6283	0.6365	0.655	0.4921	0.0	0.0	0.6171	0.0	0.0	0.6214	0.0	0.0
0.45_100FL_40DE_2repeat	0.25	0.2823	0.5883	0.0487	0.0034	0.6097	0.6272	0.6183	0.5967	0.4921	0.0	0.0	0.6171	0.0	0.0	0.6214	0.0	0.0
0.45_100FL_40DE_2repeat	0.3	0.2523	0.6266	0.0432	0.0031	0.6365	0.6106	0.6233	0.64	0.4921	0.0	0.0	0.6171	0.0	0.0	0.6214	0.0	0.0
0.45_100FL_40DE_2repeat	0.2	0.317	0.552	0.0436	0.0031	0.5908	0.6206	0.6053	0.5589	0.4921	0.0	0.0	0.6171	0.0	0.0	0.6214	0.0	0.0
0.45_100FL_40DE_2repeat	0.1	0.3882	0.4982	0.0191	0.0014	0.5406	0.7021	0.6108	0.4982	0.4921	0.0	0.0	0.6171	0.0	0.0	0.6214	0.0	0.0
0.45_100FL_40DE_2repeat	0.05	0.4152	0.4861	0.0125	0.0009	0.5136	0.7884	0.622	0.4833	0.4921	0.0	0.0	0.6171	0.0	0.0	0.6214	0.0	0.0
0.45_100FL_40DE_2repeat	0.4	0.2268	0.6607	0.0227	0.0016	0.6538	0.6237	0.6384	0.6612	0.4921	0.0	0.0	0.6171	0.0	0.0	0.6214	0.0	0.0
0.45_100FL_40DE_2repeat	0.7	0.2081	0.6872	0.0271	0.0019	0.6711	0.6748	0.6729	0.6875	0.4921	0.0	0.0	0.6171	0.0	0.0	0.6214	0.0	0.0
0.45_100FL_40DE_2repeat	0.6	0.2116	0.681	0.0241	0.0017	0.6698	0.6568	0.6633	0.679	0.4921	0.0	0.0	0.6171	0.0	0.0	0.6214	0.0	0.0
0.45_100FL_40DE_2repeat	0.5	0.2154	0.6752	0.0214	0.0015	0.6626	0.6521	0.6573	0.6763	0.4921	0.0	0.0	0.6171	0.0	0.0	0.6214	0.0	0.0
0.45_100FL_40DE_2repeat	0.45	0.2227	0.6668	0.0221	0.0016	0.6586	0.6334	0.6458	0.6681	0.4921	0.0	0.0	0.6171	0.0	0.0	0.6214	0.0	0.0
0.45_100FL_40DE_2repeat	0.9	0.2055	0.682	0.0548	0.0039	0.655	0.6875	0.6708	0.6813	0.4921	0.0	0.0	0.6171	0.0	0.0	0.6214	0.0	0.0
0.45_100FL_40DE_2repeat	0.8	0.2042	0.6922	0.0353	0.0025	0.6694	0.6877	0.6784	0.688	0.4921	0.0	0.0	0.6171	0.0	0.0	0.6214	0.0	0.0

0.3_60FL_40DE_10repeat	0.35	0.2402	0.6098	0.013	0.0009	0.5823	0.6208	0.6009	0.6107	0.4979	0.0	0.0	0.5178	0.0	0.0	0.5181	0.0	0.0
0.3_60FL_40DE_10repeat	0.25	0.243	0.5871	0.0124	0.0009	0.558	0.6067	0.5813	0.5875	0.4979	0.0	0.0	0.5178	0.0	0.0	0.5181	0.0	0.0
0.3_60FL_40DE_10repeat	0.1	0.2476	0.5414	0.0107	0.0008	0.5134	0.5835	0.5462	0.5413	0.4979	0.0	0.0	0.5178	0.0	0.0	0.5181	0.0	0.0
0.3_60FL_40DE_10repeat	0.3	0.2416	0.5989	0.0118	0.0008	0.5732	0.6076	0.5899	0.5996	0.4979	0.0	0.0	0.5178	0.0	0.0	0.5181	0.0	0.0
0.3_60FL_40DE_10repeat	0.05	0.2492	0.5197	0.0089	0.0006	0.4935	0.5761	0.5316	0.5201	0.4979	0.0	0.0	0.5178	0.0	0.0	0.5181	0.0	0.0
0.3_60FL_40DE_10repeat	0.2	0.2444	0.5754	0.0117	0.0008	0.5477	0.5993	0.5723	0.5753	0.4979	0.0	0.0	0.5178	0.0	0.0	0.5181	0.0	0.0
0.3_60FL_40DE_10repeat	0.4	0.2389	0.618	0.0112	0.0008	0.5919	0.6226	0.6069	0.6174	0.4979	0.0	0.0	0.5178	0.0	0.0	0.5181	0.0	0.0
0.3_60FL_40DE_10repeat	0.45	0.2375	0.6268	0.0125	0.0009	0.6027	0.627	0.6146	0.6272	0.4979	0.0	0.0	0.5178	0.0	0.0	0.5181	0.0	0.0
0.3_60FL_40DE_10repeat	0.5	0.2362	0.6352	0.0128	0.0009	0.6143	0.629	0.6216	0.6354	0.4979	0.0	0.0	0.5178	0.0	0.0	0.5181	0.0	0.0
0.3_60FL_40DE_10repeat	0.7	0.2318	0.6545	0.0217	0.0015	0.6306	0.6454	0.6379	0.6558	0.4979	0.0	0.0	0.5178	0.0	0.0	0.5181	0.0	0.0
0.3_60FL_40DE_10repeat	0.9	0.2267	0.6745	0.0423	0.003	0.6615	0.6572	0.6594	0.678	0.4979	0.0	0.0	0.5178	0.0	0.0	0.5181	0.0	0.0
0.3_60FL_40DE_10repeat	0.6	0.2338	0.6475	0.016	0.0011	0.625	0.6434	0.6341	0.6472	0.4979	0.0	0.0	0.5178	0.0	0.0	0.5181	0.0	0.0
0.3_60FL_40DE_10repeat	0.8	0.2292	0.6673	0.0281	0.002	0.6467	0.6551	0.6509	0.6663	0.4979	0.0	0.0	0.5178	0.0	0.0	0.5181	0.0	0.0

0.25_60FL_40DE_10repeat	0.3	0.2429	0.5794	0.0155	0.0011	0.541	0.7546	0.6302	0.5795	0.4958	0.0	0.0	0.5171	0.0	0.0	0.5207	0.0	0.0
0.25_60FL_40DE_10repeat	0.25	0.2446	0.5633	0.0155	0.0011	0.5274	0.7611	0.623	0.563	0.4958	0.0	0.0	0.5171	0.0	0.0	0.5207	0.0	0.0
0.25_60FL_40DE_10repeat	0.2	0.2461	0.5491	0.0153	0.0011	0.5164	0.7662	0.617	0.5495	0.4958	0.0	0.0	0.5171	0.0	0.0	0.5207	0.0	0.0
0.25_60FL_40DE_10repeat	0.35	0.2415	0.5911	0.0151	0.0011	0.549	0.7552	0.6358	0.5921	0.4958	0.0	0.0	0.5171	0.0	0.0	0.5207	0.0	0.0
0.25_60FL_40DE_10repeat	0.1	0.2495	0.5147	0.0123	0.0009	0.4924	0.7836	0.6048	0.5148	0.4958	0.0	0.0	0.5171	0.0	0.0	0.5207	0.0	0.0
0.25_60FL_40DE_10repeat	0.6	0.234	0.6414	0.0195	0.0014	0.5997	0.7381	0.6618	0.6411	0.4958	0.0	0.0	0.5171	0.0	0.0	0.5207	0.0	0.0
0.25_60FL_40DE_10repeat	0.4	0.24	0.6027	0.0159	0.0011	0.5605	0.7471	0.6405	0.6035	0.4958	0.0	0.0	0.5171	0.0	0.0	0.5207	0.0	0.0
0.25_60FL_40DE_10repeat	0.7	0.2321	0.6488	0.0232	0.0016	0.6042	0.7378	0.6644	0.6486	0.4958	0.0	0.0	0.5171	0.0	0.0	0.5207	0.0	0.0
0.25_60FL_40DE_10repeat	0.05	0.2514	0.4958	0.0086	0.0006	0.4799	0.7964	0.5989	0.4964	0.4958	0.0	0.0	0.5171	0.0	0.0	0.5207	0.0	0.0
0.25_60FL_40DE_10repeat	0.45	0.2386	0.6121	0.0175	0.0012	0.5693	0.7446	0.6453	0.6143	0.4958	0.0	0.0	0.5171	0.0	0.0	0.5207	0.0	0.0
0.25_60FL_40DE_10repeat	0.5	0.2371	0.6228	0.0152	0.0011	0.5772	0.748	0.6516	0.6228	0.4958	0.0	0.0	0.5171	0.0	0.0	0.5207	0.0	0.0
0.25_60FL_40DE_10repeat	0.9	0.2275	0.6678	0.0409	0.0029	0.6256	0.7351	0.6759	0.6682	0.4958	0.0	0.0	0.5171	0.0	0.0	0.5207	0.0	0.0
0.25_60FL_40DE_10repeat	0.8	0.2292	0.6627	0.0287	0.002	0.6226	0.7338	0.6736	0.6644	0.4958	0.0	0.0	0.5171	0.0	0.0	0.5207	0.0	0.0

0.8_100FL_50DE_2repeat	0.25	0.2693	0.6073	0.0356	0.0025	0.6795	0.407	0.5091	0.6108	0.4909	0.0	0.0	0.6192	0.0	0.0	0.6186	0.0	0.0
0.8_100FL_50DE_2repeat	0.3	0.2464	0.6363	0.0262	0.0018	0.6847	0.4614	0.5513	0.637	0.4909	0.0	0.0	0.6192	0.0	0.0	0.6186	0.0	0.0
0.8_100FL_50DE_2repeat	0.2	0.3016	0.5697	0.0351	0.0025	0.6583	0.3806	0.4823	0.5716	0.4909	0.0	0.0	0.6192	0.0	0.0	0.6186	0.0	0.0
0.8_100FL_50DE_2repeat	0.1	0.3688	0.5139	0.0204	0.0014	0.5966	0.426	0.4971	0.5174	0.4909	0.0	0.0	0.6192	0.0	0.0	0.6186	0.0	0.0
0.8_100FL_50DE_2repeat	0.05	0.3977	0.4986	0.0154	0.0011	0.5442	0.555	0.5496	0.499	0.4909	0.0	0.0	0.6192	0.0	0.0	0.6186	0.0	0.0
0.8_100FL_50DE_2repeat	0.35	0.2364	0.6507	0.0232	0.0016	0.6813	0.513	0.5853	0.6524	0.4909	0.0	0.0	0.6192	0.0	0.0	0.6186	0.0	0.0
0.8_100FL_50DE_2repeat	0.4	0.2293	0.6587	0.0215	0.0015	0.6822	0.5364	0.6006	0.6599	0.4909	0.0	0.0	0.6192	0.0	0.0	0.6186	0.0	0.0
0.8_100FL_50DE_2repeat	0.45	0.2224	0.6693	0.0216	0.0015	0.6755	0.5869	0.6281	0.6686	0.4909	0.0	0.0	0.6192	0.0	0.0	0.6186	0.0	0.0
0.8_100FL_50DE_2repeat	0.5	0.2181	0.6736	0.0218	0.0015	0.6782	0.597	0.635	0.6752	0.4909	0.0	0.0	0.6192	0.0	0.0	0.6186	0.0	0.0
0.8_100FL_50DE_2repeat	0.9	0.2026	0.6923	0.0545	0.0039	0.6761	0.6728	0.6744	0.6918	0.4909	0.0	0.0	0.6192	0.0	0.0	0.6186	0.0	0.0
0.8_100FL_50DE_2repeat	0.8	0.2062	0.6882	0.0364	0.0026	0.6747	0.665	0.6698	0.6912	0.4909	0.0	0.0	0.6192	0.0	0.0	0.6186	0.0	0.0
0.8_100FL_50DE_2repeat	0.7	0.2084	0.6873	0.0284	0.002	0.6818	0.6449	0.6628	0.6883	0.4909	0.0	0.0	0.6192	0.0	0.0	0.6186	0.0	0.0
0.8_100FL_50DE_2repeat	0.6	0.2151	0.6775	0.0249	0.0018	0.6718	0.627	0.6486	0.6769	0.4909	0.0	0.0	0.6192	0.0	0.0	0.6186	0.0	0.0
