Label	trainingSize	SquaredLoss_Mean	Accuracy_Mean	Accuracy_SD	Accuracy_SE	Precision_Mean	Recall_Mean	F1	Accuracy_Median	PriorClass0_Mean	PriorClass0_SD	PriorClass0_SE	ProbabilityEstimate_0given0_Mean 	ProbabilityEstimate_0given0_SD 	ProbabilityEstimate_0given0_SE 	ProbabilityEstimate_1given1_Mean	ProbabilityEstimate_1given1_SD	ProbabilityEstimate_1given1_SE

original	0.9	0.1762	0.8231	0.0471	0.0033	0.0	0.0	0.0	0.8241	0.8219	0.0052	0.0004	0.8636	0.0004	0.0	0.2785	0.0013	0.0
original	0.8	0.1784	0.8211	0.0328	0.0023	0.0	0.0	0.0	0.8241	0.8223	0.0081	0.0006	0.8638	0.0006	0.0	0.279	0.0019	0.0
original	0.7	0.1798	0.8196	0.028	0.002	0.0	0.0	0.0	0.819	0.823	0.0119	0.0008	0.8633	0.001	0.0	0.2764	0.0023	0.0
original	0.6	0.1793	0.8201	0.0191	0.0013	0.0	0.0	0.0	0.8211	0.8233	0.0127	0.0009	0.863	0.0011	0.0	0.2773	0.0033	0.0
original	0.5	0.1758	0.8237	0.0162	0.0011	0.0	0.0	0.0	0.8235	0.8204	0.0161	0.0011	0.862	0.0012	0.0	0.2845	0.0041	0.0
original	0.45	0.1779	0.8215	0.0167	0.0012	0.0	0.0	0.0	0.8194	0.8226	0.0203	0.0014	0.8628	0.0016	0.0	0.278	0.0044	0.0
original	0.4	0.1767	0.8228	0.0137	0.001	0.0	0.0	0.0	0.8226	0.8209	0.0206	0.0015	0.8602	0.0017	0.0	0.2763	0.0048	0.0
original	0.1	0.1768	0.8223	0.0057	0.0004	0.0	0.0	0.0	0.8224	0.8197	0.0504	0.0036	0.8432	0.005	0.0	0.3208	0.0104	0.0
original	0.35	0.1788	0.8206	0.0119	0.0008	0.0	0.0	0.0	0.822	0.8246	0.0221	0.0016	0.8622	0.0018	0.0	0.2757	0.0057	0.0
original	0.3	0.1788	0.8207	0.01	0.0007	0.0	0.0	0.0	0.8215	0.8252	0.0233	0.0016	0.8612	0.0021	0.0	0.2739	0.006	0.0
original	0.25	0.1777	0.8217	0.01	0.0007	0.0	0.0	0.0	0.8235	0.8231	0.0298	0.0021	0.8586	0.0026	0.0	0.286	0.0069	0.0
original	0.2	0.1775	0.8219	0.0079	0.0006	0.0	0.0	0.0	0.8211	0.8224	0.0315	0.0022	0.8605	0.0029	0.0	0.2938	0.0081	0.0
original	0.05	0.1774	0.8172	0.0408	0.0029	0.0054	0.0072	0.0061	0.8221	0.817	0.0762	0.0054	0.7809	0.0085	0.0	0.4189	0.0118	0.0



15perc_2repeat	0.1	0.1782	0.819	0.0432	0.0031	0.005	0.0044	0.0047	0.8224	0.7576	0.0433	0.0031	0.7888	0.0048	0.0	0.3114	0.0097	0.0
90perc_2repeat	0.05	0.648	0.2803	0.1791	0.0127	0.1804	0.8628	0.2984	0.1838	0.438	0.0254	0.0018	0.6549	0.0109	0.0	0.7108	0.0117	0.0
100perc_2repeat	0.05	0.6987	0.2441	0.1195	0.0084	0.1839	0.9322	0.3073	0.1814	0.3941	0.0234	0.0017	0.6975	0.014	0.0	0.7794	0.0122	0.0
5perc_5repeat	0.1	0.1761	0.8227	0.0053	0.0004	0.0	0.0	0.0	0.8224	0.7957	0.0445	0.0031	0.8253	0.005	0.0	0.3014	0.0131	0.0
15perc_5repeat	0.1	0.1761	0.8215	0.0057	0.0004	0.0	0.0	0.0	0.8204	0.747	0.0412	0.0029	0.7711	0.0047	0.0	0.2845	0.0081	0.0
30perc_5repeat	0.1	0.1741	0.8187	0.0443	0.0031	0.0008	0.0046	0.0014	0.8214	0.6662	0.0292	0.0021	0.6924	0.0038	0.0	0.3555	0.0059	0.0
80perc_5repeat	0.05	0.7051	0.2065	0.1207	0.0085	0.1777	0.9566	0.2997	0.1783	0.3995	0.0304	0.0022	0.5186	0.0081	0.0	0.6659	0.0089	0.0
90perc_5repeat	0.05	0.7657	0.1909	0.0648	0.0046	0.1789	0.9796	0.3025	0.1779	0.3431	0.0384	0.0027	0.5566	0.0106	0.0	0.7503	0.0097	0.0
100perc_5repeat	0.05	0.7794	0.1926	0.0703	0.005	0.1791	0.982	0.3029	0.1779	0.2863	0.046	0.0033	0.6113	0.0165	0.0	0.8097	0.0114	0.0
70perc_5repeat	0.05	0.5875	0.2895	0.222	0.0157	0.1782	0.8304	0.2934	0.1811	0.4574	0.0256	0.0018	0.5318	0.0063	0.0	0.5956	0.008	0.0
70perc_10repeat	0.05	0.6563	0.225	0.1582	0.0112	0.177	0.9301	0.2974	0.1799	0.4223	0.025	0.0018	0.4767	0.0056	0.0	0.609	0.0062	0.0
80perc_10repeat	0.05	0.7552	0.1944	0.0901	0.0064	0.1769	0.9761	0.2995	0.1779	0.3623	0.0362	0.0026	0.4702	0.0073	0.0	0.6946	0.0067	0.0
80perc_2repeat	0.05	0.4239	0.5078	0.2792	0.0197	0.1449	0.4983	0.2245	0.5301	0.4862	0.0277	0.002	0.6298	0.0087	0.0	0.6386	0.0103	0.0
70perc_2repeat	0.05	0.2572	0.7038	0.2239	0.0158	0.0694	0.1874	0.1013	0.8182	0.5306	0.031	0.0022	0.6327	0.0071	0.0	0.5687	0.0097	0.0
30perc_10repeat	0.1	0.1712	0.8198	0.0369	0.0026	0.0017	0.004	0.0024	0.8224	0.6486	0.027	0.0019	0.6652	0.0036	0.0	0.3679	0.0049	0.0
30perc_2repeat	0.05	0.1817	0.8064	0.0932	0.0066	0.0069	0.0228	0.0105	0.8221	0.6974	0.053	0.0037	0.6948	0.0084	0.0	0.3573	0.0113	0.0
15perc_10repeat	0.1	0.1758	0.8217	0.0053	0.0004	0.0	0.0	0.0	0.8224	0.7389	0.0372	0.0026	0.7631	0.0044	0.0	0.2961	0.0076	0.0
15perc_2repeat	0.05	0.1841	0.8086	0.0766	0.0054	0.0071	0.0194	0.0104	0.8221	0.7566	0.0648	0.0046	0.7496	0.0105	0.0	0.3252	0.0128	0.0
60perc_10repeat	0.05	0.4207	0.4033	0.2802	0.0198	0.1655	0.6548	0.2643	0.1875	0.4844	0.0205	0.0015	0.5115	0.0054	0.0	0.5397	0.0055	0.0
40perc_5repeat	0.05	0.1985	0.7725	0.1599	0.0113	0.0204	0.0744	0.032	0.8201	0.6101	0.0389	0.0028	0.618	0.0072	0.0	0.4243	0.0086	0.0
40perc_10repeat	0.1	0.1646	0.816	0.0603	0.0043	0.0016	0.009	0.0028	0.8224	0.5881	0.0183	0.0013	0.6047	0.0029	0.0	0.4319	0.0036	0.0
30perc_5repeat	0.05	0.1837	0.8011	0.1049	0.0074	0.0078	0.0315	0.0125	0.8221	0.6676	0.0481	0.0034	0.6777	0.0073	0.0	0.3562	0.0097	0.0
15perc_10repeat	0.05	0.189	0.8044	0.102	0.0072	0.0067	0.0277	0.0108	0.8221	0.7335	0.0547	0.0039	0.7583	0.0084	0.0	0.2953	0.0129	0.0
30perc_10repeat	0.05	0.1805	0.8057	0.0904	0.0064	0.0069	0.0232	0.0106	0.8221	0.6541	0.0356	0.0025	0.6734	0.0064	0.0	0.3626	0.0091	0.0
50perc_2repeat	0.1	0.171	0.8187	0.0419	0.003	0.0089	0.0045	0.006	0.8224	0.6126	0.0284	0.002	0.6621	0.004	0.0	0.459	0.0062	0.0
50perc_5repeat	0.1	0.168	0.8104	0.08	0.0057	0.0194	0.0185	0.019	0.8204	0.559	0.0225	0.0016	0.5972	0.0034	0.0	0.4841	0.0043	0.0
50perc_10repeat	0.1	0.1753	0.7862	0.134	0.0095	0.0534	0.0552	0.0543	0.8204	0.5357	0.0153	0.0011	0.5599	0.0025	0.0	0.4875	0.0028	0.0
5perc_10repeat	0.05	0.1835	0.8129	0.0675	0.0048	0.0084	0.0144	0.0106	0.8221	0.7998	0.0734	0.0052	0.8137	0.0099	0.0	0.2657	0.0173	0.0
50perc_2repeat	0.05	0.1961	0.7738	0.1551	0.011	0.0323	0.0708	0.0444	0.8201	0.6087	0.0407	0.0029	0.6391	0.0083	0.0	0.47	0.0107	0.0
40perc_2repeat	0.1	0.1711	0.8221	0.0054	0.0004	0.0009	0.0	0.0	0.8224	0.6479	0.031	0.0022	0.6837	0.0045	0.0	0.4092	0.0067	0.0
5perc_2repeat	0.1	0.1774	0.8214	0.0055	0.0004	0.0	0.0	0.0	0.8204	0.8099	0.0473	0.0033	0.8412	0.0057	0.0	0.2858	0.0124	0.0
30perc_2repeat	0.1	0.1753	0.8186	0.0439	0.0031	0.0008	0.0045	0.0014	0.8224	0.7	0.0376	0.0027	0.727	0.0053	0.0	0.3592	0.0078	0.0
40perc_5repeat	0.1	0.1677	0.8185	0.0423	0.003	0.0021	0.0044	0.0028	0.8204	0.6068	0.0253	0.0018	0.6284	0.0036	0.0	0.4219	0.0049	0.0
100perc_10repeat	0.05	0.7834	0.1942	0.0852	0.006	0.1769	0.9779	0.2996	0.1779	0.2363	0.0568	0.004	0.5649	0.0195	0.0	0.8393	0.011	0.0
90perc_10repeat	0.05	0.7689	0.2008	0.106	0.0075	0.1752	0.9667	0.2967	0.1798	0.2973	0.0447	0.0032	0.4804	0.0104	0.0	0.7615	0.0092	0.0
5perc_10repeat	0.1	0.1764	0.8224	0.0057	0.0004	0.0	0.0	0.0	0.8224	0.7975	0.0485	0.0034	0.8226	0.0053	0.0	0.2652	0.0119	0.0
60perc_2repeat	0.05	0.2266	0.7402	0.2005	0.0142	0.0549	0.1257	0.0765	0.8201	0.576	0.0393	0.0028	0.6254	0.0086	0.0	0.5037	0.0109	0.0
60perc_5repeat	0.05	0.3035	0.626	0.2837	0.0201	0.0973	0.3088	0.1479	0.8181	0.5145	0.0294	0.0021	0.5734	0.0064	0.0	0.5345	0.0075	0.0
5perc_5repeat	0.05	0.1813	0.8149	0.0464	0.0033	0.006	0.012	0.008	0.8221	0.8021	0.0605	0.0043	0.8212	0.0106	0.0	0.2702	0.0149	0.0
15perc_5repeat	0.05	0.1862	0.8035	0.0974	0.0069	0.0115	0.027	0.0161	0.8221	0.7423	0.0542	0.0038	0.7427	0.0093	0.0	0.3178	0.013	0.0
5perc_2repeat	0.05	0.1834	0.8108	0.0708	0.005	0.0072	0.0174	0.0102	0.8201	0.8102	0.0674	0.0048	0.8191	0.0096	0.0	0.3638	0.0158	0.0
50perc_10repeat	0.05	0.2465	0.6826	0.2464	0.0174	0.0791	0.2149	0.1157	0.8182	0.5295	0.0197	0.0014	0.5508	0.0056	0.0	0.4979	0.0065	0.0
40perc_10repeat	0.05	0.1819	0.7933	0.1224	0.0087	0.0152	0.043	0.0224	0.8221	0.5939	0.0277	0.002	0.6147	0.0052	0.0	0.4225	0.0072	0.0
40perc_2repeat	0.05	0.1885	0.7975	0.1144	0.0081	0.0137	0.0356	0.0197	0.8221	0.6546	0.0443	0.0031	0.6789	0.0084	0.0	0.4251	0.0099	0.0
5perc_2repeat	0.2	0.1775	0.8217	0.0082	0.0006	0.0	0.0	0.0	0.8211	0.8028	0.0319	0.0023	0.8371	0.003	0.0	0.2753	0.0076	0.0
15perc_2repeat	0.2	0.176	0.8224	0.0082	0.0006	0.0	0.0	0.0	0.8211	0.7575	0.0285	0.002	0.7912	0.0027	0.0	0.293	0.0057	0.0
50perc_5repeat	0.05	0.243	0.7139	0.2337	0.0165	0.0521	0.1668	0.0793	0.8201	0.5549	0.0283	0.002	0.5879	0.0073	0.0	0.4958	0.008	0.0
30perc_2repeat	0.2	0.1741	0.8225	0.0075	0.0005	0.0	0.0	0.0	0.8234	0.6952	0.023	0.0016	0.7307	0.0022	0.0	0.3593	0.0041	0.0
5perc_5repeat	0.2	0.1771	0.8219	0.0078	0.0006	0.0	0.0	0.0	0.8211	0.7974	0.0291	0.0021	0.8286	0.0031	0.0	0.2699	0.0072	0.0
15perc_5repeat	0.2	0.1765	0.8215	0.0083	0.0006	0.0	0.0	0.0	0.8211	0.7451	0.027	0.0019	0.774	0.0026	0.0	0.2946	0.0047	0.0
90perc_2repeat	0.1	0.6651	0.2779	0.1789	0.0126	0.1919	0.8871	0.3156	0.1847	0.4388	0.0177	0.0013	0.6575	0.0058	0.0	0.727	0.0061	0.0
60perc_2repeat	0.1	0.1803	0.7983	0.1077	0.0076	0.019	0.0377	0.0253	0.822	0.5682	0.0252	0.0018	0.6415	0.0041	0.0	0.5231	0.0061	0.0
80perc_5repeat	0.1	0.7723	0.1786	0.0069	0.0005	0.1781	0.999	0.3024	0.1776	0.3906	0.0197	0.0014	0.5215	0.0043	0.0	0.6933	0.0044	0.0
80perc_2repeat	0.1	0.4292	0.4919	0.2916	0.0206	0.17	0.534	0.2579	0.4675	0.4798	0.0193	0.0014	0.6291	0.0053	0.0	0.653	0.0063	0.0
70perc_5repeat	0.1	0.6391	0.2362	0.178	0.0126	0.18	0.9118	0.3007	0.1796	0.4536	0.0185	0.0013	0.5292	0.0035	0.0	0.6126	0.0041	0.0
30perc_5repeat	0.2	0.1741	0.8209	0.0084	0.0006	0.0	0.0	0.0	0.8211	0.6663	0.0222	0.0016	0.695	0.0022	0.0	0.3622	0.0033	0.0
100perc_2repeat	0.1	0.7345	0.2356	0.1455	0.0103	0.186	0.9325	0.3101	0.1796	0.3939	0.0164	0.0012	0.6948	0.0085	0.0	0.7958	0.0066	0.0
90perc_5repeat	0.1	0.7946	0.1802	0.0207	0.0015	0.1787	0.9989	0.3032	0.1791	0.3416	0.0293	0.0021	0.5409	0.0059	0.0	0.7608	0.0056	0.0
70perc_2repeat	0.1	0.2247	0.7459	0.1848	0.0131	0.1013	0.1284	0.1133	0.8183	0.5235	0.0225	0.0016	0.6294	0.0046	0.0	0.5864	0.0064	0.0
60perc_5repeat	0.1	0.3354	0.5421	0.3018	0.0213	0.1622	0.4435	0.2375	0.7614	0.4997	0.0188	0.0013	0.5553	0.0034	0.0	0.5581	0.004	0.0
100perc_5repeat	0.1	0.8026	0.1827	0.0349	0.0025	0.179	0.9956	0.3034	0.1796	0.2827	0.0308	0.0022	0.5892	0.0103	0.0	0.8305	0.0061	0.0
80perc_10repeat	0.1	0.7826	0.1792	0.02	0.0014	0.1779	0.9992	0.3021	0.1776	0.3544	0.0261	0.0018	0.4468	0.0037	0.0	0.6961	0.004	0.0
70perc_10repeat	0.1	0.7239	0.1865	0.0659	0.0047	0.178	0.989	0.3017	0.1784	0.4165	0.0201	0.0014	0.4737	0.0031	0.0	0.6277	0.0034	0.0
60perc_10repeat	0.1	0.5266	0.2596	0.2039	0.0144	0.1821	0.8765	0.3016	0.1816	0.4714	0.0142	0.001	0.5087	0.0026	0.0	0.5632	0.0028	0.0
100perc_10repeat	0.1	0.8084	0.1813	0.0235	0.0017	0.1783	0.997	0.3024	0.1776	0.2375	0.0416	0.0029	0.5266	0.0124	0.0	0.8474	0.0057	0.0
90perc_10repeat	0.1	0.8046	0.1778	0.0057	0.0004	0.1778	0.9999	0.3019	0.1776	0.3023	0.0332	0.0023	0.4494	0.006	0.0	0.7673	0.0044	0.0
5perc_10repeat	0.2	0.1769	0.8222	0.0079	0.0006	0.0	0.0	0.0	0.8234	0.7944	0.0293	0.0021	0.8302	0.0024	0.0	0.2815	0.0068	0.0
15perc_10repeat	0.2	0.1757	0.8222	0.0081	0.0006	0.0	0.0	0.0	0.8211	0.7359	0.0246	0.0017	0.7658	0.0023	0.0	0.2965	0.0042	0.0
30perc_10repeat	0.2	0.1705	0.8229	0.0086	0.0006	0.0	0.0	0.0	0.8211	0.6494	0.0197	0.0014	0.6685	0.002	0.0	0.3637	0.0027	0.0
40perc_2repeat	0.2	0.1727	0.8219	0.008	0.0006	0.0	0.0	0.0	0.8222	0.6548	0.0232	0.0016	0.6951	0.0025	0.0	0.4041	0.0036	0.0
40perc_5repeat	0.2	0.1683	0.8216	0.0082	0.0006	0.0	0.0	0.0	0.8211	0.6115	0.0177	0.0012	0.6395	0.002	0.0	0.4169	0.0027	0.0
50perc_2repeat	0.2	0.1698	0.8218	0.0078	0.0006	0.0	0.0	0.0	0.8211	0.6101	0.0204	0.0014	0.6672	0.0025	0.0	0.4732	0.0034	0.0
40perc_10repeat	0.2	0.1644	0.822	0.0076	0.0005	0.0	0.0	0.0	0.8211	0.5915	0.0129	0.0009	0.6122	0.0016	0.0	0.4266	0.002	0.0
50perc_5repeat	0.2	0.1588	0.8223	0.0078	0.0006	0.0208	0.0008	0.0016	0.8233	0.5552	0.0149	0.0011	0.5896	0.0018	0.0	0.484	0.0024	0.0
5perc_2repeat	0.25	0.1773	0.8219	0.01	0.0007	0.0	0.0	0.0	0.8211	0.8037	0.0288	0.002	0.842	0.0026	0.0	0.2774	0.006	0.0
15perc_2repeat	0.25	0.1763	0.8221	0.0107	0.0008	0.0	0.0	0.0	0.8235	0.7592	0.0284	0.002	0.7891	0.0025	0.0	0.2976	0.0053	0.0
30perc_2repeat	0.25	0.1746	0.8219	0.0094	0.0007	0.0	0.0	0.0	0.8223	0.694	0.021	0.0015	0.7296	0.0021	0.0	0.3535	0.0035	0.0
40perc_2repeat	0.25	0.1717	0.8226	0.0092	0.0006	0.0	0.0	0.0	0.8223	0.6516	0.0185	0.0013	0.6928	0.002	0.0	0.4093	0.0031	0.0
50perc_2repeat	0.25	0.1697	0.8215	0.0096	0.0007	0.0034	0.0001	0.0001	0.8211	0.608	0.0177	0.0012	0.6661	0.0021	0.0	0.4696	0.0028	0.0
60perc_2repeat	0.25	0.165	0.8221	0.0086	0.0006	0.0477	0.0017	0.0032	0.8219	0.5647	0.0151	0.0011	0.6458	0.0019	0.0	0.5367	0.0027	0.0
15perc_5repeat	0.25	0.1756	0.8225	0.0089	0.0006	0.0	0.0	0.0	0.8235	0.7419	0.0227	0.0016	0.7735	0.0021	0.0	0.3001	0.0041	0.0
70perc_2repeat	0.25	0.162	0.8184	0.0144	0.001	0.1869	0.0155	0.0286	0.82	0.5249	0.0146	0.001	0.6354	0.002	0.0	0.5929	0.0027	0.0
30perc_5repeat	0.25	0.1725	0.8221	0.0088	0.0006	0.0	0.0	0.0	0.8211	0.6596	0.0159	0.0011	0.6876	0.0017	0.0	0.3663	0.0025	0.0
40perc_5repeat	0.25	0.1666	0.8236	0.0091	0.0006	0.0	0.0	0.0	0.8235	0.6097	0.0155	0.0011	0.6395	0.0015	0.0	0.4198	0.0024	0.0
50perc_5repeat	0.25	0.1596	0.8213	0.0094	0.0007	0.0109	0.0005	0.0009	0.8211	0.5563	0.0136	0.001	0.5946	0.0016	0.0	0.4866	0.0019	0.0
60perc_5repeat	0.25	0.2233	0.669	0.2297	0.0162	0.2628	0.3154	0.2867	0.8032	0.5012	0.0113	0.0008	0.5547	0.0015	0.0	0.5525	0.0016	0.0
70perc_5repeat	0.25	0.6608	0.1897	0.0511	0.0036	0.1804	0.9882	0.3051	0.183	0.4498	0.013	0.0009	0.5313	0.0015	0.0	0.6222	0.002	0.0
80perc_2repeat	0.25	0.2188	0.7352	0.1595	0.0113	0.348	0.2413	0.285	0.8047	0.4805	0.0123	0.0009	0.6446	0.0022	0.0	0.6707	0.0027	0.0
5perc_10repeat	0.25	0.1774	0.8218	0.0098	0.0007	0.0	0.0	0.0	0.8211	0.7968	0.0271	0.0019	0.8325	0.0022	0.0	0.2759	0.0066	0.0
100perc_10repeat	0.2	0.8117	0.1781	0.0076	0.0005	0.178	0.9999	0.3023	0.1789	0.2363	0.0249	0.0018	0.4854	0.0059	0.0	0.8482	0.0032	0.0
60perc_2repeat	0.2	0.1676	0.8191	0.0366	0.0026	0.0336	0.0058	0.0099	0.8211	0.5657	0.0189	0.0013	0.6433	0.0022	0.0	0.5319	0.0032	0.0
80perc_5repeat	0.25	0.7678	0.179	0.0091	0.0006	0.1787	0.9995	0.3032	0.1789	0.393	0.0133	0.0009	0.5181	0.0017	0.0	0.6959	0.002	0.0
70perc_2repeat	0.2	0.1692	0.8094	0.067	0.0047	0.1989	0.0327	0.0562	0.8196	0.5211	0.016	0.0011	0.6328	0.0024	0.0	0.5958	0.0032	0.0
30perc_10repeat	0.25	0.1711	0.8224	0.01	0.0007	0.0	0.0	0.0	0.8235	0.6476	0.0154	0.0011	0.6681	0.0015	0.0	0.3676	0.002	0.0
15perc_10repeat	0.25	0.1751	0.8227	0.01	0.0007	0.0	0.0	0.0	0.8211	0.7349	0.0231	0.0016	0.763	0.0021	0.0	0.292	0.004	0.0
70perc_5repeat	0.2	0.6823	0.1865	0.0526	0.0037	0.1794	0.9893	0.3037	0.18	0.4474	0.0138	0.001	0.5321	0.0018	0.0	0.6268	0.0025	0.0
40perc_10repeat	0.25	0.164	0.822	0.009	0.0006	0.0	0.0	0.0	0.8211	0.5903	0.0133	0.0009	0.6096	0.0013	0.0	0.4261	0.0016	0.0
60perc_10repeat	0.25	0.507	0.1941	0.0788	0.0056	0.1788	0.9782	0.3023	0.1797	0.4715	0.0087	0.0006	0.5062	0.0011	0.0	0.5607	0.0013	0.0
50perc_10repeat	0.25	0.1543	0.8205	0.0185	0.0013	0.0411	0.0084	0.014	0.8229	0.5316	0.0101	0.0007	0.5533	0.0012	0.0	0.489	0.0014	0.0
70perc_10repeat	0.25	0.7321	0.1784	0.0094	0.0007	0.1784	1.0	0.3028	0.1789	0.4156	0.012	0.0008	0.4687	0.0013	0.0	0.6281	0.0016	0.0
60perc_5repeat	0.2	0.2323	0.6717	0.2425	0.0171	0.2329	0.2818	0.255	0.8102	0.503	0.0127	0.0009	0.5561	0.0018	0.0	0.5493	0.0022	0.0
80perc_2repeat	0.2	0.3034	0.6341	0.2434	0.0172	0.2849	0.3707	0.3222	0.79	0.4794	0.0144	0.001	0.6389	0.003	0.0	0.6656	0.0035	0.0
60perc_10repeat	0.2	0.503	0.2195	0.1348	0.0095	0.1851	0.9475	0.3097	0.1813	0.4734	0.0101	0.0007	0.5075	0.0015	0.0	0.5591	0.0015	0.0
90perc_2repeat	0.2	0.6134	0.3228	0.1981	0.014	0.2165	0.8559	0.3456	0.1978	0.4349	0.0116	0.0008	0.6571	0.0039	0.0	0.7357	0.0037	0.0
80perc_5repeat	0.2	0.774	0.1781	0.0082	0.0006	0.1778	0.9994	0.3019	0.1789	0.3936	0.0164	0.0012	0.5173	0.0024	0.0	0.6951	0.0025	0.0
80perc_10repeat	0.25	0.7874	0.1787	0.0096	0.0007	0.1787	1.0	0.3033	0.1789	0.3555	0.0148	0.001	0.4406	0.0017	0.0	0.7007	0.0018	0.0
90perc_5repeat	0.2	0.7974	0.1788	0.0085	0.0006	0.1785	0.9998	0.3029	0.1789	0.3391	0.0181	0.0013	0.5369	0.0035	0.0	0.7695	0.0032	0.0
100perc_2repeat	0.2	0.6966	0.2656	0.1553	0.011	0.1961	0.9201	0.3233	0.1881	0.3938	0.0111	0.0008	0.6956	0.0048	0.0	0.8036	0.0037	0.0
50perc_10repeat	0.2	0.1572	0.8133	0.0699	0.0049	0.0358	0.0153	0.0215	0.8211	0.5324	0.0107	0.0008	0.5559	0.0014	0.0	0.4898	0.0016	0.0
70perc_10repeat	0.2	0.7391	0.1783	0.0076	0.0005	0.1782	1.0	0.3025	0.1789	0.4142	0.0134	0.0009	0.4676	0.0016	0.0	0.6301	0.0019	0.0
80perc_10repeat	0.2	0.7907	0.1775	0.0078	0.0006	0.1775	1.0	0.3015	0.1766	0.3545	0.0158	0.0011	0.4399	0.0022	0.0	0.7023	0.0023	0.0
90perc_10repeat	0.2	0.8054	0.1786	0.0085	0.0006	0.1786	1.0	0.3031	0.1789	0.2933	0.0219	0.0016	0.4402	0.0033	0.0	0.7762	0.0027	0.0
100perc_5repeat	0.2	0.8063	0.1787	0.0132	0.0009	0.1776	0.9991	0.3016	0.1789	0.2867	0.0223	0.0016	0.5766	0.0056	0.0	0.8325	0.0035	0.0
90perc_2repeat	0.25	0.5159	0.4147	0.2094	0.0148	0.2378	0.7855	0.365	0.4	0.4368	0.0109	0.0008	0.6609	0.0031	0.0	0.7379	0.0031	0.0
90perc_5repeat	0.25	0.795	0.1775	0.0094	0.0007	0.177	0.9998	0.3008	0.1765	0.3416	0.0146	0.001	0.5312	0.0027	0.0	0.7649	0.0024	0.0
100perc_2repeat	0.25	0.6117	0.3431	0.1899	0.0134	0.2142	0.8557	0.3426	0.2549	0.3926	0.0089	0.0006	0.7086	0.0039	0.0	0.8145	0.003	0.0
90perc_10repeat	0.25	0.8045	0.1784	0.0097	0.0007	0.1784	1.0	0.3028	0.1789	0.2957	0.0191	0.0014	0.4421	0.0026	0.0	0.7771	0.0021	0.0
100perc_5repeat	0.25	0.804	0.1795	0.0094	0.0007	0.1784	0.9989	0.3028	0.179	0.2846	0.0174	0.0012	0.5837	0.0046	0.0	0.8417	0.0026	0.0
5perc_5repeat	0.25	0.1762	0.823	0.0094	0.0007	0.0	0.0	0.0	0.8235	0.7962	0.0265	0.0019	0.8336	0.0021	0.0	0.2786	0.006	0.0
5perc_2repeat	0.3	0.1765	0.8227	0.0114	0.0008	0.0	0.0	0.0	0.8215	0.8003	0.0255	0.0018	0.8364	0.0021	0.0	0.2788	0.0048	0.0
15perc_2repeat	0.3	0.1777	0.8208	0.0102	0.0007	0.0	0.0	0.0	0.8215	0.7613	0.0221	0.0016	0.7936	0.0019	0.0	0.2902	0.0037	0.0
30perc_2repeat	0.3	0.175	0.8216	0.0116	0.0008	0.0	0.0	0.0	0.8215	0.6955	0.0215	0.0015	0.7315	0.0019	0.0	0.3506	0.0033	0.0
5perc_5repeat	0.3	0.176	0.8231	0.0112	0.0008	0.0	0.0	0.0	0.8241	0.7931	0.0241	0.0017	0.8316	0.0021	0.0	0.2822	0.0055	0.0
40perc_2repeat	0.3	0.1723	0.8221	0.0106	0.0008	0.0	0.0	0.0	0.8215	0.652	0.0171	0.0012	0.6944	0.0017	0.0	0.4057	0.0027	0.0
50perc_2repeat	0.3	0.1687	0.8225	0.0108	0.0008	0.005	0.0001	0.0002	0.8233	0.6053	0.0158	0.0011	0.6657	0.0017	0.0	0.4746	0.0023	0.0
15perc_5repeat	0.3	0.1746	0.8236	0.0111	0.0008	0.0	0.0	0.0	0.8241	0.7412	0.0209	0.0015	0.7751	0.0019	0.0	0.3024	0.0037	0.0
30perc_5repeat	0.3	0.1726	0.8219	0.0109	0.0008	0.0	0.0	0.0	0.8215	0.6606	0.0174	0.0012	0.685	0.0017	0.0	0.3681	0.0023	0.0
100perc_10repeat	0.25	0.8107	0.1782	0.0098	0.0007	0.1781	1.0	0.3024	0.1789	0.2362	0.0239	0.0017	0.4886	0.0048	0.0	0.8526	0.0026	0.0
70perc_2repeat	0.3	0.1586	0.821	0.012	0.0008	0.2569	0.0215	0.0397	0.8215	0.5231	0.0132	0.0009	0.6342	0.0017	0.0	0.5977	0.0024	0.0
40perc_5repeat	0.3	0.1687	0.821	0.0108	0.0008	0.0	0.0	0.0	0.8215	0.6092	0.0136	0.001	0.6381	0.0016	0.0	0.4218	0.0017	0.0
5perc_2repeat	0.35	0.1765	0.8227	0.0112	0.0008	0.0	0.0	0.0	0.822	0.8005	0.02	0.0014	0.8392	0.0019	0.0	0.2766	0.0047	0.0
90perc_2repeat	0.3	0.4626	0.4577	0.2039	0.0144	0.2445	0.7563	0.3695	0.4721	0.4374	0.0099	0.0007	0.6535	0.0027	0.0	0.7319	0.0027	0.0
80perc_2repeat	0.3	0.1989	0.7503	0.1332	0.0094	0.3848	0.2539	0.3059	0.8054	0.4791	0.0108	0.0008	0.6393	0.002	0.0	0.6697	0.0024	0.0
50perc_5repeat	0.3	0.1586	0.8211	0.0122	0.0009	0.0123	0.0017	0.003	0.8215	0.5545	0.0127	0.0009	0.593	0.0014	0.0	0.4869	0.0018	0.0
5perc_10repeat	0.3	0.1782	0.8209	0.011	0.0008	0.0	0.0	0.0	0.8215	0.7956	0.0236	0.0017	0.8303	0.0021	0.0	0.2723	0.0046	0.0
60perc_5repeat	0.3	0.1957	0.7239	0.1843	0.013	0.3069	0.2494	0.2752	0.8092	0.5018	0.0095	0.0007	0.5565	0.0012	0.0	0.5523	0.0017	0.0
70perc_5repeat	0.3	0.6494	0.1889	0.0595	0.0042	0.1793	0.9858	0.3034	0.1812	0.4485	0.0108	0.0008	0.5277	0.0014	0.0	0.6208	0.0017	0.0
15perc_10repeat	0.3	0.1758	0.8222	0.0112	0.0008	0.0	0.0	0.0	0.8215	0.7362	0.02	0.0014	0.7655	0.0018	0.0	0.2906	0.0031	0.0
80perc_5repeat	0.3	0.7619	0.1783	0.01	0.0007	0.1779	0.9993	0.302	0.1785	0.3927	0.0107	0.0008	0.5184	0.0015	0.0	0.6944	0.0018	0.0
30perc_10repeat	0.3	0.1703	0.823	0.0103	0.0007	0.0	0.0	0.0	0.8228	0.6468	0.0141	0.001	0.6663	0.0015	0.0	0.3698	0.0017	0.0
40perc_10repeat	0.3	0.164	0.8223	0.0106	0.0008	0.0	0.0	0.0	0.8215	0.5897	0.011	0.0008	0.6112	0.0011	0.0	0.4294	0.0014	0.0
50perc_10repeat	0.3	0.1541	0.8212	0.0109	0.0008	0.0468	0.0015	0.0029	0.8212	0.5293	0.0084	0.0006	0.5513	0.001	0.0	0.4931	0.0011	0.0
80perc_10repeat	0.3	0.7865	0.1783	0.0094	0.0007	0.1783	1.0	0.3026	0.1785	0.3543	0.0116	0.0008	0.4408	0.0014	0.0	0.7036	0.0015	0.0
60perc_2repeat	0.3	0.1652	0.8215	0.012	0.0008	0.0477	0.0014	0.0028	0.821	0.5664	0.0152	0.0011	0.6458	0.0017	0.0	0.5301	0.0026	0.0
15perc_2repeat	0.35	0.1765	0.8219	0.0123	0.0009	0.0	0.0	0.0	0.822	0.7586	0.0208	0.0015	0.7908	0.0019	0.0	0.295	0.0036	0.0
100perc_2repeat	0.3	0.555	0.3915	0.1961	0.0139	0.2248	0.8256	0.3534	0.3626	0.3927	0.0088	0.0006	0.7024	0.0034	0.0	0.8104	0.0027	0.0
5perc_5repeat	0.35	0.1773	0.8218	0.012	0.0008	0.0	0.0	0.0	0.822	0.7967	0.0208	0.0015	0.8309	0.0018	0.0	0.2681	0.0041	0.0
40perc_2repeat	0.35	0.1716	0.8227	0.012	0.0008	0.0	0.0	0.0	0.822	0.6502	0.0165	0.0012	0.6935	0.0016	0.0	0.4103	0.0022	0.0
15perc_5repeat	0.35	0.1758	0.8223	0.0124	0.0009	0.0	0.0	0.0	0.822	0.7431	0.019	0.0013	0.7726	0.0016	0.0	0.2962	0.003	0.0
30perc_2repeat	0.35	0.1746	0.8218	0.013	0.0009	0.0	0.0	0.0	0.822	0.6929	0.0193	0.0014	0.7275	0.0018	0.0	0.3553	0.0027	0.0
100perc_5repeat	0.3	0.8002	0.1801	0.011	0.0008	0.1789	0.9979	0.3033	0.1789	0.2839	0.0165	0.0012	0.5863	0.0038	0.0	0.8438	0.0023	0.0
90perc_5repeat	0.3	0.7904	0.1778	0.0114	0.0008	0.1774	0.9997	0.3013	0.1785	0.342	0.0144	0.001	0.5245	0.0024	0.0	0.7591	0.0023	0.0
30perc_10repeat	0.35	0.1718	0.8217	0.0115	0.0008	0.0	0.0	0.0	0.822	0.6476	0.0129	0.0009	0.668	0.0012	0.0	0.3682	0.0016	0.0
60perc_10repeat	0.3	0.4937	0.1938	0.0587	0.0042	0.1802	0.9844	0.3046	0.1837	0.4718	0.0085	0.0006	0.5034	0.001	0.0	0.56	0.0012	0.0
70perc_10repeat	0.3	0.7302	0.1778	0.0117	0.0008	0.1778	1.0	0.3019	0.1759	0.4157	0.0107	0.0008	0.4672	0.001	0.0	0.6284	0.0014	0.0
40perc_5repeat	0.35	0.1673	0.8221	0.0118	0.0008	0.0	0.0	0.0	0.822	0.6096	0.0131	0.0009	0.6371	0.0014	0.0	0.4215	0.0016	0.0
5perc_10repeat	0.35	0.1774	0.8217	0.0115	0.0008	0.0	0.0	0.0	0.8206	0.7949	0.0196	0.0014	0.8311	0.0018	0.0	0.2703	0.0045	0.0
60perc_2repeat	0.35	0.1644	0.8217	0.0124	0.0009	0.0444	0.001	0.002	0.822	0.5645	0.014	0.001	0.6441	0.0015	0.0	0.5323	0.0023	0.0
90perc_10repeat	0.3	0.8025	0.1792	0.0099	0.0007	0.1792	1.0	0.3039	0.1798	0.2956	0.0155	0.0011	0.4379	0.0022	0.0	0.7758	0.0018	0.0
15perc_10repeat	0.35	0.1767	0.8213	0.0113	0.0008	0.0	0.0	0.0	0.8192	0.7372	0.0162	0.0011	0.764	0.0014	0.0	0.2977	0.0027	0.0
100perc_10repeat	0.3	0.8091	0.1788	0.0103	0.0007	0.1787	1.0	0.3033	0.1785	0.2351	0.0195	0.0014	0.4803	0.0042	0.0	0.8503	0.0021	0.0
70perc_2repeat	0.35	0.1578	0.8204	0.0122	0.0009	0.3545	0.0262	0.0487	0.8207	0.5216	0.0126	0.0009	0.6362	0.0015	0.0	0.598	0.0023	0.0
50perc_2repeat	0.35	0.1687	0.8226	0.0117	0.0008	0.003	0.0001	0.0001	0.822	0.6083	0.0148	0.001	0.6675	0.0015	0.0	0.4736	0.0022	0.0
60perc_5repeat	0.35	0.1766	0.7624	0.1343	0.0095	0.3746	0.2059	0.2657	0.8127	0.5032	0.0098	0.0007	0.5559	0.0011	0.0	0.5496	0.0015	0.0
80perc_2repeat	0.35	0.1713	0.7884	0.0847	0.006	0.4386	0.2128	0.2866	0.8101	0.4802	0.0108	0.0008	0.6427	0.0016	0.0	0.6713	0.0021	0.0
5perc_2repeat	0.4	0.1758	0.8233	0.0135	0.001	0.0	0.0	0.0	0.8226	0.8002	0.0202	0.0014	0.8386	0.0015	0.0	0.2765	0.0044	0.0
30perc_5repeat	0.35	0.173	0.8215	0.0113	0.0008	0.0	0.0	0.0	0.822	0.6625	0.0145	0.001	0.6884	0.0013	0.0	0.3628	0.002	0.0
90perc_2repeat	0.35	0.3715	0.5502	0.1837	0.013	0.2761	0.668	0.3907	0.5556	0.4381	0.0084	0.0006	0.6567	0.0021	0.0	0.7348	0.0021	0.0
70perc_5repeat	0.35	0.6311	0.1868	0.0316	0.0022	0.1778	0.9886	0.3013	0.1837	0.4482	0.0103	0.0007	0.5274	0.0011	0.0	0.6193	0.0014	0.0
15perc_2repeat	0.4	0.1743	0.8241	0.0142	0.001	0.0	0.0	0.0	0.8257	0.7559	0.0186	0.0013	0.789	0.0017	0.0	0.2994	0.0032	0.0
100perc_2repeat	0.35	0.4661	0.4744	0.1781	0.0126	0.2425	0.7525	0.3667	0.4798	0.3924	0.0075	0.0005	0.7066	0.0029	0.0	0.8141	0.0022	0.0
80perc_5repeat	0.35	0.7522	0.1793	0.0127	0.0009	0.1788	0.9995	0.3033	0.178	0.3948	0.0113	0.0008	0.5181	0.0012	0.0	0.6931	0.0017	0.0
40perc_10repeat	0.35	0.1638	0.8222	0.0126	0.0009	0.0	0.0	0.0	0.822	0.589	0.0095	0.0007	0.6092	0.001	0.0	0.4289	0.0011	0.0
50perc_10repeat	0.35	0.151	0.8228	0.0125	0.0009	0.039	0.001	0.002	0.8242	0.5302	0.0078	0.0006	0.5533	0.0008	0.0	0.4921	0.001	0.0
5perc_5repeat	0.4	0.177	0.8221	0.0129	0.0009	0.0	0.0	0.0	0.8226	0.797	0.0187	0.0013	0.8325	0.0015	0.0	0.2735	0.0037	0.0
30perc_2repeat	0.4	0.1741	0.8225	0.0128	0.0009	0.0	0.0	0.0	0.8226	0.6945	0.0165	0.0012	0.7299	0.0014	0.0	0.3501	0.0025	0.0
90perc_5repeat	0.35	0.7848	0.1789	0.0124	0.0009	0.1783	0.9997	0.3026	0.1808	0.3419	0.0132	0.0009	0.5292	0.0019	0.0	0.7642	0.0019	0.0
100perc_5repeat	0.35	0.7966	0.1802	0.013	0.0009	0.1783	0.9972	0.3025	0.178	0.285	0.0146	0.001	0.5842	0.0033	0.0	0.8417	0.002	0.0
60perc_10repeat	0.35	0.4743	0.1988	0.065	0.0046	0.1807	0.9781	0.305	0.1864	0.4723	0.0087	0.0006	0.5045	0.0009	0.0	0.5595	0.001	0.0
15perc_5repeat	0.4	0.1759	0.8223	0.0133	0.0009	0.0	0.0	0.0	0.8226	0.7436	0.0159	0.0011	0.7755	0.0014	0.0	0.2959	0.0026	0.0
70perc_10repeat	0.35	0.7272	0.1786	0.0119	0.0008	0.1786	1.0	0.3031	0.1808	0.4133	0.0093	0.0007	0.4667	0.001	0.0	0.6312	0.0012	0.0
80perc_10repeat	0.35	0.7839	0.1772	0.0126	0.0009	0.1772	1.0	0.301	0.178	0.3574	0.0117	0.0008	0.4441	0.0012	0.0	0.7008	0.0014	0.0
30perc_5repeat	0.4	0.1726	0.8223	0.0128	0.0009	0.0	0.0	0.0	0.8226	0.6629	0.0125	0.0009	0.6896	0.0012	0.0	0.3621	0.0017	0.0
90perc_10repeat	0.35	0.8012	0.1787	0.0123	0.0009	0.1787	1.0	0.3032	0.178	0.2968	0.0145	0.001	0.4408	0.0022	0.0	0.776	0.0018	0.0
5perc_10repeat	0.4	0.179	0.8202	0.0128	0.0009	0.0	0.0	0.0	0.8196	0.7979	0.0181	0.0013	0.8342	0.0016	0.0	0.2763	0.004	0.0
100perc_10repeat	0.35	0.8076	0.1789	0.0121	0.0009	0.1789	1.0	0.3035	0.178	0.2351	0.0183	0.0013	0.4883	0.0036	0.0	0.8553	0.002	0.0
15perc_10repeat	0.4	0.176	0.822	0.0138	0.001	0.0	0.0	0.0	0.8226	0.736	0.0165	0.0012	0.7659	0.0012	0.0	0.2972	0.0027	0.0
50perc_5repeat	0.35	0.1595	0.8204	0.0117	0.0008	0.0007	0.0	0.0	0.8192	0.5558	0.0094	0.0007	0.5934	0.0011	0.0	0.4835	0.0014	0.0
50perc_2repeat	0.4	0.169	0.8219	0.0136	0.001	0.0028	0.0	0.0001	0.8196	0.6077	0.0147	0.001	0.6647	0.0014	0.0	0.4702	0.002	0.0
5perc_2repeat	0.45	0.1778	0.8214	0.0144	0.001	0.0	0.0	0.0	0.8194	0.8013	0.017	0.0012	0.8391	0.0014	0.0	0.2757	0.0037	0.0
80perc_5repeat	0.4	0.7452	0.1781	0.0137	0.001	0.1772	0.9989	0.3009	0.1774	0.3946	0.01	0.0007	0.5194	0.0012	0.0	0.6944	0.0014	0.0
15perc_2repeat	0.45	0.1774	0.8212	0.0136	0.001	0.0	0.0	0.0	0.8227	0.7601	0.016	0.0011	0.7936	0.0013	0.0	0.2901	0.0029	0.0
30perc_2repeat	0.45	0.1752	0.8212	0.0138	0.001	0.0	0.0	0.0	0.8227	0.6946	0.0147	0.001	0.7291	0.0014	0.0	0.3565	0.0022	0.0
40perc_2repeat	0.45	0.1721	0.8221	0.0159	0.0011	0.0	0.0	0.0	0.8227	0.6511	0.0134	0.0009	0.6946	0.0013	0.0	0.4084	0.0019	0.0
50perc_2repeat	0.45	0.1693	0.8213	0.0151	0.0011	0.0	0.0	0.0	0.8194	0.6078	0.0129	0.0009	0.6662	0.0012	0.0	0.4684	0.0017	0.0
15perc_5repeat	0.45	0.1761	0.822	0.015	0.0011	0.0	0.0	0.0	0.8227	0.7431	0.0143	0.001	0.7725	0.0013	0.0	0.2936	0.0025	0.0
100perc_5repeat	0.4	0.7884	0.1843	0.0169	0.0012	0.1803	0.9965	0.3053	0.1835	0.2834	0.0136	0.001	0.5863	0.003	0.0	0.8446	0.0018	0.0
40perc_2repeat	0.4	0.1704	0.8238	0.0141	0.001	0.0	0.0	0.0	0.8226	0.6492	0.0157	0.0011	0.6915	0.0013	0.0	0.4125	0.0021	0.0
60perc_2repeat	0.45	0.1624	0.8223	0.0142	0.001	0.0732	0.0026	0.0049	0.8227	0.5645	0.0125	0.0009	0.644	0.0011	0.0	0.5348	0.0018	0.0
40perc_5repeat	0.45	0.1656	0.8235	0.0151	0.0011	0.0	0.0	0.0	0.8227	0.6078	0.0105	0.0007	0.6367	0.001	0.0	0.424	0.0013	0.0
50perc_5repeat	0.45	0.1572	0.8213	0.0136	0.001	0.0028	0.0001	0.0001	0.8227	0.5545	0.0099	0.0007	0.5923	0.001	0.0	0.4867	0.0012	0.0
90perc_10repeat	0.4	0.8015	0.1768	0.012	0.0009	0.1768	1.0	0.3004	0.1774	0.2971	0.0127	0.0009	0.4393	0.0017	0.0	0.7758	0.0015	0.0
70perc_2repeat	0.45	0.1536	0.8219	0.0165	0.0012	0.4561	0.0455	0.0827	0.8214	0.5218	0.0114	0.0008	0.6349	0.0013	0.0	0.6028	0.0019	0.0
100perc_2repeat	0.4	0.3945	0.5429	0.1637	0.0116	0.2638	0.6971	0.3828	0.5589	0.3927	0.0066	0.0005	0.7032	0.0026	0.0	0.812	0.002	0.0
5perc_10repeat	0.45	0.177	0.8222	0.0146	0.001	0.0	0.0	0.0	0.8227	0.7933	0.0167	0.0012	0.8318	0.0013	0.0	0.2718	0.0034	0.0
80perc_2repeat	0.45	0.1511	0.8119	0.0357	0.0025	0.4954	0.2296	0.3138	0.8172	0.4805	0.0097	0.0007	0.6388	0.0013	0.0	0.667	0.0016	0.0
100perc_10repeat	0.4	0.8086	0.1764	0.0133	0.0009	0.1763	1.0	0.2997	0.1761	0.2386	0.0162	0.0011	0.4786	0.0027	0.0	0.8491	0.0017	0.0
15perc_10repeat	0.45	0.1742	0.8237	0.015	0.0011	0.0	0.0	0.0	0.8227	0.7349	0.0143	0.001	0.7628	0.0012	0.0	0.3003	0.0022	0.0
60perc_2repeat	0.4	0.164	0.8214	0.0133	0.0009	0.0558	0.0012	0.0023	0.8226	0.5663	0.0135	0.001	0.6464	0.0013	0.0	0.5316	0.0021	0.0
60perc_5repeat	0.45	0.1649	0.7864	0.0999	0.0071	0.4295	0.1945	0.2677	0.8154	0.5018	0.0091	0.0006	0.5564	0.0009	0.0	0.5515	0.0012	0.0
70perc_2repeat	0.4	0.1567	0.8208	0.0151	0.0011	0.3823	0.032	0.0591	0.8213	0.5227	0.0121	0.0009	0.6361	0.0013	0.0	0.5992	0.0021	0.0
40perc_5repeat	0.4	0.1661	0.8233	0.0133	0.0009	0.0	0.0	0.0	0.8242	0.6073	0.0116	0.0008	0.6362	0.0011	0.0	0.424	0.0013	0.0
30perc_10repeat	0.45	0.1727	0.8209	0.0136	0.001	0.0	0.0	0.0	0.8194	0.6491	0.0105	0.0007	0.6699	0.001	0.0	0.3651	0.0014	0.0
60perc_10repeat	0.4	0.4533	0.202	0.0726	0.0051	0.18	0.974	0.3039	0.1867	0.4726	0.0078	0.0005	0.5064	0.0008	0.0	0.5597	0.001	0.0
70perc_5repeat	0.45	0.5933	0.1962	0.0289	0.002	0.1796	0.9816	0.3036	0.1916	0.4461	0.009	0.0006	0.5291	0.0009	0.0	0.6255	0.0012	0.0
40perc_10repeat	0.45	0.1637	0.8222	0.0147	0.001	0.0	0.0	0.0	0.8211	0.5896	0.0082	0.0006	0.6093	0.0008	0.0	0.4273	0.0009	0.0
30perc_10repeat	0.4	0.1715	0.822	0.014	0.001	0.0	0.0	0.0	0.8226	0.6476	0.0118	0.0008	0.6679	0.001	0.0	0.367	0.0015	0.0
50perc_5repeat	0.4	0.157	0.8219	0.0142	0.001	0.0095	0.0002	0.0004	0.8226	0.5537	0.0097	0.0007	0.5913	0.001	0.0	0.4885	0.0012	0.0
50perc_10repeat	0.45	0.1515	0.8199	0.0157	0.0011	0.0354	0.0009	0.0018	0.8195	0.529	0.0069	0.0005	0.5527	0.0007	0.0	0.4938	0.0008	0.0
60perc_5repeat	0.4	0.1691	0.7734	0.1241	0.0088	0.3898	0.1847	0.2506	0.8131	0.5026	0.0092	0.0006	0.5569	0.0009	0.0	0.5507	0.0013	0.0
80perc_2repeat	0.4	0.161	0.7989	0.0551	0.0039	0.4543	0.2368	0.3113	0.8137	0.4788	0.01	0.0007	0.6383	0.0016	0.0	0.668	0.002	0.0
90perc_2repeat	0.4	0.2909	0.6365	0.1413	0.01	0.3022	0.5833	0.3981	0.6733	0.436	0.0085	0.0006	0.6607	0.0019	0.0	0.7416	0.0019	0.0
70perc_5repeat	0.4	0.6113	0.1906	0.0269	0.0019	0.1789	0.9868	0.3028	0.1862	0.4487	0.0089	0.0006	0.5291	0.0009	0.0	0.6219	0.0013	0.0
60perc_10repeat	0.45	0.4372	0.2139	0.0881	0.0062	0.1837	0.9644	0.3086	0.1882	0.4727	0.0075	0.0005	0.5057	0.0008	0.0	0.5591	0.0008	0.0
70perc_10repeat	0.4	0.7211	0.1788	0.0146	0.001	0.1788	1.0	0.3034	0.1774	0.4132	0.0092	0.0007	0.4673	0.0008	0.0	0.6304	0.0011	0.0
30perc_5repeat	0.45	0.1714	0.823	0.0146	0.001	0.0	0.0	0.0	0.8227	0.6613	0.0121	0.0009	0.687	0.0011	0.0	0.363	0.0015	0.0
40perc_10repeat	0.4	0.1642	0.8216	0.0133	0.0009	0.0	0.0	0.0	0.8196	0.5883	0.0091	0.0006	0.6083	0.0009	0.0	0.4277	0.001	0.0
70perc_10repeat	0.45	0.7157	0.1785	0.0144	0.001	0.1785	1.0	0.3029	0.1773	0.4129	0.0083	0.0006	0.4665	0.0007	0.0	0.6306	0.001	0.0
5perc_5repeat	0.45	0.1773	0.8218	0.0161	0.0011	0.0	0.0	0.0	0.8227	0.7959	0.0186	0.0013	0.8331	0.0013	0.0	0.2709	0.0034	0.0
90perc_5repeat	0.4	0.7818	0.1768	0.0147	0.001	0.1761	0.9991	0.2994	0.1762	0.3407	0.0123	0.0009	0.5285	0.0018	0.0	0.7646	0.0018	0.0
50perc_10repeat	0.4	0.1515	0.8211	0.0117	0.0008	0.0502	0.0022	0.0042	0.8221	0.5283	0.0074	0.0005	0.5506	0.0008	0.0	0.4947	0.0009	0.0
80perc_10repeat	0.4	0.7811	0.1781	0.0133	0.0009	0.1781	1.0	0.3023	0.1774	0.3547	0.0102	0.0007	0.4413	0.001	0.0	0.7027	0.0013	0.0
90perc_2repeat	0.45	0.2492	0.6815	0.1117	0.0079	0.3221	0.5289	0.4004	0.712	0.4369	0.0084	0.0006	0.6574	0.0018	0.0	0.7373	0.0019	0.0
100perc_2repeat	0.45	0.3325	0.6021	0.1382	0.0098	0.2781	0.6437	0.3884	0.6217	0.394	0.0064	0.0004	0.6985	0.0023	0.0	0.8081	0.0018	0.0
5perc_2repeat	0.5	0.1757	0.8235	0.0154	0.0011	0.0	0.0	0.0	0.8235	0.8001	0.0149	0.0011	0.8373	0.0013	0.0	0.2717	0.0032	0.0
15perc_2repeat	0.5	0.1761	0.8223	0.0182	0.0013	0.0	0.0	0.0	0.8235	0.7596	0.0168	0.0012	0.7945	0.0013	0.0	0.2946	0.0028	0.0
90perc_5repeat	0.45	0.7732	0.1793	0.0159	0.0011	0.1781	0.9989	0.3024	0.1806	0.3395	0.0106	0.0008	0.5297	0.0015	0.0	0.7665	0.0015	0.0
30perc_2repeat	0.5	0.1751	0.8214	0.0161	0.0011	0.0	0.0	0.0	0.8199	0.6949	0.0148	0.001	0.7307	0.0013	0.0	0.3519	0.002	0.0
5perc_5repeat	0.5	0.1767	0.8224	0.0168	0.0012	0.0	0.0	0.0	0.8235	0.7959	0.0158	0.0011	0.8332	0.0012	0.0	0.2737	0.0032	0.0
100perc_5repeat	0.45	0.7842	0.1819	0.0183	0.0013	0.1774	0.995	0.3011	0.1809	0.2861	0.0125	0.0009	0.581	0.0027	0.0	0.8402	0.0017	0.0
40perc_2repeat	0.5	0.1716	0.8225	0.0157	0.0011	0.0	0.0	0.0	0.8235	0.6493	0.0129	0.0009	0.6925	0.0012	0.0	0.4081	0.0018	0.0
15perc_5repeat	0.5	0.1767	0.8214	0.0183	0.0013	0.0	0.0	0.0	0.8199	0.7437	0.0146	0.001	0.7745	0.0012	0.0	0.2948	0.0023	0.0
50perc_2repeat	0.5	0.169	0.8214	0.0164	0.0012	0.0	0.0	0.0	0.8199	0.6092	0.0117	0.0008	0.6671	0.0011	0.0	0.4678	0.0016	0.0
90perc_10repeat	0.45	0.7983	0.1778	0.0147	0.001	0.1778	1.0	0.3019	0.1773	0.2964	0.0124	0.0009	0.4407	0.0017	0.0	0.7768	0.0014	0.0
30perc_5repeat	0.5	0.173	0.8218	0.0143	0.001	0.0	0.0	0.0	0.8199	0.6628	0.0099	0.0007	0.6897	0.0009	0.0	0.364	0.0013	0.0
40perc_5repeat	0.5	0.1671	0.822	0.0165	0.0012	0.0	0.0	0.0	0.8217	0.6074	0.0098	0.0007	0.638	0.0009	0.0	0.4231	0.0012	0.0
100perc_10repeat	0.45	0.806	0.1766	0.0155	0.0011	0.1766	1.0	0.3002	0.1773	0.2379	0.0154	0.0011	0.4811	0.0027	0.0	0.8498	0.0016	0.0
70perc_5repeat	0.5	0.5647	0.1995	0.0403	0.0028	0.1771	0.977	0.2999	0.1927	0.4468	0.0079	0.0006	0.5274	0.0008	0.0	0.6229	0.0011	0.0
15perc_10repeat	0.5	0.1773	0.8205	0.0167	0.0012	0.0	0.0	0.0	0.8199	0.737	0.0132	0.0009	0.7644	0.001	0.0	0.2922	0.002	0.0
80perc_5repeat	0.45	0.7326	0.1789	0.0152	0.0011	0.1777	0.9987	0.3017	0.1773	0.3953	0.0089	0.0006	0.5166	0.0011	0.0	0.6907	0.0012	0.0
40perc_10repeat	0.5	0.163	0.8222	0.0164	0.0012	0.0	0.0	0.0	0.8235	0.5889	0.0075	0.0005	0.6086	0.0008	0.0	0.428	0.0008	0.0
50perc_10repeat	0.5	0.1515	0.8198	0.0172	0.0012	0.0352	0.0012	0.0024	0.8199	0.5313	0.0072	0.0005	0.5543	0.0008	0.0	0.4911	0.0007	0.0
100perc_5repeat	0.5	0.7764	0.1826	0.0183	0.0013	0.1765	0.9934	0.2997	0.181	0.2866	0.0101	0.0007	0.5778	0.0021	0.0	0.8398	0.0012	0.0
60perc_10repeat	0.5	0.4201	0.2098	0.0748	0.0053	0.1807	0.9674	0.3045	0.1899	0.4726	0.0066	0.0005	0.5059	0.0006	0.0	0.5584	0.0008	0.0
70perc_10repeat	0.5	0.7123	0.1796	0.0151	0.0011	0.1796	1.0	0.3046	0.1801	0.4117	0.0071	0.0005	0.465	0.0007	0.0	0.6337	0.0009	0.0
80perc_10repeat	0.5	0.7761	0.1783	0.0161	0.0011	0.1783	1.0	0.3027	0.1801	0.3545	0.0086	0.0006	0.4397	0.0009	0.0	0.7047	0.0011	0.0
5perc_10repeat	0.6	0.1753	0.8238	0.0208	0.0015	0.0	0.0	0.0	0.8257	0.7923	0.0133	0.0009	0.8298	0.001	0.0	0.2761	0.0023	0.0
60perc_2repeat	0.5	0.1615	0.8226	0.0152	0.0011	0.0741	0.002	0.0038	0.8235	0.5662	0.0106	0.0007	0.6463	0.001	0.0	0.5318	0.0015	0.0
5perc_2repeat	0.6	0.1767	0.8225	0.0196	0.0014	0.0	0.0	0.0	0.8211	0.8004	0.0128	0.0009	0.8391	0.001	0.0	0.2761	0.0027	0.0
40perc_2repeat	0.6	0.1709	0.823	0.0194	0.0014	0.0	0.0	0.0	0.8211	0.6512	0.012	0.0008	0.6929	0.0009	0.0	0.4066	0.0016	0.0
80perc_2repeat	0.5	0.1477	0.8159	0.025	0.0018	0.4949	0.2374	0.3208	0.8193	0.479	0.0086	0.0006	0.6382	0.0013	0.0	0.6685	0.0017	0.0
15perc_2repeat	0.6	0.1777	0.8207	0.0204	0.0014	0.0	0.0	0.0	0.8211	0.7583	0.0132	0.0009	0.791	0.0011	0.0	0.2914	0.002	0.0
30perc_10repeat	0.5	0.1716	0.8217	0.0152	0.0011	0.0	0.0	0.0	0.8199	0.6479	0.0095	0.0007	0.6686	0.0009	0.0	0.368	0.0012	0.0
70perc_2repeat	0.5	0.1523	0.8226	0.0157	0.0011	0.497	0.0473	0.0864	0.8227	0.5213	0.0099	0.0007	0.636	0.001	0.0	0.6008	0.0015	0.0
90perc_2repeat	0.5	0.2053	0.7347	0.067	0.0047	0.3614	0.4631	0.4059	0.7568	0.4361	0.0075	0.0005	0.6595	0.0016	0.0	0.7402	0.0017	0.0
80perc_10repeat	0.45	0.7789	0.1775	0.0142	0.001	0.1775	1.0	0.3015	0.1789	0.3556	0.0096	0.0007	0.4393	0.0009	0.0	0.7012	0.0012	0.0
30perc_5repeat	0.6	0.1716	0.823	0.0197	0.0014	0.0	0.0	0.0	0.8211	0.6614	0.0099	0.0007	0.6874	0.0008	0.0	0.3645	0.0011	0.0
50perc_5repeat	0.5	0.1548	0.8231	0.0171	0.0012	0.0044	0.0001	0.0003	0.8199	0.5537	0.0097	0.0007	0.591	0.0009	0.0	0.4871	0.0011	0.0
60perc_5repeat	0.5	0.16	0.798	0.0692	0.0049	0.475	0.2112	0.2923	0.8139	0.5012	0.0078	0.0006	0.5546	0.0007	0.0	0.5528	0.0011	0.0
5perc_5repeat	0.6	0.1769	0.8223	0.0194	0.0014	0.0	0.0	0.0	0.8211	0.7956	0.0124	0.0009	0.8315	0.001	0.0	0.2723	0.0024	0.0
100perc_2repeat	0.5	0.2727	0.6664	0.0938	0.0066	0.3034	0.5685	0.3956	0.6837	0.3929	0.0054	0.0004	0.7023	0.002	0.0	0.8116	0.0016	0.0
5perc_10repeat	0.5	0.1738	0.8253	0.0149	0.0011	0.0	0.0	0.0	0.8272	0.7907	0.0139	0.001	0.829	0.0011	0.0	0.2803	0.0028	0.0
50perc_2repeat	0.6	0.1666	0.8234	0.019	0.0013	0.0	0.0	0.0	0.8257	0.6082	0.0108	0.0008	0.6662	0.0008	0.0	0.4664	0.0014	0.0
60perc_2repeat	0.6	0.1562	0.8257	0.0184	0.0013	0.0901	0.0032	0.0062	0.8257	0.5644	0.0094	0.0007	0.6444	0.0009	0.0	0.5312	0.0014	0.0
80perc_5repeat	0.5	0.7205	0.1804	0.017	0.0012	0.1787	0.9984	0.3032	0.1801	0.3937	0.0082	0.0006	0.5165	0.001	0.0	0.6937	0.0012	0.0
40perc_5repeat	0.6	0.1685	0.8208	0.0188	0.0013	0.0	0.0	0.0	0.8211	0.6093	0.0088	0.0006	0.6388	0.0008	0.0	0.4221	0.001	0.0
30perc_2repeat	0.6	0.1764	0.8202	0.0196	0.0014	0.0	0.0	0.0	0.8211	0.6949	0.0116	0.0008	0.7311	0.0009	0.0	0.3525	0.0016	0.0
90perc_5repeat	0.5	0.7646	0.1801	0.0179	0.0013	0.1783	0.9978	0.3026	0.1801	0.34	0.0099	0.0007	0.5294	0.0015	0.0	0.7674	0.0014	0.0
15perc_5repeat	0.6	0.1764	0.8217	0.0184	0.0013	0.0	0.0	0.0	0.8257	0.7422	0.0111	0.0008	0.7716	0.0009	0.0	0.2931	0.0018	0.0
70perc_2repeat	0.6	0.1487	0.8261	0.0216	0.0015	0.5714	0.0727	0.1289	0.8281	0.5232	0.0098	0.0007	0.636	0.0009	0.0	0.6	0.0015	0.0
50perc_5repeat	0.6	0.1562	0.8213	0.0193	0.0014	0.0006	0.0	0.0	0.8211	0.5555	0.0083	0.0006	0.5931	0.0007	0.0	0.4843	0.001	0.0
60perc_5repeat	0.6	0.1582	0.8026	0.0569	0.004	0.4793	0.2216	0.303	0.8126	0.4999	0.0078	0.0006	0.5541	0.0008	0.0	0.5542	0.0009	0.0
80perc_2repeat	0.6	0.1458	0.8184	0.0202	0.0014	0.4996	0.2578	0.3401	0.8165	0.4788	0.0083	0.0006	0.6398	0.001	0.0	0.6703	0.0013	0.0
30perc_10repeat	0.6	0.1696	0.8237	0.0197	0.0014	0.0	0.0	0.0	0.8234	0.6461	0.0082	0.0006	0.6663	0.0007	0.0	0.3678	0.0009	0.0
70perc_5repeat	0.6	0.4911	0.2342	0.0673	0.0048	0.1829	0.9496	0.3068	0.2196	0.4477	0.0074	0.0005	0.5273	0.0006	0.0	0.6221	0.001	0.0
40perc_10repeat	0.6	0.1623	0.8234	0.0187	0.0013	0.0	0.0	0.0	0.8211	0.589	0.0066	0.0005	0.6094	0.0006	0.0	0.4272	0.0007	0.0
90perc_10repeat	0.5	0.7929	0.1814	0.0153	0.0011	0.1814	1.0	0.3071	0.1838	0.2945	0.0105	0.0007	0.4408	0.0013	0.0	0.7791	0.0011	0.0
5perc_2repeat	0.7	0.1811	0.818	0.0226	0.0016	0.0	0.0	0.0	0.816	0.8019	0.0098	0.0007	0.8387	0.0008	0.0	0.2706	0.0023	0.0
100perc_10repeat	0.5	0.8035	0.1771	0.0156	0.0011	0.177	1.0	0.3008	0.1783	0.2373	0.0128	0.0009	0.4783	0.0025	0.0	0.8499	0.0014	0.0
50perc_10repeat	0.6	0.1474	0.8244	0.0203	0.0014	0.0304	0.0012	0.0022	0.8227	0.5292	0.0064	0.0005	0.5525	0.0006	0.0	0.4927	0.0007	0.0
80perc_5repeat	0.6	0.6877	0.1831	0.0221	0.0016	0.1792	0.9968	0.3038	0.1832	0.3928	0.0068	0.0005	0.5175	0.0008	0.0	0.6958	0.001	0.0
100perc_2repeat	0.6	0.2107	0.7358	0.0519	0.0037	0.3464	0.4713	0.3993	0.7439	0.3929	0.0044	0.0003	0.7004	0.0018	0.0	0.8104	0.0014	0.0
15perc_10repeat	0.6	0.176	0.8219	0.019	0.0013	0.0	0.0	0.0	0.8211	0.7353	0.0102	0.0007	0.7627	0.0009	0.0	0.2961	0.0017	0.0
60perc_10repeat	0.6	0.4052	0.2164	0.0795	0.0056	0.1816	0.9644	0.3056	0.1936	0.4715	0.0068	0.0005	0.5045	0.0006	0.0	0.5608	0.0007	0.0
90perc_5repeat	0.6	0.741	0.1822	0.0234	0.0017	0.1786	0.9974	0.303	0.1793	0.3391	0.0085	0.0006	0.5291	0.0012	0.0	0.7679	0.0011	0.0
70perc_10repeat	0.6	0.6965	0.1762	0.0214	0.0015	0.1762	1.0	0.2996	0.1743	0.4138	0.007	0.0005	0.4653	0.0006	0.0	0.6305	0.0008	0.0
5perc_5repeat	0.7	0.178	0.821	0.0236	0.0017	0.0	0.0	0.0	0.8221	0.7954	0.01	0.0007	0.8312	0.0008	0.0	0.2756	0.0019	0.0
100perc_5repeat	0.6	0.7426	0.1966	0.0316	0.0022	0.18	0.9848	0.3044	0.195	0.2852	0.0087	0.0006	0.5803	0.002	0.0	0.8418	0.0012	0.0
15perc_5repeat	0.7	0.1766	0.8215	0.026	0.0018	0.0	0.0	0.0	0.8221	0.7422	0.01	0.0007	0.7729	0.0008	0.0	0.295	0.0015	0.0
80perc_10repeat	0.6	0.7695	0.1775	0.0204	0.0014	0.1775	1.0	0.3014	0.1789	0.3544	0.0079	0.0006	0.4399	0.0007	0.0	0.7033	0.0009	0.0
30perc_2repeat	0.7	0.1725	0.8238	0.0252	0.0018	0.0	0.0	0.0	0.8221	0.6932	0.0101	0.0007	0.7293	0.0009	0.0	0.3558	0.0014	0.0
70perc_2repeat	0.7	0.1442	0.83	0.0235	0.0017	0.6142	0.099	0.1706	0.8304	0.5215	0.0091	0.0006	0.6354	0.0007	0.0	0.6009	0.0012	0.0
15perc_2repeat	0.7	0.1725	0.8259	0.0257	0.0018	0.0	0.0	0.0	0.8282	0.756	0.0108	0.0008	0.7902	0.0009	0.0	0.2962	0.0017	0.0
90perc_2repeat	0.6	0.1769	0.7722	0.0381	0.0027	0.3894	0.4129	0.4008	0.7786	0.4366	0.0062	0.0004	0.6579	0.0013	0.0	0.7388	0.0013	0.0
90perc_2repeat	0.7	0.1667	0.7887	0.0272	0.0019	0.4234	0.3736	0.397	0.7875	0.4357	0.0057	0.0004	0.6588	0.0011	0.0	0.7397	0.0012	0.0
90perc_10repeat	0.6	0.7879	0.1817	0.0205	0.0015	0.1817	1.0	0.3075	0.1835	0.2942	0.0096	0.0007	0.4406	0.0011	0.0	0.7799	0.001	0.0
5perc_2repeat	0.8	0.1782	0.8209	0.0317	0.0022	0.0	0.0	0.0	0.8241	0.8018	0.0083	0.0006	0.8383	0.0007	0.0	0.2716	0.0016	0.0
100perc_10repeat	0.6	0.799	0.1761	0.0195	0.0014	0.176	1.0	0.2993	0.1789	0.2376	0.0106	0.0008	0.4778	0.0019	0.0	0.8498	0.0011	0.0
40perc_2repeat	0.7	0.1715	0.8219	0.0228	0.0016	0.0	0.0	0.0	0.8221	0.6504	0.0103	0.0007	0.6946	0.0008	0.0	0.4092	0.0013	0.0
100perc_2repeat	0.7	0.1847	0.7698	0.0325	0.0023	0.3788	0.4142	0.3957	0.7739	0.3926	0.0035	0.0002	0.7022	0.0013	0.0	0.812	0.001	0.0
30perc_2repeat	0.8	0.1755	0.821	0.0324	0.0023	0.0	0.0	0.0	0.8241	0.6935	0.0094	0.0007	0.7306	0.0007	0.0	0.3552	0.0012	0.0
50perc_2repeat	0.7	0.1679	0.8215	0.0246	0.0017	0.0	0.0	0.0	0.8221	0.6073	0.0101	0.0007	0.6669	0.0007	0.0	0.4698	0.0014	0.0
90perc_5repeat	0.7	0.6982	0.1896	0.0322	0.0023	0.1797	0.9897	0.3042	0.184	0.3401	0.0066	0.0005	0.5295	0.0009	0.0	0.7677	0.0009	0.0
40perc_10repeat	0.7	0.1636	0.8213	0.0247	0.0017	0.0	0.0	0.0	0.8221	0.5889	0.0068	0.0005	0.6091	0.0006	0.0	0.4274	0.0007	0.0
40perc_2repeat	0.8	0.1745	0.8189	0.0334	0.0024	0.0	0.0	0.0	0.8241	0.6513	0.009	0.0006	0.6949	0.0007	0.0	0.4084	0.0011	0.0
100perc_5repeat	0.7	0.6908	0.2159	0.0435	0.0031	0.1779	0.9592	0.3001	0.2099	0.2862	0.007	0.0005	0.578	0.0013	0.0	0.8407	0.0008	0.0
80perc_2repeat	0.7	0.1431	0.8232	0.023	0.0016	0.5104	0.2709	0.3539	0.8217	0.4787	0.0075	0.0005	0.6387	0.0008	0.0	0.6697	0.0012	0.0
15perc_5repeat	0.8	0.1764	0.8218	0.0328	0.0023	0.0	0.0	0.0	0.8241	0.7424	0.0079	0.0006	0.7729	0.0006	0.0	0.2942	0.0012	0.0
60perc_10repeat	0.7	0.3797	0.2209	0.0741	0.0052	0.1779	0.9562	0.3	0.1964	0.4713	0.0057	0.0004	0.5041	0.0005	0.0	0.5615	0.0006	0.0
30perc_5repeat	0.7	0.1729	0.8217	0.0241	0.0017	0.0	0.0	0.0	0.8221	0.6623	0.0081	0.0006	0.6884	0.0007	0.0	0.3638	0.001	0.0
50perc_2repeat	0.8	0.1641	0.8235	0.0317	0.0022	0.0	0.0	0.0	0.8241	0.6073	0.0098	0.0007	0.6661	0.0007	0.0	0.47	0.0013	0.0
40perc_5repeat	0.7	0.1656	0.8234	0.0245	0.0017	0.0	0.0	0.0	0.8221	0.6087	0.0076	0.0005	0.6374	0.0006	0.0	0.4218	0.0008	0.0
50perc_5repeat	0.7	0.1526	0.823	0.0244	0.0017	0.0051	0.0002	0.0004	0.8221	0.5532	0.0074	0.0005	0.5905	0.0006	0.0	0.4874	0.0009	0.0
70perc_10repeat	0.7	0.6758	0.1817	0.0264	0.0019	0.1817	1.0	0.3076	0.184	0.4124	0.0059	0.0004	0.4654	0.0005	0.0	0.6326	0.0007	0.0
60perc_5repeat	0.7	0.1526	0.8146	0.0323	0.0023	0.5294	0.2142	0.305	0.818	0.5004	0.0077	0.0005	0.5547	0.0006	0.0	0.5548	0.0008	0.0
15perc_2repeat	0.8	0.177	0.8214	0.0303	0.0021	0.0	0.0	0.0	0.8241	0.7583	0.0085	0.0006	0.7926	0.0007	0.0	0.2925	0.0015	0.0
40perc_5repeat	0.8	0.1677	0.8212	0.034	0.0024	0.0	0.0	0.0	0.8241	0.6097	0.0072	0.0005	0.6389	0.0006	0.0	0.421	0.0008	0.0
70perc_5repeat	0.7	0.4151	0.2956	0.0886	0.0063	0.1911	0.8975	0.3151	0.2773	0.4464	0.0065	0.0005	0.5277	0.0006	0.0	0.6237	0.0008	0.0
60perc_2repeat	0.7	0.1595	0.8207	0.0263	0.0019	0.1146	0.0053	0.0102	0.8221	0.5654	0.0095	0.0007	0.6458	0.0007	0.0	0.5337	0.0013	0.0
80perc_5repeat	0.7	0.6417	0.1845	0.027	0.0019	0.1771	0.9939	0.3006	0.1843	0.3942	0.0064	0.0004	0.5161	0.0006	0.0	0.6929	0.0009	0.0
80perc_2repeat	0.8	0.1433	0.8242	0.0316	0.0022	0.5164	0.2871	0.369	0.8248	0.4786	0.0065	0.0005	0.6385	0.0007	0.0	0.6697	0.001	0.0
5perc_10repeat	0.7	0.1747	0.8244	0.0245	0.0017	0.0	0.0	0.0	0.8221	0.7921	0.0098	0.0007	0.8295	0.0008	0.0	0.2759	0.0019	0.0
90perc_10repeat	0.7	0.7842	0.178	0.0261	0.0018	0.178	1.0	0.3023	0.1779	0.2967	0.0079	0.0006	0.4373	0.0009	0.0	0.7764	0.0008	0.0
60perc_2repeat	0.8	0.153	0.825	0.0342	0.0024	0.1073	0.0065	0.0123	0.8261	0.5646	0.0084	0.0006	0.6457	0.0006	0.0	0.5332	0.0011	0.0
5perc_5repeat	0.8	0.175	0.8239	0.033	0.0023	0.0	0.0	0.0	0.8241	0.7961	0.0081	0.0006	0.8337	0.0006	0.0	0.2761	0.0016	0.0
50perc_5repeat	0.8	0.1539	0.821	0.0338	0.0024	0.0032	0.0002	0.0004	0.8241	0.5533	0.007	0.0005	0.5917	0.0006	0.0	0.4879	0.0008	0.0
5perc_10repeat	0.8	0.1789	0.8201	0.0291	0.0021	0.0	0.0	0.0	0.8241	0.7944	0.007	0.0005	0.8314	0.0006	0.0	0.274	0.0013	0.0
15perc_10repeat	0.8	0.1807	0.8172	0.0343	0.0024	0.0	0.0	0.0	0.8148	0.7362	0.0072	0.0005	0.7648	0.0006	0.0	0.2951	0.0011	0.0
60perc_5repeat	0.8	0.1472	0.8277	0.0318	0.0022	0.5485	0.2426	0.3364	0.8285	0.4995	0.0068	0.0005	0.5532	0.0005	0.0	0.5545	0.0008	0.0
90perc_2repeat	0.8	0.1589	0.8006	0.0315	0.0022	0.4269	0.3627	0.3922	0.802	0.4364	0.0051	0.0004	0.6585	0.0008	0.0	0.7393	0.0009	0.0
30perc_10repeat	0.7	0.17	0.8231	0.0227	0.0016	0.0	0.0	0.0	0.8221	0.6471	0.0064	0.0005	0.6675	0.0006	0.0	0.3694	0.0008	0.0
100perc_10repeat	0.7	0.7854	0.1796	0.0271	0.0019	0.1796	0.9998	0.3045	0.1779	0.236	0.0094	0.0007	0.4827	0.0017	0.0	0.8533	0.001	0.0
5perc_2repeat	0.9	0.1769	0.8221	0.048	0.0034	0.0	0.0	0.0	0.8333	0.8009	0.006	0.0004	0.8383	0.0005	0.0	0.2727	0.0012	0.0
30perc_5repeat	0.8	0.1731	0.8211	0.0325	0.0023	0.0	0.0	0.0	0.8148	0.6615	0.0074	0.0005	0.6875	0.0006	0.0	0.3637	0.0009	0.0
15perc_2repeat	0.9	0.1737	0.8246	0.0506	0.0036	0.0	0.0	0.0	0.8333	0.7577	0.0079	0.0006	0.7917	0.0006	0.0	0.2941	0.0012	0.0
15perc_10repeat	0.7	0.1768	0.821	0.0236	0.0017	0.0	0.0	0.0	0.8221	0.7348	0.0081	0.0006	0.7636	0.0007	0.0	0.2973	0.0014	0.0
30perc_10repeat	0.8	0.1694	0.8236	0.0315	0.0022	0.0	0.0	0.0	0.8241	0.6466	0.0062	0.0004	0.6672	0.0006	0.0	0.3681	0.0007	0.0
70perc_5repeat	0.8	0.3406	0.3975	0.1139	0.0081	0.2073	0.811	0.3302	0.3887	0.4475	0.0068	0.0005	0.5283	0.0005	0.0	0.6227	0.0007	0.0
100perc_2repeat	0.8	0.173	0.7878	0.0336	0.0024	0.3964	0.382	0.389	0.79	0.3929	0.0027	0.0002	0.7023	0.001	0.0	0.8122	0.0008	0.0
70perc_2repeat	0.8	0.1421	0.8313	0.0353	0.0025	0.6357	0.1231	0.2063	0.8315	0.5218	0.0076	0.0005	0.6353	0.0006	0.0	0.5998	0.0011	0.0
40perc_2repeat	0.9	0.1691	0.8242	0.0457	0.0032	0.0	0.0	0.0	0.8333	0.6509	0.0082	0.0006	0.6948	0.0006	0.0	0.4082	0.001	0.0
50perc_10repeat	0.7	0.1473	0.8208	0.0268	0.0019	0.0285	0.0012	0.0024	0.8213	0.5287	0.0058	0.0004	0.5518	0.0005	0.0	0.4938	0.0006	0.0
30perc_2repeat	0.9	0.1715	0.8248	0.0512	0.0036	0.0	0.0	0.0	0.8148	0.693	0.0082	0.0006	0.7299	0.0006	0.0	0.3546	0.0011	0.0
40perc_10repeat	0.8	0.164	0.8206	0.0304	0.0021	0.0	0.0	0.0	0.8241	0.5887	0.0053	0.0004	0.6083	0.0005	0.0	0.4282	0.0006	0.0
80perc_5repeat	0.8	0.5794	0.197	0.0428	0.003	0.1785	0.9796	0.302	0.1944	0.3932	0.0055	0.0004	0.5163	0.0005	0.0	0.6947	0.0006	0.0
90perc_5repeat	0.8	0.643	0.2023	0.0402	0.0028	0.1802	0.9805	0.3044	0.1991	0.3392	0.0056	0.0004	0.5287	0.0007	0.0	0.7673	0.0007	0.0
50perc_10repeat	0.8	0.146	0.8228	0.0314	0.0022	0.0212	0.0013	0.0024	0.8241	0.53	0.0054	0.0004	0.553	0.0005	0.0	0.4927	0.0006	0.0
100perc_5repeat	0.8	0.5897	0.2794	0.0675	0.0048	0.1862	0.9106	0.3092	0.2765	0.2856	0.0054	0.0004	0.5775	0.0011	0.0	0.8406	0.0007	0.0
80perc_2repeat	0.9	0.1441	0.8227	0.0475	0.0034	0.5332	0.2888	0.3747	0.8267	0.4787	0.0066	0.0005	0.6386	0.0005	0.0	0.6693	0.0009	0.0
80perc_10repeat	0.7	0.7608	0.177	0.0253	0.0018	0.177	1.0	0.3008	0.1779	0.355	0.0068	0.0005	0.4397	0.0006	0.0	0.7026	0.0007	0.0
90perc_2repeat	0.9	0.1592	0.8023	0.048	0.0034	0.4238	0.3413	0.3781	0.8044	0.4364	0.0049	0.0003	0.6587	0.0006	0.0	0.7394	0.0008	0.0
50perc_2repeat	0.9	0.1641	0.8234	0.0481	0.0034	0.0	0.0	0.0	0.8333	0.6077	0.0087	0.0006	0.6659	0.0006	0.0	0.4678	0.001	0.0
70perc_2repeat	0.9	0.1372	0.837	0.0483	0.0034	0.5535	0.1693	0.2593	0.84	0.5208	0.0076	0.0005	0.635	0.0004	0.0	0.6013	0.001	0.0
100perc_2repeat	0.9	0.1701	0.7909	0.0555	0.0039	0.4224	0.3759	0.3978	0.7963	0.3926	0.0017	0.0001	0.7023	0.0007	0.0	0.8123	0.0006	0.0
40perc_5repeat	0.9	0.1658	0.8219	0.0487	0.0034	0.0	0.0	0.0	0.8148	0.6077	0.0067	0.0005	0.6374	0.0005	0.0	0.4221	0.0008	0.0
70perc_10repeat	0.8	0.6575	0.1756	0.0334	0.0024	0.1756	1.0	0.2987	0.1759	0.4137	0.0055	0.0004	0.4661	0.0005	0.0	0.6305	0.0006	0.0
5perc_5repeat	0.9	0.1803	0.8186	0.0463	0.0033	0.0	0.0	0.0	0.8148	0.796	0.0058	0.0004	0.8331	0.0005	0.0	0.2743	0.0012	0.0
60perc_2repeat	0.9	0.1546	0.8199	0.0515	0.0036	0.0543	0.007	0.0125	0.8148	0.5661	0.0078	0.0005	0.6459	0.0005	0.0	0.5319	0.001	0.0
15perc_5repeat	0.9	0.1796	0.8185	0.0514	0.0036	0.0	0.0	0.0	0.8148	0.7424	0.0061	0.0004	0.7727	0.0005	0.0	0.2954	0.0009	0.0
60perc_10repeat	0.8	0.3439	0.2525	0.0911	0.0064	0.1895	0.9389	0.3153	0.2322	0.4711	0.0043	0.0003	0.5044	0.0004	0.0	0.5616	0.0005	0.0
60perc_5repeat	0.9	0.1489	0.8256	0.0509	0.0036	0.5403	0.2339	0.3265	0.8296	0.5006	0.0064	0.0005	0.5547	0.0005	0.0	0.5536	0.0007	0.0
90perc_5repeat	0.9	0.5509	0.2329	0.0671	0.0047	0.1792	0.9404	0.301	0.2333	0.3398	0.0047	0.0003	0.5281	0.0005	0.0	0.7666	0.0006	0.0
5perc_10repeat	0.9	0.1808	0.8182	0.0508	0.0036	0.0	0.0	0.0	0.8241	0.7939	0.0056	0.0004	0.8308	0.0004	0.0	0.2733	0.001	0.0
30perc_5repeat	0.9	0.1648	0.8299	0.0519	0.0037	0.0	0.0	0.0	0.8333	0.6605	0.0063	0.0004	0.6863	0.0005	0.0	0.3649	0.0008	0.0
80perc_5repeat	0.9	0.4876	0.233	0.0719	0.0051	0.1872	0.9459	0.3125	0.2341	0.3934	0.0055	0.0004	0.5168	0.0004	0.0	0.6945	0.0006	0.0
15perc_10repeat	0.9	0.1738	0.8242	0.0478	0.0034	0.0	0.0	0.0	0.8148	0.735	0.0054	0.0004	0.7635	0.0004	0.0	0.2955	0.0008	0.0
100perc_10repeat	0.8	0.7716	0.1787	0.0324	0.0023	0.1787	0.9998	0.3032	0.1759	0.2364	0.0066	0.0005	0.4818	0.0012	0.0	0.8523	0.0007	0.0
40perc_10repeat	0.9	0.1599	0.8255	0.0473	0.0033	0.0	0.0	0.0	0.8333	0.5883	0.0055	0.0004	0.6081	0.0005	0.0	0.4273	0.0006	0.0
50perc_5repeat	0.9	0.1501	0.8259	0.0466	0.0033	0.0002	0.0	0.0	0.8148	0.5544	0.0065	0.0005	0.5926	0.0005	0.0	0.4862	0.0007	0.0
70perc_5repeat	0.9	0.2919	0.4961	0.1086	0.0077	0.2269	0.7448	0.3479	0.5056	0.4471	0.0061	0.0004	0.528	0.0005	0.0	0.6231	0.0007	0.0
60perc_10repeat	0.9	0.3161	0.2919	0.1299	0.0092	0.1889	0.8948	0.3119	0.27	0.4717	0.0048	0.0003	0.5046	0.0004	0.0	0.5607	0.0005	0.0
70perc_10repeat	0.9	0.6345	0.1763	0.0455	0.0032	0.1763	1.0	0.2997	0.1852	0.4132	0.0048	0.0003	0.4651	0.0004	0.0	0.6308	0.0005	0.0
100perc_5repeat	0.9	0.4651	0.3932	0.0746	0.0053	0.2055	0.8382	0.3301	0.39	0.2854	0.0035	0.0002	0.5783	0.0007	0.0	0.8415	0.0005	0.0
80perc_10repeat	0.9	0.7345	0.1771	0.0523	0.0037	0.1771	1.0	0.301	0.1852	0.3547	0.0047	0.0003	0.4398	0.0004	0.0	0.7035	0.0005	0.0
90perc_10repeat	0.9	0.7618	0.18	0.0522	0.0037	0.18	1.0	0.3051	0.1852	0.2963	0.0046	0.0003	0.4386	0.0005	0.0	0.7769	0.0005	0.0
80perc_10repeat	0.8	0.7485	0.1777	0.033	0.0023	0.1777	1.0	0.3018	0.1759	0.3549	0.0055	0.0004	0.4395	0.0005	0.0	0.7028	0.0006	0.0
100perc_10repeat	0.9	0.745	0.1854	0.0452	0.0032	0.1854	0.9999	0.3129	0.1852	0.2359	0.0041	0.0003	0.4808	0.0008	0.0	0.8529	0.0004	0.0
30perc_10repeat	0.9	0.1734	0.8191	0.0515	0.0036	0.0	0.0	0.0	0.8148	0.647	0.0053	0.0004	0.6675	0.0004	0.0	0.3682	0.0006	0.0
90perc_10repeat	0.8	0.7768	0.1771	0.0306	0.0022	0.1771	1.0	0.301	0.1759	0.2955	0.0056	0.0004	0.439	0.0007	0.0	0.7778	0.0006	0.0
50perc_10repeat	0.9	0.1476	0.8195	0.0493	0.0035	0.0103	0.0011	0.002	0.8148	0.5301	0.0046	0.0003	0.5539	0.0004	0.0	0.4926	0.0005	0.0
